-0.0008783
-0.0008243
-0.0008711
-0.0008257
-0.0008616
-0.0007866
-0.0008173
-0.0007877
-0.0008496
-0.0008153
-0.0008938
-0.0008584
-0.0008955
-0.0007613
-0.0006127
-0.0004833
-0.0005106
-0.0005515
-0.0007578
-0.0007178
-0.0007825
-0.0004790
-0.0001152
0.0004552
0.0008569
0.0004315
0.0000776
0.0003118
0.0003415
0.0002915
0.0000518
0.0001641
0.0002938
0.0002886
-0.0000665
-0.0007850
-0.0007876
-0.0002265
-0.0001560
-0.0004898
-0.0010502
-0.0011608
-0.0012200
-0.0011773
-0.0011797
-0.0011547
0.0000736
0.0022295
0.0037528
0.0052867
0.0064753
0.0074079
0.0059054
0.0060875
0.0040179
0.0022453
0.0014246
0.0011310
0.0005645
-0.0009647
-0.0024163
-0.0036381
-0.0041233
-0.0039533
-0.0043674
-0.0041318
-0.0014946
0.0027018
0.0040133
0.0035948
0.0016624
-0.0006177
-0.0045313
-0.0071267
-0.0097861
-0.0105379
-0.0085249
-0.0032748
-0.0006691
0.0001123
0.0014616
0.0031368
0.0048890
0.0056821
0.0053815
0.0057303
0.0040403
0.0024785
-0.0017586
-0.0076057
-0.0124785
-0.0138439
-0.0144456
-0.0153731
-0.0173032
-0.0162025
-0.0138957
-0.0123353
-0.0111968
-0.0081400
-0.0026260
0.0037832
0.0079555
0.0107800
0.0154872
0.0204372
0.0192931
0.0148516
0.0081183
-0.0002683
-0.0070288
-0.0083180
-0.0054667
-0.0004767
0.0049289
0.0114100
0.0159083
0.0158144
0.0133024
0.0107091
0.0088839
0.0076475
0.0047579
0.0007701
-0.0046517
-0.0107093
-0.0150258
-0.0176765
-0.0174779
-0.0125307
-0.0088633
-0.0062832
-0.0011034
0.0047433
0.0086770
0.0092487
0.0063778
0.0027386
0.0004151
-0.0015625
-0.0024199
-0.0000014
0.0044670
0.0078047
0.0083716
0.0084191
0.0066982
0.0028919
-0.0008519
-0.0039527
-0.0045366
-0.0044334
-0.0034317
-0.0020340
-0.0025234
-0.0038243
-0.0037982
0.0005887
0.0023305
-0.0030872
-0.0093100
-0.0113283
-0.0125032
-0.0153796
-0.0189640
-0.0216045
-0.0177700
-0.0063973
0.0050758
0.0149851
0.0243483
0.0313892
0.0326501
0.0302817
0.0259119
0.0219133
0.0180827
0.0162300
0.0181917
0.0224836
0.0242615
0.0215587
0.0129377
0.0016965
-0.0082304
-0.0122126
-0.0132534
-0.0189098
-0.0264348
-0.0330863
-0.0403061
-0.0493918
-0.0561780
-0.0561682
-0.0473245
-0.0296533
-0.0088205
0.0059211
0.0128239
0.0126326
0.0076962
0.0028801
-0.0013615
-0.0027365
-0.0004434
0.0026469
0.0062273
0.0079400
0.0059660
0.0039020
-0.0012003
-0.0086240
-0.0180267
-0.0273914
-0.0362902
-0.0448935
-0.0537394
-0.0603748
-0.0649782
-0.0634079
-0.0562219
-0.0454509
-0.0350388
-0.0241948
-0.0109157
0.0033190
0.0122703
0.0162497
0.0140042
0.0081554
0.0026996
0.0007780
0.0064467
0.0169155
0.0341821
0.0534004
0.0659497
0.0705539
0.0666849
0.0575994
0.0482244
0.0394986
0.0314263
0.0255240
0.0286900
0.0319161
0.0235626
0.0090240
-0.0028558
-0.0138769
-0.0172940
-0.0090782
-0.0003689
0.0092296
0.0073765
0.0057748
0.0157324
0.0234110
0.0218818
0.0145007
0.0055459
0.0014859
0.0080495
0.0146121
0.0160626
0.0085121
0.0014161
-0.0104662
-0.0265873
-0.0365547
-0.0337464
-0.0206307
-0.0005103
0.0164203
0.0259523
0.0324015
0.0341201
0.0289253
0.0081914
-0.0188054
-0.0391621
-0.0434264
-0.0279794
-0.0103544
0.0059031
0.0220435
0.0280672
0.0223017
0.0153575
0.0160515
0.0249047
0.0355239
0.0426028
0.0438494
0.0365886
0.0225520
0.0135717
0.0035986
-0.0039429
-0.0051914
-0.0028031
0.0074621
0.0210603
0.0311536
0.0343254
0.0315030
0.0269744
0.0217689
0.0110729
-0.0002293
-0.0127024
-0.0238294
-0.0323712
-0.0391195
-0.0410480
-0.0334155
-0.0173526
0.0027767
0.0188470
0.0343640
0.0485471
0.0569633
0.0584348
0.0499334
0.0345343
0.0128986
-0.0094856
-0.0303707
-0.0499011
-0.0554328
-0.0448193
-0.0347694
-0.0384106
-0.0513268
-0.0622640
-0.0684413
-0.0694434
-0.0636168
-0.0519934
-0.0374891
-0.0221309
-0.0075299
0.0033627
0.0071393
0.0004981
-0.0122753
-0.0280610
-0.0410642
-0.0446752
-0.0438136
-0.0402576
-0.0363348
-0.0338682
-0.0287919
-0.0230450
-0.0160557
-0.0085965
0.0046620
0.0193769
0.0316969
0.0393619
0.0419709
0.0403684
0.0395946
0.0391299
0.0425928
0.0508510
0.0636836
0.0767837
0.0928450
0.1054418
0.1126927
0.1184042
0.1197831
0.1157939
0.0903488
0.0315293
-0.0296270
-0.0771275
-0.1114273
-0.1331640
-0.1451199
-0.1482382
-0.1422933
-0.1319908
-0.1026580
-0.0508422
-0.0083481
0.0138033
0.0197085
0.0096074
-0.0217462
-0.0587138
-0.0924423
-0.1235660
-0.1410570
-0.1510921
-0.1478408
-0.1318493
-0.0572697
0.0488513
0.1524200
0.2242654
0.2393065
0.2333950
0.1984187
0.1231618
0.0366845
-0.0564023
-0.1161588
-0.1271083
-0.1122288
-0.0671155
-0.0040592
0.0546518
0.1145710
0.1463409
0.1130094
0.0331548
-0.0474409
-0.1174187
-0.1677457
-0.2090727
-0.2411676
-0.2530860
-0.2373008
-0.1608863
-0.0309779
0.0617170
0.1242142
0.1505719
0.1532553
0.1365161
0.1211713
0.1253186
0.1344151
0.1390287
0.1403591
0.1415493
0.1406580
0.1347886
0.1231156
0.1058889
0.0791070
0.0458711
0.0258740
0.0278186
0.0414261
0.0665437
0.0922179
0.1287400
0.1604138
0.1689133
0.1609008
0.1453713
0.1363762
0.1403423
0.1496081
0.1576900
0.1651722
0.1638760
0.1531931
0.1296483
0.0983171
0.0597044
0.0176345
-0.0202975
-0.0454085
-0.0684455
-0.0875900
-0.0870013
-0.0813060
-0.0969253
-0.1202954
-0.1571250
-0.2001860
-0.2454159
-0.2802722
-0.3103080
-0.3427323
-0.3683551
-0.3978287
-0.4331691
-0.4518212
-0.4693606
-0.4900703
-0.5122886
-0.5253153
-0.5347136
-0.5387365
-0.5555129
-0.5722128
-0.5792571
-0.5568062
-0.4694921
-0.1471761
0.2057348
0.3952624
0.5348090
0.6268280
0.6676146
0.6757427
0.6885367
0.6964929
0.6851251
0.6552642
0.6066847
0.4878450
0.3419332
0.1669278
-0.0138608
-0.1112078
-0.1762669
-0.1915882
-0.1666446
-0.0636523
0.1182049
0.2486310
0.3248013
0.3777331
0.3960138
0.3852486
0.3515382
0.2942959
0.2275991
0.1514519
0.0657297
-0.0265780
-0.1186585
-0.2105018
-0.2797274
-0.3362833
-0.3766653
-0.3915097
-0.3943535
-0.3867311
-0.3636140
-0.3413220
-0.3170301
-0.2946557
-0.2806493
-0.2617097
-0.2472554
-0.2500558
-0.2387718
-0.2151533
-0.1646838
-0.0722818
-0.0080628
0.0462702
0.0856856
0.0980158
0.1020249
0.1019135
0.1008652
0.0921937
0.0757587
0.0518401
0.0266605
0.0030413
-0.0309749
-0.0695596
-0.0934968
-0.1036525
-0.0950101
-0.0610108
-0.0057169
0.0436504
0.0954047
0.1408059
0.1731847
0.1896115
0.1985083
0.2001903
0.1905493
0.1849701
0.1916706
0.1882069
0.1738769
0.1553389
0.1324738
0.1115401
0.0871235
0.0639842
0.0491455
0.0493600
0.0552556
0.0499379
0.0391677
0.0295085
0.0229420
0.0213428
0.0307379
0.0365280
0.0322735
0.0283743
0.0266045
0.0308130
0.0447615
0.0533831
0.0437839
0.0317783
0.0238490
0.0247617
0.0217601
0.0107719
-0.0052963
-0.0278404
-0.0623580
-0.0942987
-0.1211014
-0.1430135
-0.1509461
-0.1513117
-0.1379163
-0.1051168
-0.0603520
-0.0240457
-0.0067665
-0.0070135
-0.0229180
-0.0473369
-0.0742854
-0.0908967
-0.1041952
-0.1177548
-0.1200601
-0.1152577
-0.1027206
-0.0822111
-0.0492254
-0.0010727
0.0595236
0.1154744
0.1602982
0.1935635
0.2196284
0.2430793
0.2673626
0.2925244
0.3123512
0.3242855
0.3265873
0.3177598
0.2994401
0.2852921
0.2807592
0.2839945
0.2886200
0.2925128
0.2941731
0.2950748
0.2913423
0.2796118
0.2441443
0.2045802
0.1505546
0.0732407
-0.0053836
-0.0712872
-0.1342259
-0.1903932
-0.2326638
-0.2743202
-0.3074917
-0.3374378
-0.3656616
-0.3849191
-0.3966409
-0.4007043
-0.3936166
-0.3705125
-0.3318963
-0.2899624
-0.2502408
-0.2096594
-0.1688526
-0.1344304
-0.1225820
-0.1248681
-0.1253535
-0.1290438
-0.1315145
-0.1389099
-0.1533318
-0.1736529
-0.1897516
-0.2105784
-0.2316667
-0.2432788
-0.2277378
-0.1968321
-0.1645031
-0.1400199
-0.1096362
-0.0792122
-0.0443588
0.0015421
0.0418368
0.0563053
0.0530513
0.0467978
0.0302853
0.0028629
-0.0219305
-0.0300691
-0.0241055
-0.0099295
0.0204232
0.0599932
0.0939955
0.1292709
0.1637546
0.1989678
0.2251671
0.2388946
0.2550006
0.2748289
0.3019024
0.3240196
0.3478563
0.3702726
0.3915184
0.4046867
0.4106603
0.4101329
0.4118915
0.4130980
0.4163218
0.4161065
0.4122643
0.4034368
0.3881342
0.3552157
0.3120246
0.2699506
0.2285166
0.1845323
0.1399269
0.1050253
0.0695828
0.0231542
-0.0072333
-0.0606682
-0.1263206
-0.1786063
-0.2256642
-0.2589902
-0.2801783
-0.2887688
-0.2865811
-0.2796899
-0.2693220
-0.2662051
-0.2714476
-0.2811739
-0.2857878
-0.2888598
-0.2865608
-0.2798387
-0.2660794
-0.2387675
-0.1658383
-0.0755021
0.0089875
0.0634037
0.0899664
0.0997878
0.0995719
0.0967169
0.0883320
0.0789782
0.0686389
0.0597802
0.0499058
0.0355691
0.0150016
-0.0139000
-0.0504004
-0.0839107
-0.1196836
-0.1493393
-0.1699912
-0.1849990
-0.1954001
-0.2037595
-0.2094860
-0.2134944
-0.2149481
-0.2198322
-0.2250645
-0.2306191
-0.2345206
-0.2406633
-0.2468624
-0.2558922
-0.2637905
-0.2688235
-0.2346738
-0.1741933
-0.1127999
-0.0587624
0.0042350
0.0555371
0.0896095
0.1072871
0.1197245
0.1328271
0.1441067
0.1519707
0.1568808
0.1500213
0.1356177
0.1219545
0.1172334
0.1229747
0.1262073
0.1023626
0.0732736
0.0116010
-0.0520503
-0.1156931
-0.1693583
-0.2063128
-0.2316378
-0.2537088
-0.2623470
-0.2549789
-0.2344238
-0.1995242
-0.1651433
-0.1306659
-0.1071248
-0.1007768
-0.1102859
-0.1336076
-0.1601349
-0.1711978
-0.1737324
-0.1579790
-0.1334689
-0.0819448
-0.0221994
0.0259625
0.0611832
0.0805212
0.0902528
0.0925898
0.0928142
0.0945690
0.0978951
0.1033231
0.1111709
0.1222674
0.1384447
0.1607736
0.1862576
0.2064789
0.2164191
0.2063055
0.1902415
0.1771454
0.1682269
0.1679365
0.1728625
0.1784546
0.1747410
0.1372007
0.0831144
0.0302194
-0.0329327
-0.0836814
-0.1294759
-0.1674582
-0.1929162
-0.2090915
-0.2127994
-0.2047825
-0.1669047
-0.0948439
-0.0341865
0.0048273
0.0310801
0.0542534
0.0739346
0.0881973
0.0956006
0.0980220
0.0999965
0.0987153
0.0884706
0.0721948
0.0558024
0.0510173
0.0580348
0.0716065
0.0905511
0.1012498
0.0978014
0.0842925
0.0591407
0.0298294
0.0012984
-0.0270890
-0.0449636
-0.0525532
-0.0550412
-0.0517608
-0.0462799
-0.0402661
-0.0308013
-0.0135546
0.0135063
0.0395356
0.0668344
0.0898612
0.1045449
0.1124359
0.1152253
0.1133524
0.1045566
0.0920890
0.0617836
0.0231748
-0.0142731
-0.0496423
-0.0858782
-0.1045586
-0.1068212
-0.0989243
-0.0721954
-0.0365913
-0.0056712
0.0276274
0.0491040
0.0574561
0.0614255
0.0607984
0.0583196
0.0520804
0.0455081
0.0401843
0.0389050
0.0415731
0.0459445
0.0559621
0.0662769
0.0787775
0.0900210
0.0973567
0.1038338
0.1077707
0.1087956
0.1066907
0.1000924
0.0855996
0.0634484
0.0359697
0.0086679
-0.0118004
-0.0204941
-0.0239660
-0.0190048
-0.0071459
0.0059105
0.0224203
0.0392357
0.0487969
0.0527340
0.0504270
0.0385964
0.0141734
-0.0138786
-0.0402984
-0.0672447
-0.0911999
-0.1043537
-0.1083397
-0.1081354
-0.1031162
-0.0935765
-0.0851972
-0.0751195
-0.0663836
-0.0641219
-0.0684060
-0.0769082
-0.0880693
-0.1005039
-0.1108101
-0.1157584
-0.1189130
-0.1225334
-0.1237677
-0.1255894
-0.1263291
-0.1229153
-0.1163654
-0.0989715
-0.0654081
-0.0327862
-0.0006694
0.0265553
0.0371666
0.0413094
0.0398697
0.0355258
0.0335522
0.0340751
0.0371968
0.0415445
0.0462623
0.0568995
0.0697699
0.0795257
0.0826264
0.0756075
0.0533977
0.0259161
0.0004255
-0.0147682
-0.0235474
-0.0338696
-0.0458019
-0.0631159
-0.0832765
-0.1038665
-0.1218895
-0.1347419
-0.1438776
-0.1509158
-0.1529402
-0.1507727
-0.1448829
-0.1318997
-0.1139781
-0.0948553
-0.0785102
-0.0660826
-0.0555228
-0.0497522
-0.0449253
-0.0397473
-0.0323895
-0.0226595
-0.0086202
0.0071178
0.0208311
0.0336488
0.0511586
0.0743335
0.0953424
0.1106536
0.1280706
0.1421984
0.1525226
0.1580527
0.1591494
0.1552768
0.1439707
0.1233036
0.0937630
0.0630533
0.0330723
0.0035213
-0.0255502
-0.0479124
-0.0625869
-0.0720590
-0.0754261
-0.0744870
-0.0665337
-0.0521646
-0.0278544
-0.0018120
0.0185068
0.0277707
0.0303264
0.0271651
0.0219111
0.0168785
0.0110723
0.0049725
0.0004287
-0.0003077
0.0043325
0.0156996
0.0319588
0.0459971
0.0526746
0.0557436
0.0573951
0.0566327
0.0527845
0.0443485
0.0325050
0.0193990
0.0060529
-0.0050534
-0.0114214
-0.0108722
0.0009206
0.0298523
0.0618162
0.0847747
0.0978372
0.1062455
0.1093517
0.1054509
0.0965507
0.0793149
0.0592436
0.0433182
0.0364771
0.0352084
0.0352209
0.0382360
0.0427048
0.0460285
0.0481262
0.0460624
0.0411906
0.0361916
0.0316315
0.0271677
0.0230684
0.0231264
0.0245965
0.0263688
0.0240298
0.0185853
0.0107086
0.0032090
-0.0023102
-0.0073040
-0.0114546
-0.0155281
-0.0197537
-0.0244120
-0.0268456
-0.0271823
-0.0278424
-0.0274267
-0.0270596
-0.0252138
-0.0229095
-0.0224355
-0.0235284
-0.0271349
-0.0345800
-0.0436285
-0.0512302
-0.0544151
-0.0547997
-0.0520657
-0.0475445
-0.0426258
-0.0381363
-0.0356198
-0.0332197
-0.0296913
-0.0236510
-0.0131428
0.0011619
0.0166182
0.0338724
0.0494242
0.0615681
0.0688804
0.0719591
0.0700179
0.0638923
0.0556298
0.0476856
0.0377680
0.0270878
0.0194867
0.0165720
0.0207197
0.0302220
0.0404797
0.0478541
0.0520165
0.0533344
0.0505949
0.0462091
0.0410903
0.0346508
0.0274138
0.0213273
0.0147556
0.0080991
-0.0000982
-0.0092186
-0.0170662
-0.0207800
-0.0215964
-0.0230686
-0.0237153
-0.0256974
-0.0296166
-0.0324043
-0.0369670
-0.0420082
-0.0491668
-0.0592807
-0.0676774
-0.0741226
-0.0800846
-0.0805840
-0.0792408
-0.0729154
-0.0637335
-0.0529454
-0.0443592
-0.0379557
-0.0327921
-0.0291218
-0.0282151
-0.0288795
-0.0280690
-0.0274005
-0.0262656
-0.0248572
-0.0247861
-0.0260971
-0.0265238
-0.0269098
-0.0266892
-0.0254141
-0.0246714
-0.0228615
-0.0208100
-0.0185947
-0.0177605
-0.0170782
-0.0140329
-0.0121245
-0.0094345
-0.0066294
-0.0039866
-0.0005871
0.0048759
0.0097696
0.0135037
0.0174216
0.0189041
0.0185090
0.0181931
0.0149984
0.0103475
0.0023930
-0.0049992
-0.0096233
-0.0116213
-0.0089995
-0.0003082
0.0112242
0.0237048
0.0328132
0.0369125
0.0375998
0.0352116
0.0310542
0.0251667
0.0200300
0.0167947
0.0142808
0.0125577
0.0102216
0.0078286
0.0060169
0.0041747
0.0022307
-0.0017403
-0.0048456
-0.0059689
-0.0026826
0.0029238
0.0128152
0.0229163
0.0321187
0.0402094
0.0481045
0.0543347
0.0555507
0.0559578
0.0539793
0.0509459
0.0455824
0.0418981
0.0385322
0.0385275
0.0429669
0.0484714
0.0574139
0.0682063
0.0749530
0.0773010
0.0748822
0.0678263
0.0569862
0.0422363
0.0247527
0.0092751
-0.0075468
-0.0281418
-0.0453915
-0.0586408
-0.0688005
-0.0741031
-0.0751696
-0.0726586
-0.0673236
-0.0605478
-0.0544959
-0.0456399
-0.0370978
-0.0318471
-0.0267946
-0.0234221
-0.0206399
-0.0171185
-0.0126661
-0.0113334
-0.0093547
-0.0059380
-0.0032385
0.0008836
0.0065291
0.0101698
0.0142748
0.0167910
0.0140972
0.0044193
-0.0081247
-0.0253621
-0.0394619
-0.0487937
-0.0519069
-0.0478856
-0.0379694
-0.0225333
-0.0073634
0.0030247
0.0091332
0.0086892
0.0015980
-0.0085946
-0.0185648
-0.0281183
-0.0351011
-0.0391644
-0.0410442
-0.0417774
-0.0413763
-0.0416618
-0.0412708
-0.0406493
-0.0389273
-0.0356285
-0.0279966
-0.0184255
-0.0069454
0.0034781
0.0120926
0.0179390
0.0209131
0.0218058
0.0222995
0.0244321
0.0251021
0.0265533
0.0281801
0.0267708
0.0237545
0.0190695
0.0160223
0.0113880
0.0082419
0.0075498
0.0073663
0.0061608
0.0048126
0.0025035
0.0008912
0.0009717
0.0010722
-0.0011863
-0.0034343
-0.0064974
-0.0095801
-0.0117554
-0.0133989
-0.0129548
-0.0125027
-0.0086674
-0.0044505
-0.0018285
0.0003532
0.0003294
0.0000956
-0.0016682
-0.0043797
-0.0066354
-0.0079445
-0.0063919
-0.0017050
0.0049176
0.0116072
0.0171082
0.0189207
0.0194621
0.0179157
0.0139887
0.0104783
0.0089195
0.0084099
0.0093334
0.0118800
0.0145026
0.0180999
0.0235609
0.0312928
0.0400579
0.0474461
0.0539998
0.0590628
0.0602757
0.0563562
0.0480033
0.0345098
0.0222335
0.0123233
0.0064497
0.0027523
-0.0007696
-0.0051332
-0.0105357
-0.0153762
-0.0174644
-0.0173201
-0.0134873
-0.0050260
0.0028932
0.0094983
0.0143694
0.0163567
0.0143603
0.0123597
0.0125792
0.0118996
0.0134947
0.0148172
0.0149962
0.0138525
0.0087786
0.0008158
-0.0072034
-0.0165127
-0.0234654
-0.0293867
-0.0342225
-0.0379089
-0.0399673
-0.0417658
-0.0401918
-0.0373034
-0.0338595
-0.0311174
-0.0290049
-0.0295893
-0.0319411
-0.0361643
-0.0413045
-0.0479582
-0.0550408
-0.0611849
-0.0659401
-0.0689883
-0.0703319
-0.0677611
-0.0601737
-0.0477688
-0.0295017
-0.0113837
0.0040518
0.0149175
0.0199682
0.0217133
0.0207079
0.0170056
0.0104616
0.0032818
-0.0054488
-0.0123938
-0.0180231
-0.0189039
-0.0185340
-0.0173529
-0.0145718
-0.0103669
-0.0053606
-0.0000272
0.0055866
0.0125127
0.0193640
0.0244209
0.0265673
0.0266157
0.0243874
0.0232079
0.0224576
0.0221592
0.0206077
0.0173943
0.0126556
0.0073929
0.0037984
0.0010564
0.0021475
0.0045898
0.0078564
0.0130346
0.0174974
0.0206804
0.0237025
0.0260707
0.0260233
0.0254655
0.0251128
0.0256359
0.0290763
0.0341825
0.0398466
0.0450782
0.0489056
0.0527497
0.0539300
0.0531302
0.0512871
0.0470485
0.0391219
0.0303691
0.0187291
0.0075370
-0.0012585
-0.0071324
-0.0062328
-0.0013094
0.0065051
0.0149544
0.0220211
0.0270909
0.0298059
0.0297368
0.0280057
0.0226469
0.0161596
0.0092348
0.0020507
-0.0041241
-0.0093951
-0.0128998
-0.0135930
-0.0161013
-0.0166753
-0.0171230
-0.0178249
-0.0190343
-0.0187042
-0.0201316
-0.0212731
-0.0209275
-0.0205592
-0.0206985
-0.0189958
-0.0167822
-0.0166296
-0.0156665
-0.0141459
-0.0129752
-0.0133252
-0.0158319
-0.0189321
-0.0247924
-0.0302307
-0.0358383
-0.0398381
-0.0398103
-0.0366325
-0.0280701
-0.0175166
-0.0070187
0.0009835
0.0091603
0.0167006
0.0239285
0.0300606
0.0349717
0.0363363
0.0345813
0.0299994
0.0209526
0.0116266
0.0041267
-0.0029763
-0.0076331
-0.0111626
-0.0126325
-0.0151198
-0.0156387
-0.0173006
-0.0205645
-0.0238759
-0.0286445
-0.0340348
-0.0397488
-0.0461196
-0.0488800
-0.0496044
-0.0484264
-0.0445264
-0.0366167
-0.0292439
-0.0198125
-0.0091376
0.0011617
0.0113022
0.0204180
0.0259932
0.0277635
0.0273434
0.0213944
0.0136362
0.0061261
0.0009124
-0.0037467
-0.0049473
-0.0004122
0.0075386
0.0185531
0.0292422
0.0359741
0.0391991
0.0386591
0.0343530
0.0276087
0.0198423
0.0132164
0.0077946
0.0043914
0.0023989
0.0040539
0.0076857
0.0121806
0.0165415
0.0210086
0.0245708
0.0283798
0.0286791
0.0250577
0.0187662
0.0078292
-0.0067192
-0.0216338
-0.0326821
-0.0402833
-0.0452246
-0.0466251
-0.0432230
-0.0391898
-0.0338484
-0.0281289
-0.0228119
-0.0182201
-0.0135567
-0.0094823
-0.0100659
-0.0148217
-0.0222503
-0.0317498
-0.0404224
-0.0468131
-0.0501838
-0.0508407
-0.0499213
-0.0459429
-0.0380801
-0.0309675
-0.0239159
-0.0205947
-0.0205541
-0.0222069
-0.0230616
-0.0251200
-0.0252757
-0.0216707
-0.0177054
-0.0124873
-0.0053908
0.0019913
0.0082742
0.0135778
0.0176628
0.0194475
0.0178647
0.0133212
0.0090578
0.0045271
0.0005810
-0.0023589
-0.0027503
-0.0042276
-0.0071865
-0.0078654
-0.0066972
-0.0022085
0.0029997
0.0070465
0.0099070
0.0118930
0.0135915
0.0141073
0.0141772
0.0127121
0.0112278
0.0093783
0.0091699
0.0092921
0.0127294
0.0164606
0.0204291
0.0243354
0.0274176
0.0277365
0.0263348
0.0232272
0.0174565
0.0087418
-0.0008390
-0.0095052
-0.0178966
-0.0236555
-0.0289610
-0.0310390
-0.0327482
-0.0313785
-0.0284148
-0.0253781
-0.0244510
-0.0220435
-0.0203553
-0.0226905
-0.0229729
-0.0236119
-0.0236122
-0.0200705
-0.0158967
-0.0094671
-0.0002987
0.0090297
0.0184437
0.0249894
0.0282847
0.0284763
0.0276008
0.0272685
0.0274540
0.0270854
0.0275957
0.0279733
0.0281513
0.0275101
0.0247998
0.0234979
0.0241092
0.0260077
0.0274257
0.0281407
0.0270939
0.0253202
0.0231860
0.0201804
0.0162773
0.0119703
0.0081121
0.0044092
0.0016085
-0.0025845
-0.0041652
-0.0023817
-0.0004722
0.0018137
0.0048302
0.0085868
0.0100703
0.0116039
0.0125625
0.0117477
0.0092766
0.0051336
0.0012726
-0.0027859
-0.0069847
-0.0098318
-0.0116841
-0.0116461
-0.0116616
-0.0138650
-0.0176384
-0.0207918
-0.0240788
-0.0258352
-0.0263515
-0.0262022
-0.0236617
-0.0199836
-0.0156950
-0.0111406
-0.0073330
-0.0054803
-0.0033388
-0.0019941
-0.0024297
-0.0013355
0.0008966
0.0037562
0.0095556
0.0155817
0.0221036
0.0291413
0.0343835
0.0383571
0.0410289
0.0419400
0.0408074
0.0384913
0.0344365
0.0274082
0.0214593
0.0145987
0.0076838
0.0040247
0.0023295
0.0021249
0.0030165
0.0050325
0.0048404
0.0040991
0.0029203
0.0013067
0.0001724
-0.0006498
-0.0006967
-0.0007167
-0.0010496
-0.0015237
-0.0022290
-0.0040169
-0.0056136
-0.0072969
-0.0065986
-0.0036086
-0.0004015
0.0026076
0.0064730
0.0088104
0.0097722
0.0092661
0.0087255
0.0062445
0.0037570
0.0014363
-0.0022037
-0.0069905
-0.0101741
-0.0128004
-0.0149599
-0.0174043
-0.0188116
-0.0192971
-0.0191347
-0.0171097
-0.0150111
-0.0126353
-0.0099550
-0.0077439
-0.0055961
-0.0026319
0.0003301
0.0010586
0.0001254
-0.0013446
-0.0044235
-0.0091741
-0.0125623
-0.0142223
-0.0143022
-0.0140754
-0.0122458
-0.0094009
-0.0058346
-0.0016933
0.0029645
0.0081957
0.0118013
0.0138576
0.0149708
0.0143132
0.0133296
0.0128957
0.0125218
0.0116806
0.0098514
0.0079617
0.0064347
0.0052713
0.0048855
0.0049533
0.0052102
0.0050154
0.0049529
0.0039243
0.0024015
0.0008239
-0.0004223
-0.0013405
-0.0018203
-0.0018927
-0.0016285
-0.0007402
0.0001140
0.0010610
0.0019170
0.0025146
0.0029365
0.0032924
0.0033085
0.0032238
0.0028176
0.0023274
0.0019009
0.0014810
0.0013209
0.0014885
0.0016456
0.0018363
0.0019501
0.0019497
0.0018768
0.0018166
0.0016382
0.0014346
0.0012494
0.0010327
0.0007592
0.0004236
0.0001227
-0.0001737
-0.0004475
-0.0006944
-0.0009316
-0.0011725
-0.0014228
-0.0016507
-0.0018539
-0.0020349
-0.0021784
-0.0023077
-0.0024361
-0.0025568
-0.0026801
-0.0027975
-0.0029060
-0.0030137
-0.0031097
-0.0031955
-0.0032736
-0.0033420
-0.0034024
-0.0034517
-0.0034906
-0.0035212
-0.0035422
-0.0035557
-0.0035616
-0.0035597
-0.0035504
-0.0035337
-0.0035101
-0.0034798
-0.0034433
-0.0034008
-0.0033527
-0.0032991
-0.0032403
-0.0031764
-0.0031075
