0.0001109
-0.0001022
0.0001113
-0.0001038
0.0001166
-0.0000899
0.0001333
-0.0000838
0.0001413
-0.0000751
0.0001540
-0.0000664
0.0001672
-0.0000598
0.0001683
-0.0001726
0.0001303
0.0000366
0.0003271
0.0001210
0.0003504
0.0000312
0.0001938
-0.0000128
0.0002117
-0.0000166
0.0000282
-0.0005229
-0.0003795
-0.0005896
-0.0002346
-0.0000398
0.0003894
0.0000439
-0.0002307
-0.0015287
-0.0019930
-0.0012763
0.0009698
0.0023142
0.0025585
0.0010728
0.0009696
0.0004668
0.0012708
0.0022455
0.0029368
0.0019175
0.0011062
-0.0005295
-0.0022304
-0.0028300
-0.0015499
-0.0002890
0.0010880
0.0001680
-0.0023119
-0.0043580
-0.0036704
-0.0019763
0.0029269
0.0074190
0.0100236
0.0102031
0.0081428
0.0025064
-0.0016195
-0.0125594
-0.0183739
-0.0138319
-0.0053656
-0.0018950
0.0002911
0.0033325
0.0040651
0.0009269
-0.0081224
-0.0135128
-0.0099654
-0.0003502
0.0068489
0.0080083
0.0060841
0.0042602
0.0089301
0.0145277
0.0194620
0.0210932
0.0181800
0.0094659
-0.0034719
-0.0219977
-0.0378333
-0.0389718
-0.0150458
0.0127937
0.0256362
0.0079165
-0.0173793
-0.0369625
-0.0304930
-0.0021239
0.0253957
0.0361169
0.0354651
0.0344937
0.0263150
0.0106711
0.0009284
-0.0006975
0.0034539
0.0029640
-0.0058844
-0.0161051
-0.0164351
-0.0099833
-0.0056074
-0.0046914
-0.0089370
-0.0163730
-0.0300671
-0.0415127
-0.0452126
-0.0451836
-0.0332239
-0.0098452
0.0142064
0.0201073
0.0118303
0.0013201
-0.0024869
0.0099880
0.0407373
0.0485225
0.0360488
0.0246277
0.0200608
0.0197877
0.0200765
0.0173423
0.0059531
-0.0074619
-0.0110704
-0.0117347
-0.0141397
-0.0176723
-0.0226290
-0.0263494
-0.0225095
-0.0097350
-0.0001134
0.0001806
-0.0000566
0.0036704
0.0155391
0.0301404
0.0393527
0.0362907
0.0239195
0.0147520
0.0081683
-0.0103333
-0.0295099
-0.0354402
-0.0357246
-0.0309317
-0.0265277
-0.0214039
-0.0128773
-0.0059727
-0.0056314
-0.0133642
-0.0274345
-0.0292831
-0.0225453
-0.0202859
-0.0134713
0.0031866
0.0157587
0.0276613
0.0419231
0.0461598
0.0422868
0.0357942
0.0302298
0.0271303
0.0285087
0.0280249
0.0263999
0.0103934
-0.0054498
-0.0093844
-0.0152419
-0.0237903
-0.0276943
-0.0286704
-0.0223890
-0.0173071
-0.0131641
-0.0070277
0.0020109
0.0141320
0.0208141
0.0210437
0.0208625
0.0164230
0.0142726
0.0100730
0.0021388
-0.0044343
-0.0095440
-0.0148565
-0.0174936
-0.0186782
-0.0198456
-0.0210398
-0.0273667
-0.0388841
-0.0445050
-0.0416154
-0.0281555
-0.0048971
0.0103022
0.0129366
0.0104875
0.0040489
0.0002837
-0.0050511
-0.0100453
-0.0086548
-0.0020614
0.0257924
0.0491523
0.0480100
0.0417320
0.0325215
0.0230294
0.0155323
0.0086350
-0.0046684
-0.0185837
-0.0255080
-0.0239923
-0.0145962
-0.0027586
0.0016577
0.0014292
-0.0034170
-0.0046969
-0.0000876
0.0108429
0.0151040
0.0185732
0.0190715
0.0250833
0.0204359
0.0039776
-0.0032707
-0.0061313
-0.0287504
-0.0578396
-0.0814856
-0.1057851
-0.1107322
-0.0938877
-0.0517897
-0.0028766
0.0404016
0.0649964
0.0555686
0.0467303
0.0340946
0.0195045
0.0146228
0.0235424
0.0282167
0.0281394
0.0218165
0.0249713
0.0339513
0.0434715
0.0417248
0.0376866
0.0243510
0.0136024
0.0111587
0.0159308
0.0155929
-0.0002200
-0.0169694
-0.0131446
-0.0117452
-0.0096822
-0.0286042
-0.0573168
-0.0781741
-0.0722022
-0.0648850
-0.0620853
-0.0593230
-0.0554974
-0.0362195
0.0195969
0.0733391
0.1239645
0.1761469
0.2197296
0.2145290
0.1998175
0.1676446
0.1064532
0.0463388
-0.0081871
-0.0403243
-0.0367685
-0.0073830
0.0391109
0.0797468
0.1091401
0.0984078
0.0713847
0.0389104
0.0156745
-0.0099657
-0.0292436
-0.0439018
-0.0513215
-0.0523009
-0.0349462
-0.0268474
-0.0351206
-0.0621590
-0.1274220
-0.2066364
-0.2833674
-0.3190285
-0.2846101
-0.2648555
-0.2253738
-0.1232575
-0.0022720
0.0882901
0.1658109
0.2029922
0.1586278
0.1036939
0.1335947
0.1217798
0.0324628
-0.1128285
-0.2285181
-0.3659723
-0.3397903
-0.2865305
-0.1517004
0.0730768
0.1666316
0.2206154
0.4983429
0.5363551
0.4165169
0.3556810
0.3650171
0.4265221
0.3933998
0.2602965
0.1228672
0.0003807
-0.0642609
-0.0991334
-0.1717888
-0.1992698
-0.1793072
-0.2494258
-0.3707552
-0.4639635
-0.5509135
-0.6442720
-0.6933919
-0.6669383
-0.6324086
-0.5889950
-0.4111834
-0.1863848
-0.0067678
0.0461718
0.0351923
0.0372537
0.0318104
0.0274138
0.0229256
0.0318719
0.0514619
0.0913795
0.1129366
0.1047598
0.0649620
0.0471612
0.0509445
0.0931600
0.1738032
0.2511641
0.3225067
0.3949113
0.4552342
0.4779800
0.4637323
0.4387873
0.4234890
0.3823947
0.3001121
0.2096493
0.1747901
0.1789300
0.2178265
0.2626822
0.2693827
0.2654089
0.2620912
0.1938569
0.0922349
-0.0000610
-0.0543229
-0.0741519
-0.1062430
-0.2000400
-0.3085899
-0.4030380
-0.4966219
-0.5900426
-0.6392897
-0.6175265
-0.5837583
-0.5432680
-0.5109852
-0.4846544
-0.4576893
-0.4350115
-0.4178174
-0.4067747
-0.3937943
-0.3725383
-0.3092098
-0.2173945
-0.1373462
-0.0802748
-0.0205830
0.0698540
0.2042883
0.3314686
0.4462709
0.5680859
0.6505954
0.7047727
0.7462804
0.7139398
0.6727284
0.6529666
0.6267601
0.5867972
0.5603912
0.5900224
0.5648505
0.4580751
0.3599452
0.2766207
0.2049068
0.1386352
0.1180793
0.1236679
0.1171105
0.1040150
0.0912567
0.0839441
0.0724113
0.0228531
-0.0369677
-0.0888859
-0.1393483
-0.1875335
-0.2179898
-0.2147935
-0.2092129
-0.2087201
-0.2232641
-0.2939679
-0.3743504
-0.4446670
-0.5146902
-0.5831688
-0.6450321
-0.6611034
-0.6340501
-0.6181681
-0.5870891
-0.5643476
-0.4288139
-0.2165954
-0.0267102
0.0404324
0.0676978
0.1186594
0.1307254
0.1268167
0.1184316
0.1058194
0.1090751
0.1552956
0.2639899
0.3816548
0.4682551
0.5377192
0.6008902
0.6125095
0.5855270
0.5608580
0.5190845
0.4673809
0.4006696
0.3367211
0.2903337
0.2444001
0.1827130
0.0822092
-0.0478133
-0.1139968
-0.1198003
-0.1349831
-0.1611753
-0.1825440
-0.2050469
-0.2542319
-0.3384638
-0.4087688
-0.4806215
-0.5065939
-0.4927696
-0.4862309
-0.4249369
-0.2731614
-0.2549038
-0.2703725
-0.2954779
-0.3435964
-0.3609957
-0.3737478
-0.3978461
-0.4185457
-0.4202103
-0.4157915
-0.4023010
-0.3789628
-0.3511177
-0.3187338
-0.2823342
-0.2262581
-0.1022186
-0.0057327
0.0173339
0.0758725
0.1689870
0.2494373
0.3246005
0.3989414
0.4734990
0.5103480
0.4854535
0.4465166
0.4287156
0.4353669
0.4327847
0.4293832
0.4144766
0.3803067
0.3348137
0.2806725
0.2333213
0.1766643
0.1205165
0.0832625
0.0743554
0.0724568
0.0702020
0.0911249
0.1075304
0.1034123
0.0845042
0.0536450
0.0194809
-0.0117430
-0.0568333
-0.1334260
-0.1538882
-0.1556713
-0.2156749
-0.2826695
-0.2844020
-0.2726036
-0.2626288
-0.2432369
-0.2273693
-0.2152111
-0.2215503
-0.2416127
-0.2639697
-0.2682064
-0.2661025
-0.2533157
-0.2101160
-0.1650869
-0.1240534
-0.0858161
-0.0723559
-0.0703800
-0.0588858
-0.0449034
0.0107620
0.0973112
0.1739867
0.2488160
0.3109091
0.3343672
0.3367081
0.3343528
0.3137615
0.2285296
0.1141163
0.0623372
0.0579250
0.0546506
0.0531131
0.0581984
0.0573454
0.0491773
0.0411448
0.0379299
0.0416919
0.0557809
0.0882683
0.0746185
0.0099165
-0.0451065
-0.0986775
-0.1331969
-0.1523984
-0.1702875
-0.1616695
-0.1506282
-0.1593358
-0.1590699
-0.1624036
-0.1596884
-0.1133572
-0.0563728
-0.0114864
0.0368605
0.0612609
0.0690636
0.0947875
0.1274515
0.1526484
0.1808779
0.1897588
0.1866911
0.1880711
0.2000530
0.2204449
0.2454997
0.2537579
0.2496165
0.2431530
0.2339325
0.2203639
0.1946328
0.1568620
0.1254667
0.1182087
0.1282517
0.1352459
0.1327738
0.1196511
0.1005093
0.0748728
0.0388360
-0.0008126
-0.0992599
-0.2155449
-0.2514603
-0.2610609
-0.2755976
-0.2569412
-0.2130335
-0.1882690
-0.1806452
-0.1960619
-0.2273577
-0.2603803
-0.2913337
-0.3212538
-0.3472263
-0.3438349
-0.2430056
-0.1016607
-0.0050129
0.0117945
-0.0491741
-0.1958177
-0.3218029
-0.3208203
-0.2978246
-0.2895303
-0.2664883
-0.2367055
-0.2003290
-0.1050275
0.0034122
0.0993560
0.1608126
0.1750285
0.1809270
0.1781121
0.1478307
0.0735618
0.0016317
-0.0179306
-0.0156118
0.0093922
0.1097895
0.2173540
0.3115868
0.4042200
0.4427350
0.4362267
0.4025120
0.3430054
0.2912137
0.2373427
0.1999793
0.2234635
0.2021931
0.0929579
0.0017160
-0.0913666
-0.1496543
-0.1615611
-0.1555543
-0.1455534
-0.0119175
0.0203215
-0.0149034
-0.0520733
-0.0849778
-0.1084689
-0.1332687
-0.1594962
-0.1867879
-0.1951660
-0.1884945
-0.1807088
-0.1678093
-0.1624686
-0.1625928
-0.2132762
-0.2361694
-0.2276988
-0.2209116
-0.2096478
-0.1870856
-0.1532610
-0.1136315
-0.0758576
-0.0463075
0.0121251
0.1035986
0.1431291
0.1548881
0.1605279
0.1608950
0.1476226
0.1359509
0.0160824
-0.0707908
-0.0610534
0.0419290
0.1171064
0.1201106
0.1432869
0.1690231
0.1969521
0.2214376
0.2458913
0.2578892
0.2582706
0.2462150
0.2371476
0.1758030
0.0731637
-0.0183136
-0.1063734
-0.1561756
-0.1624483
-0.1589832
-0.1586523
-0.1100083
0.0056655
0.1134196
0.1489766
0.1365096
0.1274376
0.1000329
0.0573009
-0.0057388
-0.0235081
0.0124872
0.1572781
0.2396634
0.1990560
0.1475677
0.1135480
0.1032224
0.0900832
0.1187543
0.2003102
0.2719606
0.3145693
0.3542663
0.3877007
0.3942162
0.4082154
0.4254788
0.4379520
0.4462174
0.4359551
0.4174316
0.3951280
0.3624132
0.3231107
0.2635926
0.2016180
0.1587882
0.1354016
0.0761739
0.0123469
-0.0189179
-0.0743276
-0.1575744
-0.2351449
-0.3063559
-0.3778487
-0.4442783
-0.4929979
-0.5246564
-0.5436798
-0.5444760
-0.5427189
-0.5329926
-0.5177883
-0.4964587
-0.4694025
-0.4381240
-0.4070146
-0.3765208
-0.3494010
-0.3315581
-0.3209446
-0.3127298
-0.3082171
-0.3001106
-0.2886359
-0.2747465
-0.2625204
-0.2510702
-0.2478652
-0.2484750
-0.2512609
-0.2549327
-0.2596405
-0.2601881
-0.2643613
-0.2733853
-0.2894219
-0.3076188
-0.3275627
-0.3418711
-0.3576202
-0.3707249
-0.3846012
-0.3879998
-0.3792605
-0.3626574
-0.3411515
-0.3077286
-0.2602980
-0.1962021
-0.1352037
-0.0840350
-0.0461573
-0.0157715
0.0117045
0.0358854
0.0595107
0.0864610
0.1148648
0.1459696
0.1816567
0.2163411
0.2500659
0.2916906
0.3263056
0.3501668
0.3763156
0.4033009
0.4249124
0.4457334
0.4711466
0.4889389
0.5097873
0.5573177
0.5955076
0.6289666
0.5902363
0.5248096
0.4608524
0.4669286
0.4507735
0.3339482
0.2410173
0.1483278
0.1772538
0.2331060
0.1986340
0.1739780
0.1847143
0.2413164
0.3356908
0.3930848
0.3738345
0.3456108
0.3098976
0.1870625
0.0377239
-0.0028356
0.0047306
-0.0002354
0.0024017
0.0086614
-0.0092883
-0.0413861
-0.0711200
-0.0903613
-0.0883736
-0.0808714
-0.0690207
-0.0586940
-0.0544636
-0.0515132
-0.0539066
-0.0594996
-0.0609885
-0.0647854
-0.0697782
-0.0729448
-0.0832173
-0.0930187
-0.1031470
-0.1146856
-0.1331735
-0.1495748
-0.1651548
-0.1787870
-0.1901822
-0.1979823
-0.1945649
-0.1860741
-0.1696791
-0.1505777
-0.1283141
-0.1040695
-0.0778349
-0.0473291
-0.0271865
-0.0087373
0.0152284
0.0375428
0.0552045
0.0731869
0.0937974
0.1101255
0.1248934
0.1351377
0.1476544
0.1615958
0.1646549
0.1689826
0.1724709
0.1655074
0.1585859
0.1551034
0.1497771
0.1391110
0.1279259
0.1126229
0.0748218
0.0518420
0.0673299
0.0713540
0.0804650
0.1055080
0.0959440
-0.0253070
-0.1691242
-0.2182817
-0.2256671
-0.2278505
-0.2240487
-0.2168858
-0.2098617
-0.1935534
-0.1735301
-0.1600424
-0.1485865
-0.1361372
-0.1196450
-0.0946338
-0.0771275
-0.0620337
-0.0455843
-0.0314211
-0.0244204
-0.0241486
-0.0248877
-0.0293212
-0.0494534
-0.0860437
-0.1217074
-0.1519071
-0.1561626
-0.1523478
-0.1522250
-0.1506268
-0.1485561
-0.1503118
-0.1551208
-0.1569660
-0.1545717
-0.1456025
-0.1353501
-0.1228334
-0.1088729
-0.0909941
-0.0758515
-0.0645890
-0.0513721
-0.0407483
-0.0322950
-0.0226745
-0.0140009
-0.0054461
-0.0000577
0.0056055
0.0139393
0.0232311
0.0335246
0.0477591
0.0566122
0.0607253
0.0786966
0.1129439
0.1214723
0.1088887
0.0886386
0.0503701
0.0308273
0.0311249
0.0439219
0.0811896
0.1112144
0.1239761
0.1278715
0.1081023
0.0755141
0.0526023
0.0492079
0.0516585
0.0580565
0.0665579
0.0702354
0.0672960
0.0641959
0.0573402
0.0418030
0.0122753
-0.0209078
-0.0556097
-0.0927173
-0.1296981
-0.1611392
-0.1820584
-0.1944667
-0.2040730
-0.2082072
-0.2075699
-0.2079890
-0.2021960
-0.1910521
-0.1764648
-0.1635913
-0.1505271
-0.1333427
-0.1165952
-0.0971687
-0.0717307
-0.0371062
-0.0008342
0.0345547
0.0667239
0.0890150
0.1038802
0.1178688
0.1325296
0.1435498
0.1507829
0.1598343
0.1686358
0.1796395
0.1898210
0.2004750
0.2125653
0.2161156
0.2156330
0.2140782
0.2086016
0.2030138
0.2010848
0.2021627
0.2056076
0.2072275
0.2091710
0.2029661
0.1868530
0.1659308
0.1457586
0.1273922
0.1120025
0.0913827
0.0685647
0.0440289
0.0200316
-0.0022585
-0.0280158
-0.0516872
-0.0670661
-0.0818566
-0.1016019
-0.1198122
-0.1375842
-0.1609701
-0.1827867
-0.2069905
-0.2317390
-0.2485357
-0.2628744
-0.2745471
-0.2715502
-0.2693885
-0.2641431
-0.2541206
-0.2404812
-0.2269242
-0.2131895
-0.2013001
-0.1930751
-0.1815541
-0.1661461
-0.1443565
-0.1178916
-0.0912793
-0.0663671
-0.0467371
-0.0303964
-0.0225855
-0.0201612
-0.0219227
-0.0268071
-0.0307216
-0.0350401
-0.0371690
-0.0390877
-0.0381840
-0.0357614
-0.0338143
-0.0332471
-0.0352935
-0.0362233
-0.0354656
-0.0342400
-0.0297634
-0.0189057
-0.0036019
0.0112200
0.0304843
0.0576864
0.0813921
0.1014844
0.1185023
0.1258919
0.1347601
0.1480778
0.1593705
0.1665912
0.1768579
0.1941040
0.2103414
0.2276063
0.2443119
0.2543258
0.2544645
0.2476903
0.2391070
0.2306827
0.2202585
0.2096103
0.1946531
0.1813822
0.1731283
0.1676561
0.1675954
0.1734997
0.1816452
0.1909567
0.1904149
0.1827607
0.1735575
0.1634295
0.1446488
0.1202450
0.0934477
0.0624162
0.0310161
0.0044213
-0.0162492
-0.0338400
-0.0519527
-0.0677211
-0.0756920
-0.0761907
-0.0748777
-0.0744627
-0.0761584
-0.0788561
-0.0807196
-0.0846519
-0.0859385
-0.0863061
-0.0874907
-0.0855535
-0.0831830
-0.0811989
-0.0788427
-0.0742875
-0.0728666
-0.0735181
-0.0713928
-0.0717048
-0.0709593
-0.0688631
-0.0652995
-0.0615087
-0.0579663
-0.0572902
-0.0562505
-0.0498308
-0.0393778
-0.0288944
-0.0209185
-0.0099068
0.0009797
0.0083730
0.0132313
0.0140441
0.0099300
0.0027665
-0.0023078
-0.0051658
0.0001508
0.0118558
0.0317232
0.0568631
0.0757447
0.0892941
0.0960753
0.0876692
0.0701534
0.0519339
0.0290055
0.0107255
0.0045041
0.0041704
0.0049206
0.0052175
-0.0000505
-0.0050628
-0.0096684
-0.0080789
-0.0018455
0.0072304
0.0152735
0.0236830
0.0200557
0.0092408
-0.0011849
-0.0149182
-0.0314718
-0.0445959
-0.0552132
-0.0636748
-0.0672450
-0.0696961
-0.0742250
-0.0786606
-0.0823952
-0.0870662
-0.0933901
-0.0980665
-0.1032681
-0.1076024
-0.1113745
-0.1100743
-0.1084866
-0.1046197
-0.0993982
-0.0924117
-0.0798701
-0.0620039
-0.0448125
-0.0282990
-0.0121105
0.0015267
0.0045559
0.0071929
0.0105978
0.0095622
0.0052491
0.0023087
0.0003062
0.0000153
0.0035684
0.0076852
0.0129030
0.0164448
0.0154569
0.0083604
-0.0011101
-0.0123765
-0.0281044
-0.0413399
-0.0511050
-0.0610114
-0.0663306
-0.0692772
-0.0710521
-0.0705670
-0.0691211
-0.0659921
-0.0634602
-0.0622330
-0.0634286
-0.0617849
-0.0589661
-0.0551049
-0.0509234
-0.0444699
-0.0389871
-0.0359986
-0.0294761
-0.0284574
-0.0333632
-0.0330031
-0.0351070
-0.0377018
-0.0358490
-0.0331544
-0.0291183
-0.0234084
-0.0193337
-0.0124585
-0.0036239
0.0068955
0.0152864
0.0215977
0.0291717
0.0326528
0.0333068
0.0358415
0.0366490
0.0357846
0.0313016
0.0292670
0.0252034
0.0216769
0.0172758
0.0150498
0.0123516
0.0105053
0.0090815
0.0058461
0.0058275
0.0057791
0.0044475
0.0071260
0.0120151
0.0171887
0.0234834
0.0278924
0.0315087
0.0372426
0.0414280
0.0403716
0.0360054
0.0318981
0.0279999
0.0268195
0.0292032
0.0314631
0.0384997
0.0457808
0.0516955
0.0558831
0.0596456
0.0588869
0.0584310
0.0591376
0.0598068
0.0637793
0.0710842
0.0770211
0.0811729
0.0861875
0.0871784
0.0835177
0.0768278
0.0686800
0.0551984
0.0344608
0.0160489
0.0034258
-0.0080398
-0.0078251
-0.0032093
0.0060805
0.0172270
0.0267076
0.0330443
0.0334296
0.0257055
0.0212255
0.0125912
0.0082130
0.0079063
0.0071386
0.0018561
-0.0010710
-0.0050861
-0.0127270
-0.0184012
-0.0190373
-0.0204452
-0.0184370
-0.0173001
-0.0138753
-0.0097934
-0.0099180
-0.0098944
-0.0100462
-0.0159881
-0.0269414
-0.0378511
-0.0495001
-0.0611180
-0.0717762
-0.0816114
-0.0836964
-0.0838451
-0.0796003
-0.0694192
-0.0608820
-0.0508698
-0.0425805
-0.0345372
-0.0274212
-0.0230936
-0.0211207
-0.0200069
-0.0159219
-0.0097210
0.0004456
0.0106231
0.0201076
0.0298101
0.0406305
0.0492361
0.0572185
0.0636273
0.0677196
0.0695718
0.0707745
0.0700847
0.0702167
0.0733335
0.0748682
0.0759892
0.0803030
0.0809593
0.0857290
0.0924135
0.0992617
0.1042021
0.1038079
0.1008132
0.0916701
0.0749452
0.0573466
0.0421742
0.0277995
0.0162340
0.0095647
0.0033441
-0.0058907
-0.0122683
-0.0223333
-0.0341508
-0.0437105
-0.0503793
-0.0591521
-0.0607576
-0.0567408
-0.0480795
-0.0408931
-0.0367797
-0.0347790
-0.0337942
-0.0341361
-0.0352330
-0.0383175
-0.0409429
-0.0444261
-0.0483630
-0.0500948
-0.0529046
-0.0546486
-0.0570131
-0.0583563
-0.0621627
-0.0637492
-0.0655488
-0.0658768
-0.0656222
-0.0643480
-0.0643318
-0.0578425
-0.0494762
-0.0373261
-0.0225241
-0.0073375
0.0085747
0.0260061
0.0432660
0.0543930
0.0669305
0.0777981
0.0842725
0.0880677
0.0854704
0.0783171
0.0677279
0.0598437
0.0552236
0.0470252
0.0411124
0.0377830
0.0335882
0.0299994
0.0259596
0.0225417
0.0190546
0.0138955
0.0033086
-0.0112427
-0.0322056
-0.0478033
-0.0630660
-0.0759645
-0.0815520
-0.0802417
-0.0772490
-0.0710283
-0.0604155
-0.0465527
-0.0360373
-0.0254590
-0.0172936
-0.0092468
-0.0079724
-0.0107949
-0.0101721
-0.0094451
-0.0061613
0.0012107
0.0086104
0.0170598
0.0240322
0.0304158
0.0347236
0.0300070
0.0234589
0.0132893
0.0012003
-0.0127978
-0.0217827
-0.0241633
-0.0221870
-0.0179463
-0.0160246
-0.0158317
-0.0169483
-0.0221893
-0.0255947
-0.0281227
-0.0285692
-0.0273799
-0.0274242
-0.0285308
-0.0275433
-0.0239494
-0.0163168
-0.0061262
0.0037248
0.0116019
0.0155038
0.0160996
0.0148157
0.0090786
0.0020370
-0.0073682
-0.0151242
-0.0241868
-0.0297553
-0.0351498
-0.0393185
-0.0376050
-0.0358792
-0.0315785
-0.0270836
-0.0229611
-0.0164853
-0.0113368
-0.0094717
-0.0057759
-0.0020064
0.0011647
0.0081898
0.0181540
0.0270621
0.0359256
0.0420326
0.0458416
0.0501047
0.0502441
0.0451266
0.0372632
0.0312512
0.0250244
0.0182434
0.0159557
0.0157012
0.0146946
0.0129882
0.0070357
0.0008739
-0.0047922
-0.0098260
-0.0120533
-0.0122660
-0.0081104
-0.0046109
-0.0049145
-0.0063822
-0.0128828
-0.0169964
-0.0195740
-0.0223195
-0.0207712
-0.0204388
-0.0161870
-0.0116896
-0.0068974
-0.0045617
-0.0042348
-0.0052593
-0.0082729
-0.0140931
-0.0189093
-0.0235619
-0.0282341
-0.0312520
-0.0318503
-0.0313675
-0.0270683
-0.0215098
-0.0165616
-0.0102083
0.0004155
0.0100326
0.0162811
0.0216896
0.0283808
0.0375811
0.0464718
0.0567982
0.0629308
0.0657280
0.0693471
0.0685242
0.0648775
0.0569161
0.0502610
0.0428617
0.0351764
0.0299553
0.0248810
0.0188414
0.0115078
0.0067029
0.0007001
-0.0028766
-0.0079891
-0.0130659
-0.0162512
-0.0189493
-0.0209785
-0.0226174
-0.0221874
-0.0213945
-0.0224839
-0.0255381
-0.0256920
-0.0237026
-0.0205612
-0.0196186
-0.0189950
-0.0184928
-0.0205700
-0.0250595
-0.0296401
-0.0324780
-0.0325072
-0.0331535
-0.0298768
-0.0242429
-0.0193329
-0.0145847
-0.0076374
-0.0002197
0.0028993
0.0104438
0.0239808
0.0362196
0.0434105
0.0553304
0.0710580
0.0814924
0.0914408
0.0972251
0.1023333
0.1045004
0.1021319
0.0931638
0.0830011
0.0735284
0.0671184
0.0611053
0.0535436
0.0455192
0.0349475
0.0250466
0.0087348
-0.0101384
-0.0241040
-0.0369161
-0.0484523
-0.0576896
-0.0637090
-0.0687096
-0.0697744
-0.0669454
-0.0634164
-0.0565313
-0.0489546
-0.0386327
-0.0277504
-0.0161340
-0.0068169
-0.0029279
0.0012563
0.0070430
0.0092717
0.0077205
0.0066723
0.0010890
-0.0010075
-0.0022970
-0.0048643
-0.0074988
-0.0090181
-0.0096264
-0.0139553
-0.0204982
-0.0239765
-0.0292578
-0.0318922
-0.0370219
-0.0417865
-0.0439406
-0.0462478
-0.0470051
-0.0477593
-0.0504565
-0.0513257
-0.0525447
-0.0528825
-0.0503591
-0.0487706
-0.0460261
-0.0412475
-0.0352092
-0.0305574
-0.0277067
-0.0264364
-0.0223342
-0.0225196
-0.0235450
-0.0226686
-0.0239610
-0.0297799
-0.0343836
-0.0424083
-0.0462150
-0.0515680
-0.0533217
-0.0525565
-0.0505779
-0.0467118
-0.0403211
-0.0363718
-0.0295083
-0.0215834
-0.0142203
-0.0071700
0.0013245
0.0077627
0.0133639
0.0176502
0.0265696
0.0346583
0.0410169
0.0458121
0.0529175
0.0582971
0.0630776
0.0677988
0.0690375
0.0709985
0.0733395
0.0802265
0.0865500
0.0945605
0.0985435
0.0982625
0.0978256
0.0940247
0.0852898
0.0758866
0.0708257
0.0659751
0.0622059
0.0619168
0.0594071
0.0562359
0.0509975
0.0397618
0.0284347
0.0188214
0.0058894
-0.0046068
-0.0123036
-0.0154864
-0.0208976
-0.0244269
-0.0253852
-0.0288655
-0.0324861
-0.0357227
-0.0418053
-0.0462919
-0.0480890
-0.0589430
-0.0674579
-0.0685109
-0.0708206
-0.0747688
-0.0761259
-0.0742872
-0.0694158
-0.0649000
-0.0604746
-0.0575282
-0.0554270
-0.0527119
-0.0501526
-0.0446746
-0.0399434
-0.0377977
-0.0360731
-0.0317708
-0.0289046
-0.0270182
-0.0221297
-0.0165028
-0.0136182
-0.0126162
-0.0116762
-0.0103655
-0.0105522
-0.0116125
-0.0105087
-0.0091841
-0.0058931
-0.0041863
-0.0011900
0.0039840
0.0045102
0.0073294
0.0121017
0.0161956
0.0210408
0.0287003
0.0317971
0.0358292
0.0423262
0.0469823
0.0498743
0.0505397
0.0507779
0.0487419
0.0452454
0.0419226
0.0390620
0.0356606
0.0328259
0.0268280
0.0212179
0.0158840
0.0096323
0.0057167
0.0024145
0.0015137
0.0019184
0.0020291
0.0022650
0.0025505
0.0026366
0.0035603
0.0059279
0.0092799
0.0166392
0.0239179
0.0277954
0.0310645
0.0364634
0.0394761
0.0415526
0.0415088
0.0398933
0.0384689
0.0372109
0.0356168
0.0340274
0.0301784
0.0248855
0.0209797
0.0187229
0.0140892
0.0114393
0.0116540
0.0135809
0.0132365
0.0137223
0.0168624
0.0195394
0.0206733
0.0239828
0.0260045
0.0314881
0.0342623
0.0338694
0.0331255
0.0277561
0.0237613
0.0204496
0.0175215
0.0129095
0.0063801
0.0044892
0.0028945
-0.0020142
-0.0041118
-0.0071512
-0.0115292
-0.0156337
-0.0175906
-0.0174043
-0.0173182
-0.0173446
-0.0172725
-0.0169040
-0.0167325
-0.0123612
-0.0097764
-0.0106782
-0.0105291
-0.0105056
-0.0105446
-0.0109473
-0.0109108
-0.0109657
-0.0122662
-0.0162414
-0.0198961
-0.0230134
-0.0239580
-0.0267845
-0.0286477
-0.0279808
-0.0274274
-0.0295148
-0.0322231
-0.0315049
-0.0304995
-0.0280366
-0.0252999
-0.0221796
-0.0182459
-0.0163638
-0.0138813
-0.0134277
-0.0132427
-0.0156085
-0.0184064
-0.0183606
-0.0189000
-0.0225537
-0.0258149
-0.0303016
-0.0326832
-0.0353563
-0.0363063
-0.0364614
-0.0351599
-0.0331836
-0.0295174
-0.0287673
-0.0299637
-0.0285447
-0.0290884
-0.0291676
-0.0274757
-0.0251494
-0.0189006
-0.0119747
-0.0032468
0.0057784
0.0108759
0.0155476
0.0161026
0.0153528
0.0173479
0.0182813
0.0174461
0.0171335
0.0166623
0.0161789
0.0157024
0.0150614
0.0122981
0.0123083
0.0142524
0.0140250
0.0133063
0.0136258
0.0160123
0.0199026
0.0210037
0.0240363
0.0267757
0.0307675
0.0359804
0.0375070
0.0422155
0.0490124
0.0503950
0.0519714
0.0524862
0.0497800
0.0477862
0.0442202
0.0401541
0.0380469
0.0364063
0.0343371
0.0317208
0.0247085
0.0189954
0.0136463
0.0055298
0.0017186
-0.0041545
-0.0090550
-0.0147170
-0.0181944
-0.0229093
-0.0292524
-0.0318292
-0.0351082
-0.0346499
-0.0332710
-0.0297384
-0.0218694
-0.0149981
-0.0096803
-0.0039539
-0.0001351
0.0030515
0.0061530
0.0094049
0.0125103
0.0152541
0.0177976
0.0180852
0.0194731
0.0215565
0.0216107
0.0236369
0.0239630
0.0247085
0.0265841
0.0255012
0.0233599
0.0216818
0.0177346
0.0104972
0.0059835
-0.0009945
-0.0117526
-0.0210139
-0.0285964
-0.0352992
-0.0404067
-0.0455104
-0.0487807
-0.0510201
-0.0537664
-0.0559157
-0.0583990
-0.0603910
-0.0621953
-0.0631169
-0.0639006
-0.0636356
-0.0638626
-0.0658270
-0.0643782
-0.0611036
-0.0591100
-0.0518827
-0.0482981
-0.0444102
-0.0384382
-0.0365224
-0.0351860
-0.0314988
-0.0313659
-0.0309201
-0.0290673
-0.0279002
-0.0263724
-0.0251572
-0.0234519
-0.0225920
-0.0180181
-0.0132832
-0.0125686
-0.0117914
-0.0105392
-0.0086224
-0.0040704
-0.0014039
-0.0008981
-0.0005177
0.0003976
-0.0006386
-0.0018453
-0.0051586
-0.0073745
-0.0085587
-0.0086235
-0.0062549
-0.0017097
0.0030824
0.0088890
0.0119369
0.0146987
0.0182720
0.0179619
0.0177466
0.0126767
0.0082698
0.0041874
0.0000979
-0.0016746
-0.0025219
-0.0044094
-0.0066852
-0.0071364
-0.0095258
-0.0110634
-0.0094343
-0.0083105
-0.0071712
-0.0062051
-0.0049663
-0.0040508
-0.0027382
-0.0024331
-0.0026942
-0.0006910
0.0029391
0.0052464
0.0103471
0.0139078
0.0200711
0.0272265
0.0310447
0.0343138
0.0379156
0.0408753
0.0443969
0.0509821
0.0547168
0.0568229
0.0606240
0.0599022
0.0579695
0.0563692
0.0550409
0.0531215
0.0538573
0.0561198
0.0583244
0.0597510
0.0633205
0.0647451
0.0672950
0.0717301
0.0710210
0.0700383
0.0677896
0.0666183
0.0635151
0.0592175
0.0573486
0.0529613
0.0487164
0.0418322
0.0324585
0.0260086
0.0202033
0.0124042
0.0075783
0.0011761
-0.0028048
-0.0086104
-0.0132789
-0.0185275
-0.0238741
-0.0270909
-0.0303097
-0.0336319
-0.0349059
-0.0339702
-0.0328177
-0.0325235
-0.0303222
-0.0287137
-0.0295309
-0.0310067
-0.0310814
-0.0300814
-0.0279840
-0.0236970
-0.0188636
-0.0144910
-0.0080179
-0.0029943
-0.0007545
-0.0006764
-0.0009459
-0.0010101
-0.0011788
-0.0003811
0.0031436
0.0066560
0.0097727
0.0126712
0.0130286
0.0118054
0.0141298
0.0171195
0.0161535
0.0179720
0.0205348
0.0193221
0.0178465
0.0167458
0.0134543
0.0080778
0.0048871
0.0010268
-0.0050143
-0.0089801
-0.0101599
-0.0134327
-0.0177186
-0.0195389
-0.0189736
-0.0213220
-0.0244354
-0.0254187
-0.0264484
-0.0262512
-0.0252638
-0.0239822
-0.0186850
-0.0170461
-0.0157690
-0.0132977
-0.0153131
-0.0188734
-0.0189278
-0.0179378
-0.0177154
-0.0172209
-0.0168133
-0.0162201
-0.0159113
-0.0139763
-0.0115112
-0.0089131
-0.0027180
0.0020849
0.0051917
0.0089037
0.0105788
0.0099746
0.0119755
0.0148110
0.0154301
0.0179863
0.0191421
0.0179385
0.0164424
0.0134440
0.0107693
0.0080968
0.0074108
0.0071174
0.0095360
0.0098056
0.0047318
0.0035053
0.0036516
0.0001716
-0.0038648
-0.0094314
-0.0138499
-0.0154937
-0.0169662
-0.0185763
-0.0165637
-0.0104755
-0.0063192
-0.0044365
-0.0031033
-0.0038959
-0.0064245
-0.0082592
-0.0101232
-0.0119986
-0.0156960
-0.0164588
-0.0157056
-0.0154936
-0.0152624
-0.0149140
-0.0146348
-0.0142260
-0.0139497
-0.0135051
-0.0134213
-0.0132828
-0.0156460
-0.0183334
-0.0183083
-0.0173318
-0.0209648
-0.0236677
-0.0220316
-0.0227835
-0.0265850
-0.0280641
-0.0282821
-0.0296034
-0.0324570
-0.0349855
-0.0373527
-0.0380531
-0.0383403
-0.0403947
-0.0394796
-0.0374540
-0.0357753
-0.0341536
-0.0323374
-0.0307138
-0.0292202
-0.0277112
-0.0260197
-0.0245368
-0.0229863
-0.0212055
-0.0167306
-0.0113983
-0.0065756
-0.0020117
0.0022131
0.0037408
0.0040029
0.0047454
0.0052817
0.0075960
0.0118354
0.0164822
0.0234323
0.0297851
0.0328612
0.0379422
0.0421965
0.0413397
0.0422954
0.0457168
0.0444603
0.0426600
0.0418634
0.0391855
0.0333755
0.0314727
0.0311598
0.0299726
0.0285226
0.0245364
0.0206170
0.0201654
0.0156265
0.0122169
0.0119638
0.0091292
0.0082292
0.0101551
0.0120337
0.0133092
0.0150553
0.0151031
0.0135010
0.0087445
0.0055739
0.0028133
-0.0010774
-0.0040217
-0.0019036
0.0022478
0.0054732
0.0071639
0.0127592
0.0155982
0.0163703
0.0196045
0.0202797
0.0191835
0.0185709
0.0180158
0.0172380
0.0164483
0.0158582
0.0151774
0.0146159
0.0138429
0.0150729
0.0180570
0.0182785
0.0170910
0.0164406
0.0156483
0.0148737
0.0139958
0.0132130
0.0133636
0.0161769
0.0174757
0.0164201
0.0181713
0.0207346
0.0198670
0.0184277
0.0176423
0.0168250
0.0184522
0.0204488
0.0194399
0.0180593
0.0170744
0.0159706
0.0147273
0.0127183
0.0080596
0.0049373
0.0022033
-0.0023227
-0.0035712
-0.0036955
-0.0056910
-0.0118795
-0.0154583
-0.0170407
-0.0177505
-0.0174397
-0.0174937
-0.0173003
-0.0173221
-0.0169912
-0.0169702
-0.0166759
-0.0166516
-0.0173533
-0.0218757
-0.0230425
-0.0216630
-0.0253040
-0.0282155
-0.0268836
-0.0261545
-0.0257066
-0.0252706
-0.0246030
-0.0240237
-0.0232977
-0.0227588
-0.0220871
-0.0216837
-0.0205924
-0.0173149
-0.0133452
-0.0134190
-0.0097437
-0.0057645
-0.0034571
-0.0003693
0.0011382
0.0040861
0.0059210
0.0050876
0.0048843
0.0042860
0.0040355
0.0032929
0.0073673
0.0094992
0.0084932
0.0054865
0.0007662
0.0002666
0.0003849
-0.0002944
-0.0006458
-0.0009407
-0.0010736
-0.0014376
-0.0015941
-0.0020968
-0.0030417
-0.0068387
-0.0090521
-0.0110256
-0.0130413
-0.0140719
-0.0145981
-0.0143643
-0.0140008
-0.0138971
-0.0141775
-0.0171157
-0.0193644
-0.0186422
-0.0203352
-0.0236841
-0.0234314
-0.0222397
-0.0216475
-0.0211519
-0.0203414
-0.0202267
-0.0216861
-0.0214856
-0.0185840
-0.0186057
-0.0217517
-0.0212496
-0.0221399
-0.0259353
-0.0250924
-0.0234914
-0.0225748
-0.0223202
-0.0233340
-0.0226447
-0.0211435
-0.0202453
-0.0190041
-0.0187639
-0.0210672
-0.0228862
-0.0210646
-0.0239191
-0.0257902
-0.0269195
-0.0283588
-0.0256223
-0.0219082
-0.0204735
-0.0171709
-0.0139341
-0.0108365
-0.0078284
-0.0051288
-0.0020944
0.0023469
0.0038938
0.0050344
0.0077823
0.0101684
0.0121058
0.0147259
0.0179839
0.0156001
0.0122988
0.0137052
0.0154933
0.0174670
0.0176232
0.0192016
0.0210580
0.0228232
0.0235567
0.0247997
0.0291426
0.0288017
0.0317014
0.0366305
0.0393679
0.0419715
0.0433227
0.0451508
0.0477109
0.0459324
0.0439748
0.0394070
0.0358286
0.0312340
0.0266116
0.0236925
0.0213412
0.0184222
0.0187315
0.0171663
0.0126481
0.0106761
0.0080757
0.0029028
-0.0020203
-0.0017724
-0.0012946
-0.0011807
-0.0005751
0.0032652
0.0058614
0.0059899
0.0058239
0.0082196
0.0096193
0.0117134
0.0116702
0.0146678
0.0178265
0.0188385
0.0201423
0.0203988
0.0194605
0.0200333
0.0197823
0.0184237
0.0175726
0.0141129
0.0132911
0.0109447
0.0089480
0.0086478
0.0114479
0.0132524
0.0156712
0.0183693
0.0214470
0.0225658
0.0216746
0.0227186
0.0219224
0.0204005
0.0191129
0.0180554
0.0165974
0.0168548
0.0173742
0.0178762
0.0175521
0.0163344
0.0137129
0.0107880
0.0061112
0.0023615
0.0014334
-0.0014064
-0.0026774
-0.0029488
-0.0034965
-0.0045829
-0.0070493
-0.0091643
-0.0109915
-0.0113421
-0.0112969
-0.0118103
-0.0116420
-0.0130112
-0.0145751
-0.0166451
-0.0195965
-0.0199381
-0.0191779
-0.0177424
-0.0141256
-0.0126631
-0.0109790
-0.0095757
-0.0078901
-0.0078639
-0.0064320
-0.0059791
-0.0084168
-0.0099394
-0.0138977
-0.0199794
-0.0231771
-0.0229157
-0.0221605
-0.0207352
-0.0170345
-0.0135845
-0.0109595
-0.0125323
-0.0155327
-0.0164662
-0.0156963
-0.0115022
-0.0059795
-0.0017077
0.0039730
0.0055632
0.0031357
0.0012853
-0.0003975
-0.0014437
-0.0015039
-0.0020883
-0.0008374
-0.0002621
-0.0007336
-0.0019765
-0.0036943
-0.0040477
-0.0055611
-0.0081904
-0.0089331
-0.0110037
-0.0121959
-0.0118933
-0.0128036
-0.0137643
-0.0148945
-0.0169153
-0.0172179
-0.0190383
-0.0194165
-0.0169568
-0.0133540
-0.0126025
-0.0120034
-0.0111997
-0.0103081
-0.0094458
-0.0065334
-0.0050848
-0.0023553
-0.0006140
0.0008961
0.0028978
0.0050395
0.0055689
0.0073319
0.0087117
0.0103474
0.0101721
0.0106076
0.0118841
0.0129036
0.0132194
0.0119797
0.0110424
0.0095520
0.0068518
0.0043230
0.0023358
0.0012054
-0.0005407
-0.0025285
-0.0041951
-0.0048316
-0.0055222
-0.0058671
-0.0056280
-0.0049005
-0.0040000
-0.0032120
-0.0024985
-0.0015533
-0.0001124
0.0005463
0.0002973
0.0006677
0.0010173
0.0003882
-0.0006152
-0.0013184
-0.0024348
-0.0030337
-0.0034977
-0.0037542
-0.0037864
-0.0042887
-0.0040499
-0.0038403
-0.0035991
-0.0034936
-0.0029213
-0.0022430
-0.0020513
-0.0020379
-0.0017995
-0.0017088
-0.0015136
-0.0014464
-0.0012503
-0.0011714
-0.0010667
-0.0014143
-0.0012691
-0.0010969
-0.0009146
-0.0014378
-0.0016011
-0.0015636
-0.0015165
-0.0014543
-0.0014008
-0.0014950
-0.0013626
-0.0014945
-0.0011104
-0.0010521
-0.0009869
-0.0007313
-0.0003545
0.0000774
0.0005938
0.0011090
0.0015803
0.0020993
0.0023908
0.0027115
0.0028506
0.0030782
0.0032609
0.0034324
0.0035497
0.0036584
0.0036518
0.0037089
0.0037435
0.0037571
0.0037477
0.0037735
0.0037456
0.0036126
0.0034875
0.0033147
0.0031951
0.0031343
0.0030687
0.0029948
0.0029048
0.0027887
0.0027304
0.0026391
0.0025083
0.0024060
0.0022994
0.0021735
0.0020791
0.0019390
0.0018080
0.0017002
0.0015894
0.0014565
0.0013668
0.0012759
0.0011874
0.0011209
0.0010500
0.0009684
0.0008900
0.0008263
0.0007640
0.0006993
0.0006368
0.0005739
0.0005112
0.0004484
0.0003896
0.0003301
0.0002760
0.0002239
0.0001735
0.0001247
0.0000788
0.0000341
-0.0000070
-0.0000471
-0.0000852
-0.0001222
-0.0001571
-0.0001910
-0.0002228
-0.0002532
-0.0002817
-0.0003089
-0.0003343
-0.0003582
-0.0003805
-0.0004011
-0.0004201
-0.0004375
-0.0004533
-0.0004675
