0.0000505
0.0000318
0.0000578
0.0000376
0.0000615
0.0000286
0.0000311
0.0000063
0.0000274
0.0000268
0.0000993
0.0000956
0.0000899
0.0000281
0.0000474
-0.0000343
-0.0000568
-0.0000695
-0.0000635
-0.0000960
-0.0001977
-0.0003032
-0.0002938
-0.0001978
0.0000952
0.0000703
0.0002277
0.0003566
0.0003401
0.0003490
0.0001918
-0.0000144
0.0000519
0.0003469
0.0004467
0.0005305
0.0009088
0.0005976
-0.0000206
-0.0006532
-0.0011097
-0.0012585
-0.0008847
-0.0002045
0.0009392
0.0014462
0.0020212
0.0027869
0.0024409
0.0014830
0.0006188
0.0001784
-0.0015210
-0.0038707
-0.0059663
-0.0076028
-0.0079929
-0.0076837
-0.0056880
-0.0033878
-0.0023064
-0.0010217
-0.0003149
0.0012771
0.0026619
0.0045280
0.0074308
0.0111763
0.0133013
0.0131327
0.0117732
0.0088844
0.0032701
-0.0030721
-0.0058911
-0.0059838
-0.0062211
-0.0057003
-0.0045598
-0.0046181
-0.0069446
-0.0085954
-0.0093324
-0.0098285
-0.0084485
-0.0061342
-0.0008976
0.0043529
0.0084448
0.0133418
0.0160590
0.0168172
0.0172862
0.0148260
0.0083482
-0.0027329
-0.0146584
-0.0166026
-0.0107560
-0.0051287
0.0010372
0.0006696
-0.0054995
-0.0105219
-0.0133263
-0.0125938
-0.0109675
-0.0084168
-0.0055468
-0.0056954
-0.0077853
-0.0079786
-0.0078950
-0.0062729
-0.0042061
0.0039943
0.0154577
0.0261412
0.0384331
0.0413417
0.0387628
0.0383976
0.0371196
0.0308304
0.0239987
0.0120317
-0.0021725
-0.0157238
-0.0247300
-0.0284310
-0.0296541
-0.0297466
-0.0291548
-0.0314207
-0.0307490
-0.0324741
-0.0338046
-0.0311458
-0.0241051
-0.0044498
0.0229099
0.0383804
0.0388597
0.0318185
0.0244495
0.0152885
0.0086854
-0.0027737
-0.0120162
-0.0179567
-0.0182597
-0.0155949
-0.0124536
-0.0056217
0.0015880
0.0019705
0.0062193
0.0159330
0.0227272
0.0271715
0.0290792
0.0238218
0.0117852
0.0030942
-0.0050117
-0.0141900
-0.0180889
-0.0199296
-0.0155111
-0.0096383
-0.0022133
0.0061956
0.0104009
0.0132683
0.0147049
0.0090624
0.0014563
-0.0053164
-0.0096813
-0.0119788
-0.0119560
-0.0137188
-0.0191581
-0.0206690
-0.0194155
-0.0169974
-0.0124336
-0.0142329
-0.0133784
-0.0100811
-0.0007412
0.0114943
0.0248439
0.0325797
0.0344647
0.0314010
0.0247258
0.0202806
0.0164885
0.0119712
0.0077367
0.0004834
-0.0102933
-0.0172185
-0.0178231
-0.0171949
-0.0046860
-0.0022346
-0.0048223
-0.0036501
-0.0033393
-0.0033075
-0.0038031
-0.0054957
-0.0081425
-0.0111023
-0.0159714
-0.0117639
-0.0034493
-0.0089988
-0.0171974
-0.0242695
-0.0301720
-0.0277226
-0.0224385
-0.0157210
-0.0079059
-0.0023325
0.0011469
0.0021351
0.0020655
0.0021550
0.0037927
0.0072103
0.0127920
0.0203655
0.0318261
0.0420518
0.0463877
0.0471824
0.0432522
0.0332084
0.0183443
0.0084730
-0.0018373
-0.0128721
-0.0195468
-0.0238110
-0.0285104
-0.0283054
-0.0275874
-0.0237762
-0.0224000
-0.0273222
-0.0343644
-0.0346877
-0.0255586
-0.0198813
-0.0059485
0.0061164
0.0085701
0.0112618
0.0066641
-0.0008141
-0.0090936
-0.0213952
-0.0284198
-0.0280733
-0.0221047
-0.0128370
-0.0041178
0.0011512
-0.0027188
-0.0133485
-0.0248260
-0.0339650
-0.0370156
-0.0386905
-0.0334091
-0.0281661
-0.0240645
-0.0154012
0.0009237
0.0267782
0.0541574
0.0922073
0.1275110
0.1331601
0.1357293
0.1387934
0.1389000
0.1396454
0.1417710
0.1435636
0.1496182
0.1523088
0.1530400
0.1523059
0.1467658
0.1381634
0.1192794
0.0476786
-0.0093396
-0.0175492
-0.0236525
-0.0202103
-0.0106739
0.0298866
0.1402018
0.2102475
0.2041525
0.2013333
0.1977858
0.1832173
0.1474623
0.0728456
0.0005422
-0.0694070
-0.1189144
-0.1337629
-0.1459623
-0.1628934
-0.1903224
-0.2417630
-0.2965920
-0.3159565
-0.3095147
-0.3095436
-0.3051262
-0.2939376
-0.2792202
-0.2495891
-0.1597520
0.0131075
0.1932355
0.2684203
0.3218607
0.3734675
0.3151588
0.1576553
0.0215642
-0.1040121
-0.1958307
-0.2229115
-0.2275774
-0.2162327
-0.1929581
-0.1879988
-0.1828546
-0.1493191
-0.0200664
0.1137945
0.2073040
0.2525065
0.2216009
0.1513912
0.0147559
-0.1434781
-0.2897384
-0.3126460
-0.2590004
-0.2908771
-0.3217943
-0.2908655
-0.2673756
-0.2695387
-0.2845407
-0.3074396
-0.3192569
-0.3204013
-0.3112718
-0.2944780
-0.2613181
-0.1640263
-0.0688980
0.0198320
0.1089039
0.1991008
0.2339311
0.2249273
0.2207151
0.2015298
0.1695231
0.1360280
0.1165647
0.1129406
0.1170339
0.1356114
0.1629671
0.1883399
0.2072925
0.2232973
0.2290426
0.2261931
0.2192527
0.2088141
0.1959333
0.1820555
0.1738610
0.1422722
0.0631024
-0.0156631
-0.0972518
-0.1114653
-0.0755408
-0.0695182
-0.0709322
-0.0482240
-0.0172192
0.0201799
0.0859486
0.1162455
0.0694434
0.0018820
-0.0566725
-0.1138929
-0.1530024
-0.1673310
-0.1740618
-0.1775341
-0.1754635
-0.1705505
-0.1621911
-0.1471068
-0.1129286
-0.0851893
-0.0629110
-0.0400255
-0.0249705
-0.0166155
-0.0104719
-0.0019463
0.0090265
0.0266003
0.0508503
0.0948608
0.1467773
0.1891447
0.2168916
0.2386432
0.2608832
0.2741338
0.2808719
0.2807375
0.2761828
0.2653309
0.2496411
0.2323979
0.1977815
0.1227793
0.0495496
0.0239328
0.0080043
-0.0521551
-0.0922015
-0.1508392
-0.2484374
-0.3064773
-0.3064238
-0.2945055
-0.2832489
-0.2324152
-0.1351367
-0.0462251
0.0320523
0.1164073
0.1721284
0.1999649
0.2203293
0.2249157
0.2439579
0.3105710
0.3313443
0.2991757
0.2499749
0.1928772
0.1612461
0.1628790
0.1649612
0.1485807
0.1311410
0.1233896
0.1112682
0.1014055
0.0977713
0.0940000
0.0916800
0.0914766
0.0919481
0.0915419
0.0913724
0.0868715
0.0844303
0.0429983
-0.0315289
-0.0541379
-0.0534715
-0.0803387
-0.1120704
-0.1286898
-0.1601652
-0.1987930
-0.2181300
-0.2337389
-0.2061293
-0.2011469
-0.2325149
-0.2527059
-0.2834339
-0.3207669
-0.3461165
-0.3480644
-0.3388785
-0.3301767
-0.3142615
-0.2848948
-0.2321407
-0.1905391
-0.1677313
-0.1559169
-0.1572391
-0.1591552
-0.1546786
-0.1380904
-0.1299295
-0.1214274
-0.1093358
-0.0953514
-0.0815570
-0.0700113
-0.0518024
-0.0314689
-0.0139856
0.0037394
0.0244712
0.0579581
0.1036251
0.1338034
0.1404164
0.1379070
0.1302037
0.1328497
0.1509563
0.1653167
0.1732382
0.1785124
0.1817377
0.1887589
0.1982265
0.2166257
0.2348082
0.2446226
0.2498535
0.2522117
0.2489171
0.2423048
0.2325540
0.2188640
0.2008521
0.1551887
0.0774803
0.0117699
-0.0581750
-0.0965409
-0.0752292
-0.0724592
-0.0916650
-0.0916769
-0.0769549
-0.0568025
-0.0373433
-0.0022016
0.0170798
0.0156710
0.0055970
-0.0181056
-0.0557201
-0.0771098
-0.0819416
-0.0874359
-0.1065776
-0.1186890
-0.1426091
-0.1640581
-0.1608964
-0.1444322
-0.1153169
-0.0887532
-0.0307786
0.0444666
0.0684040
0.0754420
0.0773889
0.0677248
0.0313442
0.0005755
-0.0398865
-0.0895370
-0.1138079
-0.1293951
-0.1573143
-0.1696098
-0.1643644
-0.1474825
-0.1456705
-0.1522900
-0.1476068
-0.1003551
-0.0489721
-0.0342787
-0.0267488
-0.0129711
-0.0107059
-0.0153505
-0.0331294
-0.0520266
-0.1111743
-0.1460346
-0.1542913
-0.1720504
-0.1785818
-0.1762467
-0.1692211
-0.1632055
-0.1404030
-0.1161651
-0.0934285
-0.0795546
-0.0361945
0.0025076
0.0296212
0.0653218
0.1105968
0.1554892
0.2026699
0.2511439
0.3215905
0.3956237
0.4680080
0.5049264
0.4954313
0.5090114
0.5052760
0.4854709
0.4900920
0.4620575
0.3997491
0.3408639
0.3033850
0.2414667
0.1674033
0.1293987
0.1076655
0.0316909
0.0004428
-0.0037095
-0.0146384
-0.0078992
0.0016997
0.0110836
0.0123385
0.0099849
-0.0023609
-0.0212759
-0.0684080
-0.1249370
-0.1870885
-0.2539299
-0.2846072
-0.3113527
-0.3613381
-0.3781724
-0.3630808
-0.3478794
-0.3345724
-0.3227899
-0.3145288
-0.3068689
-0.3060033
-0.3084772
-0.3105811
-0.3068905
-0.3001699
-0.2838789
-0.2662947
-0.2483001
-0.2320294
-0.1850843
-0.0916705
-0.0329505
-0.0068057
0.0247903
0.0536336
0.0783404
0.1067621
0.1457124
0.1813200
0.2035514
0.2105264
0.2071870
0.2043606
0.1521065
0.0599739
-0.0006917
0.0090445
0.0211896
0.0667680
0.1525718
0.1821191
0.1852548
0.1957252
0.2100524
0.2078474
0.2023043
0.1964391
0.1892372
0.1742395
0.1648442
0.1642517
0.1745054
0.1856550
0.2016382
0.2080395
0.2035730
0.1970156
0.1463626
0.0622796
-0.0081639
-0.0814674
-0.1526036
-0.2142949
-0.2352041
-0.2601578
-0.2741801
-0.3005325
-0.3210660
-0.3370361
-0.3339698
-0.3193898
-0.1914336
0.0022869
0.1775919
0.2046496
0.1846450
0.2046004
0.2108053
0.2085193
0.2103284
0.2112229
0.2048822
0.1912718
0.1815932
0.1285426
0.0952506
0.0883856
0.0732069
0.0574217
0.0146455
-0.0255456
-0.0308924
-0.0284911
-0.0215003
-0.0088845
0.0072345
0.0134257
0.0109062
0.0020860
-0.0148097
-0.0387344
-0.0666368
-0.0945648
-0.1206928
-0.1454450
-0.1561337
-0.1780674
-0.2126173
-0.2136274
-0.2070309
-0.2054414
-0.1994996
-0.1980185
-0.1954435
-0.1916691
-0.1852981
-0.1899192
-0.1967483
-0.2085872
-0.2050397
-0.2082346
-0.2066827
-0.1989216
-0.1846956
-0.1768102
-0.1367490
-0.0846068
0.0874167
0.1984736
0.2339860
0.2954678
0.3801535
0.4631615
0.4874158
0.4903246
0.5486174
0.5937360
0.6008064
0.5911365
0.5192680
0.4218215
0.4069178
0.4031839
0.3753720
0.3589944
0.3418841
0.3269038
0.3104467
0.3153944
0.2833486
0.2187802
0.1565108
0.1137657
0.0708923
0.0115322
-0.0494333
-0.0944995
-0.1271545
-0.1596147
-0.1944305
-0.2123427
-0.2525239
-0.3011958
-0.3169911
-0.3150490
-0.3131662
-0.3005528
-0.2838760
-0.2719244
-0.2664161
-0.2593847
-0.2558416
-0.2547838
-0.2572562
-0.2580597
-0.2593197
-0.2587995
-0.2627299
-0.2659725
-0.2725212
-0.2843673
-0.3206368
-0.3619089
-0.3958924
-0.4099523
-0.4120374
-0.4175544
-0.4220267
-0.4186642
-0.4090838
-0.4023328
-0.3977117
-0.3955312
-0.3965123
-0.4029729
-0.4053297
-0.3938882
-0.3818181
-0.3673320
-0.3413191
-0.3007609
-0.2642486
-0.2294024
-0.2022364
-0.1796597
-0.1565542
-0.1298464
-0.0983331
-0.0726582
-0.0449684
-0.0171891
0.0040986
0.0187354
0.0258034
0.0406124
0.0622854
0.0828611
0.1034198
0.1305283
0.1459190
0.1621984
0.1825122
0.2021598
0.2185476
0.2307419
0.2394090
0.2466875
0.2527724
0.2571681
0.2573516
0.2510572
0.2403801
0.2272710
0.2076855
0.1911200
0.1772466
0.1679682
0.1589327
0.1597563
0.1657979
0.1785052
0.1930693
0.2114613
0.2292478
0.2479504
0.2723753
0.3441239
0.3669563
0.3666962
0.3724155
0.3715687
0.3761017
0.4438997
0.5186192
0.4589912
0.2896430
0.2428077
0.3768184
0.3905329
0.2901820
0.2615132
0.2472337
0.2320381
0.2261656
0.2261425
0.2264243
0.2419031
0.2161431
0.1751571
0.1645031
0.1531556
0.1409345
0.1321609
0.1216148
0.1058884
0.0848984
0.0618219
0.0215756
-0.0163776
-0.0506887
-0.0822826
-0.1048369
-0.1227895
-0.1604499
-0.1983234
-0.2470473
-0.2959548
-0.3168423
-0.3271538
-0.3347863
-0.3411775
-0.3454807
-0.3489386
-0.3445487
-0.3382774
-0.3361460
-0.3297591
-0.3205024
-0.3129523
-0.3049962
-0.2968319
-0.2844772
-0.2739286
-0.2582143
-0.2356838
-0.2166460
-0.1919379
-0.1650797
-0.1443760
-0.1205477
-0.0966500
-0.0928502
-0.1012412
-0.1033241
-0.0885964
-0.0699173
-0.0550505
-0.0384490
-0.0232142
-0.0064821
0.0210753
0.0437582
0.0649322
0.0870784
0.1064134
0.1245576
0.1415516
0.1611999
0.1929263
0.2100293
0.2080468
0.2115278
0.2201458
0.2966253
0.3001756
0.2746714
0.3031234
0.2950979
0.2688336
0.2633686
0.2671010
0.2550049
0.2390897
0.2161128
0.1864541
0.1442351
0.1102285
0.0882711
0.0728477
0.0600525
0.0490723
0.0350674
0.0148357
-0.0136920
-0.0635911
-0.1238842
-0.1454103
-0.1731168
-0.1893615
-0.1894901
-0.1853068
-0.1806192
-0.1725518
-0.1649468
-0.1543448
-0.1451849
-0.1410421
-0.1384186
-0.1366357
-0.1363173
-0.1380169
-0.1362278
-0.1366655
-0.1351811
-0.1304477
-0.1276467
-0.1279600
-0.1313700
-0.1202652
-0.1015497
-0.0676965
-0.0420050
-0.0291639
0.0067109
0.0483470
0.0685866
0.0906678
0.1204207
0.1473727
0.1699551
0.1983190
0.2314717
0.2925027
0.3310481
0.3396935
0.3446397
0.3390548
0.3224676
0.2803907
0.1738191
0.1246956
0.0649705
-0.0094754
-0.0278884
-0.0172001
-0.0065065
-0.0129963
-0.0410777
-0.0556488
-0.0629965
-0.0733343
-0.0787797
-0.0811953
-0.0834167
-0.0937075
-0.1095478
-0.1368794
-0.1642127
-0.1885378
-0.1986181
-0.1953597
-0.1881462
-0.1786511
-0.1665435
-0.1549242
-0.1414120
-0.1257136
-0.1076077
-0.0956472
-0.0904777
-0.0864348
-0.0813477
-0.0746504
-0.0638115
-0.0477532
-0.0288561
-0.0014599
0.0429555
0.0673194
0.0725876
0.0762808
0.0808982
0.0803384
0.0836292
0.0863833
0.0877651
0.0886879
0.0892657
0.0829564
0.0772361
0.0712262
0.0676881
0.0685037
0.0733183
0.0822228
0.0961262
0.1111500
0.1218288
0.1277591
0.1299029
0.1235804
0.1126909
0.1040049
0.0919770
0.0833830
0.0811924
0.0800897
0.0817412
0.0860810
0.0886333
0.0835200
0.0742312
0.0541726
0.0179573
-0.0329096
-0.0645640
-0.0803663
-0.0943206
-0.1057952
-0.1128986
-0.1235868
-0.1313242
-0.1372788
-0.1430349
-0.1444805
-0.1416067
-0.1388220
-0.1357608
-0.1346468
-0.1332105
-0.1351844
-0.1395967
-0.1424026
-0.1438162
-0.1493957
-0.1573056
-0.1655956
-0.1714261
-0.1786584
-0.1840164
-0.1829919
-0.1782133
-0.1780095
-0.1754042
-0.1693482
-0.1678281
-0.1704233
-0.1728047
-0.1742497
-0.1765125
-0.1760169
-0.1713380
-0.1617894
-0.1538217
-0.1429138
-0.1246314
-0.1081606
-0.0954141
-0.0805254
-0.0650660
-0.0507166
-0.0374839
-0.0186940
0.0030686
0.0259496
0.0446035
0.0637871
0.0844582
0.0987829
0.1177062
0.1388896
0.1560528
0.1706010
0.1839037
0.1936820
0.2026352
0.2155969
0.2342331
0.2528288
0.2668467
0.2735082
0.2731093
0.2706947
0.2647963
0.2540859
0.2426820
0.2325294
0.2206602
0.2109035
0.2019879
0.1947022
0.1870350
0.1764070
0.1596306
0.1350576
0.1173996
0.1080957
0.1024966
0.0992368
0.0931302
0.0844793
0.0758986
0.0659471
0.0567540
0.0497142
0.0405830
0.0310948
0.0198949
0.0064791
-0.0083531
-0.0223361
-0.0334697
-0.0464783
-0.0612538
-0.0756855
-0.0864435
-0.0944521
-0.1037774
-0.1107189
-0.1146447
-0.1185479
-0.1239410
-0.1253130
-0.1259029
-0.1278527
-0.1308489
-0.1341917
-0.1418156
-0.1479001
-0.1552262
-0.1627171
-0.1697022
-0.1709753
-0.1693497
-0.1729058
-0.1698193
-0.1650999
-0.1605308
-0.1537249
-0.1409109
-0.1205061
-0.0708985
-0.0465640
-0.0391270
-0.0279490
-0.0245936
-0.0192668
-0.0160800
-0.0111848
-0.0029230
0.0061992
0.0195481
0.0338951
0.0484270
0.0640860
0.0790966
0.0915863
0.0976034
0.0993199
0.1014495
0.0986666
0.0899028
0.0856095
0.0752659
0.0618563
0.0494362
0.0388643
0.0327293
0.0286295
0.0296916
0.0322345
0.0312351
0.0302537
0.0257021
0.0202752
0.0188158
0.0162798
0.0151495
0.0149753
0.0143999
0.0145337
0.0178950
0.0259366
0.0338221
0.0398703
0.0464176
0.0510994
0.0525292
0.0560037
0.0602683
0.0656358
0.0706615
0.0730562
0.0739866
0.0771867
0.0788880
0.0803119
0.0832297
0.0836389
0.0847215
0.0843522
0.0817152
0.0790684
0.0748977
0.0635488
0.0521833
0.0393933
0.0245563
0.0086853
-0.0038783
-0.0134998
-0.0195967
-0.0211194
-0.0217353
-0.0253350
-0.0278451
-0.0291472
-0.0330437
-0.0396219
-0.0488776
-0.0557433
-0.0621100
-0.0683965
-0.0717182
-0.0711015
-0.0694866
-0.0671659
-0.0620820
-0.0576399
-0.0532589
-0.0520613
-0.0508221
-0.0533134
-0.0577422
-0.0626158
-0.0695159
-0.0779638
-0.0832087
-0.0930284
-0.1013792
-0.1112332
-0.1191989
-0.1261864
-0.1363362
-0.1409174
-0.1442533
-0.1456921
-0.1420149
-0.1360387
-0.1261073
-0.1117816
-0.0935971
-0.0729315
-0.0546018
-0.0429614
-0.0351366
-0.0281730
-0.0211447
-0.0161393
-0.0121379
-0.0097379
-0.0093717
-0.0074319
-0.0033000
-0.0006086
-0.0004452
0.0023829
0.0046938
0.0069939
0.0073829
0.0078034
0.0107610
0.0143684
0.0145347
0.0145251
0.0148269
0.0146004
0.0103164
0.0070286
0.0039116
0.0038236
0.0046756
0.0049058
0.0094270
0.0156030
0.0210497
0.0299235
0.0380814
0.0383711
0.0376956
0.0349366
0.0290928
0.0232672
0.0215759
0.0209782
0.0182547
0.0197608
0.0216814
0.0214795
0.0241007
0.0290159
0.0329911
0.0324459
0.0367115
0.0412144
0.0435280
0.0478211
0.0560102
0.0655546
0.0749730
0.0866119
0.0941507
0.0979421
0.1031584
0.1026879
0.0991331
0.0945185
0.0873372
0.0797329
0.0716847
0.0630123
0.0563934
0.0546629
0.0567902
0.0588371
0.0638333
0.0716224
0.0776250
0.0825254
0.0873361
0.0922114
0.0945310
0.0926262
0.0862798
0.0764343
0.0617502
0.0456038
0.0249000
0.0015425
-0.0183239
-0.0378690
-0.0592596
-0.0780090
-0.0873945
-0.0963121
-0.1035061
-0.1064802
-0.1072151
-0.1043669
-0.0993609
-0.0917140
-0.0771157
-0.0562190
-0.0372976
-0.0225446
-0.0108971
-0.0033877
-0.0007044
-0.0004119
-0.0003549
-0.0005020
-0.0036180
-0.0065117
-0.0062790
-0.0059821
-0.0041356
-0.0028769
-0.0029307
-0.0050492
-0.0089651
-0.0124476
-0.0195754
-0.0229017
-0.0225943
-0.0217432
-0.0203694
-0.0139288
-0.0082075
0.0013385
0.0112448
0.0199000
0.0261841
0.0334702
0.0390146
0.0427980
0.0426168
0.0383726
0.0301730
0.0244452
0.0178390
0.0103249
0.0061102
0.0024735
0.0006196
0.0027854
0.0047195
0.0100464
0.0175167
0.0237987
0.0301856
0.0338699
0.0357455
0.0340059
0.0293303
0.0247130
0.0181524
0.0072518
-0.0011881
-0.0093659
-0.0202804
-0.0287224
-0.0325785
-0.0354411
-0.0399590
-0.0461026
-0.0522317
-0.0558949
-0.0627496
-0.0742275
-0.0834339
-0.0897417
-0.0947625
-0.0966178
-0.0932912
-0.0886113
-0.0829826
-0.0712382
-0.0602062
-0.0482448
-0.0342331
-0.0245410
-0.0092586
0.0010895
0.0080233
0.0139549
0.0143686
0.0144545
0.0138422
0.0097314
0.0035289
0.0006901
0.0024659
0.0064567
0.0139841
0.0218816
0.0268533
0.0345031
0.0392189
0.0452177
0.0471946
0.0516457
0.0581237
0.0652611
0.0706638
0.0720244
0.0692928
0.0643646
0.0557787
0.0482000
0.0421900
0.0352113
0.0301564
0.0287835
0.0281129
0.0267909
0.0259350
0.0207381
0.0140491
0.0040295
-0.0075350
-0.0159904
-0.0250349
-0.0331581
-0.0398408
-0.0436558
-0.0428606
-0.0416861
-0.0430333
-0.0398872
-0.0356836
-0.0323012
-0.0277295
-0.0248995
-0.0206681
-0.0160162
-0.0083712
-0.0023010
0.0047546
0.0115757
0.0171696
0.0228108
0.0241303
0.0251609
0.0285113
0.0351837
0.0411678
0.0430924
0.0447214
0.0447057
0.0399138
0.0387787
0.0352012
0.0311873
0.0287029
0.0261065
0.0231308
0.0213623
0.0194150
0.0145500
0.0102274
0.0067958
0.0020334
-0.0031577
-0.0066230
-0.0104258
-0.0140305
-0.0192970
-0.0268796
-0.0354774
-0.0450265
-0.0567293
-0.0644557
-0.0691304
-0.0719918
-0.0690353
-0.0618133
-0.0547651
-0.0446089
-0.0326220
-0.0206126
-0.0076187
0.0015205
0.0107159
0.0160395
0.0237341
0.0318115
0.0378300
0.0440836
0.0503487
0.0536822
0.0533920
0.0547524
0.0566784
0.0549466
0.0549824
0.0530604
0.0500075
0.0481270
0.0444073
0.0429402
0.0417643
0.0425986
0.0428182
0.0435066
0.0423846
0.0406739
0.0394283
0.0383724
0.0352616
0.0297377
0.0262912
0.0238952
0.0156589
0.0054161
-0.0042110
-0.0150948
-0.0293180
-0.0391410
-0.0454120
-0.0551577
-0.0602409
-0.0644588
-0.0657979
-0.0641593
-0.0629179
-0.0596034
-0.0523924
-0.0478398
-0.0411701
-0.0356941
-0.0313743
-0.0284224
-0.0299002
-0.0350258
-0.0398339
-0.0472769
-0.0572032
-0.0665628
-0.0719663
-0.0767636
-0.0761099
-0.0738986
-0.0722754
-0.0702292
-0.0636473
-0.0564096
-0.0497388
-0.0428547
-0.0341423
-0.0259441
-0.0238489
-0.0234200
-0.0221230
-0.0211721
-0.0205135
-0.0190922
-0.0135025
-0.0064580
0.0025472
0.0103751
0.0170951
0.0246352
0.0299527
0.0301457
0.0291887
0.0271767
0.0203020
0.0128840
0.0060344
0.0041783
0.0004980
-0.0008875
0.0016910
0.0067604
0.0119805
0.0171812
0.0205134
0.0235987
0.0243760
0.0238200
0.0223757
0.0197672
0.0194023
0.0189869
0.0164864
0.0144186
0.0122852
0.0117432
0.0079081
0.0004043
-0.0013577
-0.0029403
-0.0018037
0.0018084
0.0076700
0.0150621
0.0203592
0.0217238
0.0231483
0.0230350
0.0223930
0.0219867
0.0214728
0.0210772
0.0205972
0.0201696
0.0195878
0.0188989
0.0204989
0.0243211
0.0238484
0.0249930
0.0279027
0.0291835
0.0325288
0.0340641
0.0326830
0.0302447
0.0270089
0.0218124
0.0144850
0.0079957
0.0041589
-0.0014505
-0.0042043
-0.0057913
-0.0054294
-0.0013903
0.0000602
0.0017909
0.0025421
0.0026050
-0.0003842
-0.0041035
-0.0037350
-0.0030996
-0.0001983
0.0077265
0.0166556
0.0248676
0.0329509
0.0386159
0.0422793
0.0457786
0.0466978
0.0467908
0.0455337
0.0412247
0.0354960
0.0276661
0.0195364
0.0096502
-0.0017104
-0.0100264
-0.0167999
-0.0240792
-0.0325618
-0.0427977
-0.0503997
-0.0553642
-0.0595493
-0.0624551
-0.0630553
-0.0609588
-0.0577806
-0.0532546
-0.0435861
-0.0333662
-0.0257511
-0.0181314
-0.0082345
-0.0021534
0.0022429
0.0023414
0.0042292
0.0060737
0.0080205
0.0083020
0.0087780
0.0106981
0.0104689
0.0099256
0.0098586
0.0092802
0.0091317
0.0087161
0.0105129
0.0122108
0.0157936
0.0173625
0.0208581
0.0279777
0.0342007
0.0404716
0.0485150
0.0548760
0.0614771
0.0690883
0.0741119
0.0791613
0.0835665
0.0848926
0.0861565
0.0824855
0.0741073
0.0654867
0.0510404
0.0375200
0.0269341
0.0185762
0.0100237
0.0019032
-0.0051159
-0.0105152
-0.0165762
-0.0204563
-0.0262843
-0.0335387
-0.0406184
-0.0457704
-0.0505470
-0.0550471
-0.0593340
-0.0612798
-0.0640476
-0.0652861
-0.0653228
-0.0640284
-0.0602805
-0.0584034
-0.0575197
-0.0561372
-0.0566126
-0.0572325
-0.0587118
-0.0635761
-0.0671314
-0.0723159
-0.0778689
-0.0806596
-0.0802264
-0.0822115
-0.0768582
-0.0670398
-0.0546590
-0.0367929
-0.0213820
-0.0095506
-0.0005062
0.0037343
0.0052781
0.0030908
-0.0011054
-0.0059934
-0.0064707
-0.0085936
-0.0123343
-0.0071873
-0.0042722
-0.0009900
0.0037829
0.0071949
0.0141692
0.0188786
0.0217766
0.0239065
0.0261548
0.0293098
0.0285746
0.0280612
0.0297991
0.0297296
0.0284252
0.0280194
0.0252194
0.0232389
0.0229501
0.0222891
0.0214685
0.0209308
0.0200166
0.0172348
0.0150510
0.0130005
0.0121545
0.0099161
0.0062423
0.0102010
0.0113403
0.0113842
0.0146548
0.0156694
0.0158106
0.0182748
0.0148610
0.0100728
0.0068896
0.0043094
0.0009525
-0.0017555
-0.0057598
-0.0081049
-0.0110464
-0.0123878
-0.0116008
-0.0118801
-0.0115050
-0.0149287
-0.0177310
-0.0177536
-0.0216887
-0.0229001
-0.0214295
-0.0211789
-0.0165230
-0.0139719
-0.0145462
-0.0129059
-0.0086952
-0.0067625
-0.0069952
-0.0037232
-0.0010257
0.0020140
0.0053470
0.0094379
0.0111534
0.0118651
0.0160970
0.0163568
0.0134554
0.0117514
0.0111487
0.0094644
0.0106672
0.0108892
0.0099938
0.0095069
0.0063392
0.0025814
-0.0027370
-0.0064944
-0.0104441
-0.0127587
-0.0160973
-0.0206911
-0.0218673
-0.0249768
-0.0285860
-0.0329993
-0.0350083
-0.0393216
-0.0424638
-0.0424999
-0.0438938
-0.0462981
-0.0450669
-0.0438465
-0.0409048
-0.0404230
-0.0405477
-0.0396498
-0.0418190
-0.0431195
-0.0415459
-0.0443281
-0.0454539
-0.0432081
-0.0420986
-0.0407161
-0.0413965
-0.0434983
-0.0430778
-0.0418213
-0.0430203
-0.0413021
-0.0414614
-0.0374862
-0.0333187
-0.0285538
-0.0224624
-0.0184763
-0.0084367
0.0013850
0.0107466
0.0194718
0.0293685
0.0406523
0.0464248
0.0511417
0.0558896
0.0597824
0.0615138
0.0641868
0.0635036
0.0618428
0.0610147
0.0596736
0.0583266
0.0570105
0.0560040
0.0547184
0.0536709
0.0521762
0.0512575
0.0499341
0.0523596
0.0542574
0.0530762
0.0559695
0.0584501
0.0605003
0.0612164
0.0627374
0.0651209
0.0673345
0.0706956
0.0695408
0.0672350
0.0655786
0.0640089
0.0620084
0.0612683
0.0603954
0.0567727
0.0549005
0.0512091
0.0462354
0.0426554
0.0373495
0.0323482
0.0279963
0.0224391
0.0142237
0.0088017
0.0018065
-0.0046882
-0.0102383
-0.0174911
-0.0220030
-0.0256545
-0.0322004
-0.0393593
-0.0437490
-0.0484987
-0.0518847
-0.0526262
-0.0557341
-0.0552590
-0.0535374
-0.0525903
-0.0482881
-0.0412569
-0.0350901
-0.0279475
-0.0185284
-0.0116383
-0.0081964
-0.0050233
-0.0053580
-0.0076842
-0.0091163
-0.0126620
-0.0164971
-0.0214327
-0.0218422
-0.0209990
-0.0192387
-0.0151550
-0.0138203
-0.0133082
-0.0105431
-0.0101123
-0.0083465
-0.0062996
-0.0038726
-0.0009974
0.0013365
0.0065780
0.0104263
0.0113385
0.0155307
0.0202767
0.0217675
0.0212941
0.0205660
0.0202491
0.0194199
0.0191382
0.0163758
0.0115448
0.0106942
0.0108777
0.0103712
0.0130843
0.0162863
0.0177161
0.0174959
0.0184333
0.0187341
0.0186029
0.0151634
0.0108505
0.0068419
0.0012904
-0.0046947
-0.0101867
-0.0144955
-0.0176838
-0.0226810
-0.0256922
-0.0263739
-0.0290931
-0.0312733
-0.0318303
-0.0328748
-0.0321661
-0.0310750
-0.0279872
-0.0273070
-0.0238166
-0.0196150
-0.0197498
-0.0183064
-0.0131837
-0.0117682
-0.0125493
-0.0083193
-0.0051015
-0.0059012
-0.0040578
0.0005213
0.0037962
0.0066368
0.0069649
0.0109816
0.0119678
0.0070560
0.0051584
0.0015749
-0.0018847
-0.0065681
-0.0113569
-0.0128454
-0.0158168
-0.0189893
-0.0206405
-0.0208392
-0.0222138
-0.0258295
-0.0272609
-0.0278272
-0.0295177
-0.0299062
-0.0287302
-0.0291139
-0.0303225
-0.0297104
-0.0332065
-0.0344638
-0.0333890
-0.0362272
-0.0372709
-0.0359721
-0.0343387
-0.0299199
-0.0226254
-0.0185940
-0.0130023
-0.0071563
-0.0035558
-0.0028863
-0.0014464
0.0010453
0.0015018
0.0055433
0.0111159
0.0128645
0.0143299
0.0173468
0.0231764
0.0255160
0.0289575
0.0315468
0.0361668
0.0394093
0.0438393
0.0498670
0.0531022
0.0540580
0.0546310
0.0551942
0.0540085
0.0522220
0.0512796
0.0487878
0.0444319
0.0392666
0.0367750
0.0314376
0.0273293
0.0205834
0.0106565
0.0013629
-0.0057317
-0.0134254
-0.0226508
-0.0301291
-0.0330619
-0.0345547
-0.0375573
-0.0406609
-0.0417596
-0.0438049
-0.0464294
-0.0472743
-0.0491706
-0.0492546
-0.0500249
-0.0488939
-0.0472808
-0.0438151
-0.0409366
-0.0369245
-0.0319998
-0.0254863
-0.0173625
-0.0101946
-0.0057582
-0.0008642
0.0053103
0.0107135
0.0132787
0.0136744
0.0182970
0.0189825
0.0181180
0.0181034
0.0179064
0.0182651
0.0199650
0.0214088
0.0227236
0.0245926
0.0270953
0.0287331
0.0323592
0.0336114
0.0361061
0.0369427
0.0385916
0.0407899
0.0397384
0.0385925
0.0357438
0.0330922
0.0305120
0.0278025
0.0253986
0.0242977
0.0240916
0.0223273
0.0201710
0.0161262
0.0123573
0.0077960
0.0046655
-0.0004293
-0.0049774
-0.0071324
-0.0085318
-0.0122753
-0.0133460
-0.0152089
-0.0152472
-0.0164541
-0.0159840
-0.0140948
-0.0138489
-0.0138178
-0.0132265
-0.0130566
-0.0106287
-0.0087366
-0.0064145
-0.0060123
-0.0045938
-0.0025285
-0.0001680
0.0029179
0.0052478
0.0087804
0.0124071
0.0151092
0.0190578
0.0203901
0.0209604
0.0249079
0.0249419
0.0235846
0.0229833
0.0199497
0.0177739
0.0155443
0.0148386
0.0143389
0.0135544
0.0132900
0.0117613
0.0092843
0.0070455
0.0052338
0.0052115
0.0047916
0.0054647
0.0085445
0.0103687
0.0097454
0.0138907
0.0151235
0.0140275
0.0119870
0.0099768
0.0096253
0.0093776
0.0085453
0.0094726
0.0109327
0.0105440
0.0097267
0.0092193
0.0050875
0.0027217
-0.0010176
-0.0064953
-0.0123827
-0.0171072
-0.0240237
-0.0280846
-0.0307969
-0.0333424
-0.0328409
-0.0354469
-0.0366212
-0.0334981
-0.0325999
-0.0302921
-0.0282948
-0.0280727
-0.0261307
-0.0235167
-0.0232476
-0.0230239
-0.0217514
-0.0188395
-0.0181269
-0.0164441
-0.0141227
-0.0140999
-0.0136558
-0.0142586
-0.0160518
-0.0158837
-0.0151861
-0.0150526
-0.0139429
-0.0103447
-0.0079027
-0.0080999
-0.0077240
-0.0074037
-0.0071029
-0.0072005
-0.0067696
-0.0064863
-0.0020386
0.0007952
0.0027067
0.0069599
0.0087224
0.0102786
0.0113376
0.0102029
0.0078067
0.0061822
0.0042191
0.0040173
0.0014491
0.0004394
0.0006707
0.0021305
0.0037799
0.0034358
0.0036767
0.0069992
0.0093024
0.0104651
0.0136761
0.0145103
0.0143543
0.0163784
0.0163282
0.0154943
0.0151261
0.0147704
0.0143814
0.0130004
0.0104300
0.0083441
0.0043496
0.0028003
-0.0001122
-0.0029895
-0.0048165
-0.0063082
-0.0061905
-0.0059786
-0.0061931
-0.0059292
-0.0075326
-0.0090933
-0.0108255
-0.0122336
-0.0141390
-0.0142757
-0.0136347
-0.0135193
-0.0132861
-0.0123670
-0.0098490
-0.0093089
-0.0093066
-0.0067701
-0.0050877
-0.0023069
0.0005030
0.0019705
0.0054193
0.0067009
0.0083734
0.0099639
0.0115962
0.0098101
0.0054398
0.0046992
0.0032665
-0.0012639
-0.0034596
-0.0046043
-0.0049194
-0.0048010
-0.0040474
-0.0015163
-0.0016312
-0.0017296
-0.0013511
0.0012566
0.0014945
0.0025582
0.0042104
0.0042126
0.0040978
0.0068812
0.0056108
0.0030408
-0.0008113
-0.0038652
-0.0077485
-0.0098718
-0.0129268
-0.0149097
-0.0142079
-0.0138585
-0.0138637
-0.0121950
-0.0114421
-0.0130271
-0.0128562
-0.0144792
-0.0150310
-0.0141841
-0.0158079
-0.0168855
-0.0161217
-0.0156472
-0.0155031
-0.0132971
-0.0091544
-0.0053476
-0.0011446
0.0038983
0.0057026
0.0089640
0.0105370
0.0092314
0.0071250
0.0053849
0.0036346
0.0034361
0.0034116
0.0024707
0.0001858
-0.0000495
0.0004379
0.0022574
0.0033481
0.0036896
0.0073155
0.0092627
0.0086685
0.0084669
0.0084959
0.0084025
0.0080381
0.0095558
0.0110176
0.0125851
0.0147691
0.0185347
0.0199897
0.0224449
0.0218315
0.0217503
0.0236862
0.0244686
0.0240314
0.0228848
0.0228850
0.0211068
0.0176073
0.0127619
0.0110672
0.0064288
0.0021350
-0.0002659
-0.0045157
-0.0087095
-0.0081336
-0.0099394
-0.0084344
-0.0077379
-0.0063617
-0.0026144
0.0009515
0.0014485
0.0011339
0.0011571
0.0012726
0.0009768
0.0010381
-0.0000209
-0.0031835
-0.0071749
-0.0083707
-0.0104154
-0.0117852
-0.0146691
-0.0167812
-0.0181197
-0.0192558
-0.0209928
-0.0216020
-0.0208249
-0.0203511
-0.0199518
-0.0211617
-0.0243977
-0.0247143
-0.0230102
-0.0202645
-0.0195279
-0.0193233
-0.0164700
-0.0124536
-0.0114800
-0.0107163
-0.0067314
-0.0043915
-0.0026855
-0.0011355
-0.0012413
-0.0010635
-0.0011024
0.0006469
0.0024506
0.0023048
0.0026008
0.0057652
0.0092168
0.0125776
0.0140151
0.0137824
0.0149417
0.0146204
0.0139561
0.0129072
0.0090629
0.0068247
0.0068953
0.0043492
0.0030195
0.0022551
0.0025645
0.0062027
0.0059057
0.0054052
0.0054845
0.0053315
0.0074074
0.0112061
0.0105938
0.0123815
0.0138114
0.0154453
0.0163664
0.0194535
0.0206953
0.0215445
0.0197052
0.0181478
0.0180645
0.0173864
0.0147884
0.0103164
0.0071456
0.0055654
0.0021347
-0.0020303
-0.0035644
-0.0040421
-0.0087684
-0.0098545
-0.0116971
-0.0159177
-0.0154515
-0.0174452
-0.0204534
-0.0204414
-0.0193923
-0.0193085
-0.0166873
-0.0150714
-0.0144452
-0.0098782
-0.0049868
-0.0036180
-0.0001288
0.0010856
0.0012904
0.0044699
0.0069012
0.0045670
0.0030136
0.0027269
0.0006737
-0.0004934
0.0002572
-0.0036987
-0.0065152
-0.0079942
-0.0093352
-0.0111960
-0.0108402
-0.0123072
-0.0127402
-0.0101492
-0.0081804
-0.0063904
-0.0040772
-0.0002913
0.0025819
0.0034916
0.0064970
0.0098888
0.0110707
0.0131889
0.0172283
0.0164844
0.0170074
0.0168881
0.0157119
0.0133491
0.0111410
0.0094769
0.0057486
0.0026638
0.0020397
-0.0019471
-0.0041015
-0.0065728
-0.0081297
-0.0074629
-0.0069124
-0.0049512
-0.0034648
-0.0017254
-0.0017806
-0.0021176
-0.0038586
-0.0050127
-0.0062637
-0.0059763
-0.0041566
-0.0025554
-0.0010983
0.0016478
0.0043491
0.0059867
0.0085847
0.0105836
0.0111766
0.0113170
0.0080268
0.0064019
0.0044395
0.0009729
-0.0008142
-0.0020544
-0.0046603
-0.0056754
-0.0044811
-0.0029878
-0.0014117
-0.0003692
0.0026620
0.0045776
0.0054922
0.0065148
0.0075373
0.0072396
0.0066168
0.0061500
0.0041652
0.0039162
0.0014751
-0.0011386
-0.0009925
-0.0024156
-0.0029154
-0.0035292
-0.0047794
-0.0044239
-0.0043181
-0.0040448
-0.0056348
-0.0067849
-0.0053153
-0.0049403
-0.0033624
-0.0035317
-0.0038711
-0.0044588
-0.0060893
-0.0055006
-0.0052185
-0.0048654
-0.0047328
-0.0033793
-0.0021790
0.0005512
0.0033143
0.0042441
0.0055957
0.0082970
0.0098277
0.0109837
0.0127541
0.0145367
0.0146295
0.0145194
0.0138720
0.0129236
0.0121743
0.0113047
0.0105771
0.0097547
0.0090418
0.0082389
0.0076263
0.0067876
0.0071947
0.0081484
0.0064379
0.0041629
0.0031256
0.0018722
0.0000458
-0.0023997
-0.0039992
-0.0053849
-0.0068526
-0.0080670
-0.0092106
-0.0095296
-0.0091281
-0.0088869
-0.0086046
-0.0082947
-0.0074702
-0.0060935
-0.0048727
-0.0043149
-0.0029392
-0.0020842
-0.0007847
-0.0003545
-0.0001954
-0.0001582
-0.0010930
-0.0016135
-0.0029524
-0.0047798
-0.0062601
-0.0065386
-0.0076142
-0.0086478
-0.0087882
-0.0089614
-0.0091066
-0.0091607
-0.0091274
-0.0087880
-0.0080601
-0.0077596
-0.0076404
-0.0069203
-0.0065347
-0.0064550
-0.0054079
-0.0044635
-0.0035785
-0.0026644
-0.0020075
-0.0011588
-0.0003509
0.0003483
0.0009356
0.0015665
0.0021642
0.0022357
0.0026296
0.0031156
0.0032633
0.0032880
0.0035437
0.0037129
0.0035212
0.0035127
0.0034254
0.0032841
0.0032322
0.0029711
0.0027275
0.0025975
0.0024730
0.0022697
0.0021273
0.0020166
0.0018490
0.0017599
0.0016327
0.0014828
0.0013574
0.0012576
0.0011969
0.0011394
0.0010787
0.0010491
0.0010226
0.0009609
0.0009321
0.0008864
0.0008133
0.0007535
0.0006929
0.0006369
0.0005787
0.0005357
0.0005003
0.0004497
0.0004086
0.0003819
0.0003357
0.0002939
0.0002521
0.0002055
0.0001603
0.0001244
0.0000838
0.0000485
0.0000153
-0.0000138
-0.0000416
-0.0000660
-0.0000896
-0.0001070
-0.0001250
-0.0001392
-0.0001502
-0.0001611
-0.0001704
-0.0001764
-0.0001816
-0.0001856
-0.0001884
-0.0001895
-0.0001896
-0.0001883
-0.0001859
-0.0001824
-0.0001780
-0.0001726
-0.0001663
-0.0001591
-0.0001512
-0.0001425
-0.0001331
-0.0001231
-0.0001124
-0.0001012
-0.0000894
