0.0012151
0.0012208
0.0011698
0.0011914
0.0011097
0.0010398
0.0009151
0.0008529
0.0008416
0.0010101
0.0011618
0.0013712
0.0012817
0.0011375
0.0009843
0.0009017
0.0006799
0.0006429
0.0008580
0.0008800
0.0011660
0.0009940
0.0006579
0.0002915
-0.0005947
-0.0013689
-0.0016468
-0.0010694
0.0001214
0.0006322
0.0005478
0.0006629
0.0001383
-0.0009819
-0.0024239
-0.0023653
-0.0010314
0.0012917
0.0042933
0.0061112
0.0074254
0.0076963
0.0064095
0.0052515
0.0040389
0.0024209
0.0008419
-0.0009203
-0.0022226
-0.0009005
0.0023136
0.0046022
0.0046441
0.0035665
0.0021358
-0.0002009
-0.0005613
0.0002359
-0.0008883
-0.0039061
-0.0048628
-0.0067682
-0.0097370
-0.0099023
-0.0046995
0.0037709
0.0125930
0.0183337
0.0161090
0.0107142
0.0080911
0.0077564
0.0109219
0.0135936
0.0118961
0.0037707
-0.0060283
-0.0124933
-0.0117709
-0.0071585
0.0032875
0.0135637
0.0218276
0.0254910
0.0253262
0.0210142
0.0118701
0.0010072
-0.0105498
-0.0201257
-0.0251346
-0.0260169
-0.0220196
-0.0106273
0.0040267
0.0130476
0.0128003
0.0075148
0.0012748
-0.0011092
-0.0047663
-0.0093918
-0.0121210
-0.0127674
-0.0095562
-0.0050693
-0.0003896
0.0042573
0.0027098
-0.0057969
-0.0178388
-0.0290409
-0.0384682
-0.0391105
-0.0298530
-0.0109579
0.0077970
0.0199807
0.0280888
0.0264152
0.0128633
-0.0009666
-0.0126388
-0.0207555
-0.0284367
-0.0319442
-0.0268416
-0.0161240
-0.0047368
0.0033915
0.0077773
0.0049759
-0.0036672
-0.0150959
-0.0257418
-0.0284392
-0.0226937
-0.0105305
0.0025625
0.0144533
0.0240548
0.0299621
0.0290347
0.0213380
0.0161591
0.0147094
0.0118266
0.0097516
0.0131692
0.0193380
0.0247907
0.0227476
0.0137292
-0.0002446
-0.0137663
-0.0208292
-0.0194944
-0.0138196
-0.0087246
-0.0015531
0.0043121
0.0085314
0.0075692
0.0047413
0.0033801
0.0008894
-0.0025133
-0.0031598
0.0007864
0.0115523
0.0257863
0.0400503
0.0480168
0.0503320
0.0461086
0.0406409
0.0321757
0.0233655
0.0111562
-0.0020365
-0.0172841
-0.0331356
-0.0450262
-0.0504981
-0.0486662
-0.0369846
-0.0234729
-0.0125376
-0.0027808
0.0039797
0.0075554
0.0129321
0.0170861
0.0211792
0.0228933
0.0200927
0.0168555
0.0143745
0.0155858
0.0199322
0.0197969
0.0119055
-0.0008598
-0.0169103
-0.0290276
-0.0268705
-0.0085216
0.0219529
0.0529123
0.0808235
0.0940894
0.0932404
0.0795500
0.0438907
0.0010711
-0.0391698
-0.0742155
-0.0872933
-0.0825637
-0.0569090
-0.0208422
0.0123498
0.0348048
0.0411045
0.0261730
-0.0057152
-0.0413409
-0.0649685
-0.0748183
-0.0690477
-0.0503623
-0.0098569
0.0275823
0.0437040
0.0522993
0.0502791
0.0348884
0.0136062
-0.0042046
-0.0110524
-0.0122652
-0.0151456
-0.0218191
-0.0317219
-0.0480926
-0.0681617
-0.0872266
-0.0928827
-0.0831728
-0.0543911
-0.0213700
0.0065725
0.0241124
0.0390092
0.0525749
0.0604484
0.0635060
0.0554835
0.0311218
0.0032072
-0.0169094
-0.0242035
-0.0153439
0.0002119
0.0085233
0.0045567
-0.0032878
-0.0054566
0.0048312
0.0230433
0.0391260
0.0395413
0.0245316
-0.0003092
-0.0309229
-0.0590046
-0.0875867
-0.1024498
-0.1074434
-0.1002589
-0.0843126
-0.0380708
0.0189932
0.0700036
0.0999355
0.1108556
0.1074518
0.0930610
0.0683111
0.0357697
0.0033812
-0.0215991
-0.0315818
-0.0314497
-0.0185612
0.0019644
0.0183716
0.0290110
0.0316205
0.0288608
0.0257229
0.0191629
0.0096485
-0.0033726
-0.0142186
-0.0219415
-0.0281183
-0.0359100
-0.0477350
-0.0601119
-0.0688923
-0.0699545
-0.0661955
-0.0516088
-0.0259992
0.0034790
0.0259411
0.0373495
0.0375891
0.0277887
0.0150732
0.0003572
-0.0172555
-0.0296396
-0.0315760
-0.0199911
0.0024938
0.0255015
0.0383679
0.0406062
0.0354180
0.0302125
0.0307301
0.0367485
0.0477301
0.0569615
0.0594239
0.0539619
0.0348135
0.0061097
-0.0183518
-0.0317537
-0.0333552
-0.0168029
0.0165070
0.0415693
0.0565384
0.0618526
0.0522748
0.0352983
0.0213031
0.0105488
0.0056358
0.0059537
0.0065861
0.0070128
0.0057862
-0.0003598
-0.0137703
-0.0328839
-0.0552041
-0.0732469
-0.0870422
-0.0979970
-0.1054203
-0.1129019
-0.1227204
-0.1323528
-0.1365733
-0.1354507
-0.1314073
-0.1246950
-0.1200841
-0.1199363
-0.1263450
-0.1401761
-0.1585830
-0.1715981
-0.1769460
-0.1629339
-0.1223213
-0.0585146
-0.0091460
0.0185963
0.0332455
0.0349275
0.0257477
0.0113460
-0.0040934
-0.0047907
0.0099172
0.0330393
0.0497506
0.0625480
0.0734137
0.0827697
0.0881060
0.0993331
0.1191930
0.1561799
0.2030124
0.2409176
0.2409090
0.1855279
0.0211908
-0.0891607
-0.1376091
-0.1746976
-0.1922370
-0.1972454
-0.1714623
-0.1339635
-0.1043406
-0.0973034
-0.1086098
-0.1333739
-0.1584587
-0.1796511
-0.1800788
-0.1709666
-0.0648201
0.1140021
0.2209795
0.2857849
0.3335783
0.3421095
0.3200964
0.2551480
0.1565672
0.0370491
-0.0220978
-0.0276567
-0.0127148
0.0119066
0.0221555
-0.0187938
-0.1105538
-0.1871607
-0.2307333
-0.2740153
-0.3187063
-0.3404304
-0.3483606
-0.3373121
-0.3209995
-0.3003635
-0.2744156
-0.2347229
-0.1847013
-0.1409418
-0.1250228
-0.1314632
-0.1381264
-0.1387745
-0.1259036
-0.0835440
0.0101657
0.1091754
0.1879208
0.2595119
0.3180561
0.3651197
0.3981408
0.4291433
0.4555102
0.4772315
0.5065924
0.5556950
0.5925092
0.5909718
0.5454918
0.4844912
0.4468258
0.4204473
0.3591620
0.2744893
0.1983306
0.1244697
0.0779810
0.0598051
0.0527558
0.0597862
0.0767879
0.0941347
0.1114180
0.1322909
0.1407797
0.1461574
0.1492815
0.1517539
0.1523319
0.1534417
0.1522120
0.1502612
0.1283303
0.0765964
-0.0817051
-0.2932454
-0.3536507
-0.3035150
-0.3047202
-0.3397123
-0.3637166
-0.3409174
-0.3013620
-0.2572389
-0.2172254
-0.1956212
-0.1871261
-0.1918498
-0.2344599
-0.2843485
-0.3065943
-0.2302001
-0.1509722
-0.0905460
-0.0342073
0.0096653
0.0670350
0.0742559
0.0796744
0.1166059
0.1432949
0.1843488
0.2344079
0.2969764
0.3556564
0.3981423
0.4393768
0.4701105
0.4817168
0.4652004
0.4275480
0.3680401
0.3029399
0.2513158
0.2045845
0.1572102
0.1117557
0.0593791
0.0068607
-0.0453968
-0.0931909
-0.1256004
-0.1585873
-0.1999649
-0.2113240
-0.2031656
-0.1804545
-0.1429044
-0.1091172
-0.0877008
-0.0961130
-0.1142520
-0.1384600
-0.1719723
-0.2051264
-0.2429883
-0.2774039
-0.3128960
-0.3442207
-0.3717060
-0.3899145
-0.4038674
-0.3968172
-0.3692799
-0.3301839
-0.2837084
-0.2351709
-0.1905652
-0.1540616
-0.1277610
-0.1054162
-0.0749513
-0.0185424
0.0489511
0.1154360
0.1687442
0.2142964
0.2427427
0.2488608
0.2365104
0.2024113
0.1358192
0.0431454
-0.0525437
-0.1325275
-0.1858299
-0.2294154
-0.2583559
-0.2630016
-0.2205431
-0.1568519
-0.0920930
-0.0140684
0.0450201
0.0881235
0.1250174
0.1482902
0.1503479
0.1281427
0.0553186
-0.0432582
-0.1212031
-0.1671099
-0.2092779
-0.2450763
-0.2697439
-0.2842965
-0.2799066
-0.2650607
-0.2443582
-0.2241368
-0.2065497
-0.1847172
-0.1558664
-0.1231751
-0.0868532
-0.0490908
-0.0186583
-0.0078440
-0.0156168
-0.0355224
-0.0605123
-0.0801115
-0.0954388
-0.1135033
-0.1387378
-0.1599153
-0.1805513
-0.2052073
-0.2270182
-0.2405968
-0.2509575
-0.2570944
-0.2470358
-0.2207700
-0.1667920
-0.0927009
-0.0172449
0.0521735
0.1149951
0.1708221
0.2310902
0.2788633
0.3062909
0.3274616
0.3418104
0.3620895
0.3900243
0.4242274
0.4466090
0.4525769
0.4563975
0.4466900
0.4303788
0.3963606
0.3656312
0.3474893
0.3377456
0.3248172
0.3024414
0.2659060
0.2323676
0.2022884
0.1769200
0.1588142
0.1495936
0.1446243
0.1437415
0.1331226
0.1221906
0.0821858
0.0321287
-0.0241455
-0.0873870
-0.1526050
-0.1908267
-0.2109064
-0.2400636
-0.2646561
-0.2736324
-0.2755283
-0.2724186
-0.2573083
-0.2345249
-0.2031251
-0.1737771
-0.1537653
-0.1371449
-0.1203900
-0.0959470
-0.0503525
0.0425993
0.1391282
0.2058995
0.2659118
0.3101938
0.3267448
0.3187887
0.2814166
0.1961241
0.0831781
0.0065669
-0.0342959
-0.0435909
-0.0189694
0.0605542
0.1511195
0.2209578
0.2802838
0.3105710
0.3110550
0.2977321
0.2809846
0.2406416
0.1909409
0.1480460
0.1153019
0.0919818
0.0774754
0.0634102
0.0415316
0.0132619
-0.0264750
-0.0863986
-0.1504664
-0.2115162
-0.2579860
-0.2874929
-0.3108860
-0.3284485
-0.3302273
-0.3216209
-0.3138381
-0.3185488
-0.3273648
-0.3320610
-0.3363209
-0.3412628
-0.3476598
-0.3557431
-0.3421616
-0.3081506
-0.2848442
-0.2025760
-0.0832889
-0.0012774
0.0390936
0.0721932
0.0836019
0.0810873
0.0736125
0.0655237
0.0633582
0.0612965
0.0687725
0.0867484
0.1164242
0.1548173
0.2094499
0.2643613
0.3296435
0.4071302
0.4656527
0.4828771
0.4433318
0.3314021
0.2265644
0.1142631
0.0231635
-0.0191889
-0.0490744
-0.0695694
-0.0849439
-0.0987237
-0.1135639
-0.1246883
-0.1282219
-0.1181756
-0.0989676
-0.0752079
-0.0513476
-0.0292326
-0.0155780
-0.0122682
-0.0153484
-0.0220741
-0.0297765
-0.0376782
-0.0477597
-0.0614376
-0.0750780
-0.0925121
-0.1136361
-0.1331141
-0.1579674
-0.1764836
-0.1866911
-0.1889742
-0.1781916
-0.1476357
-0.1039591
-0.0681174
-0.0462912
-0.0318464
-0.0240054
-0.0257227
-0.0323736
-0.0420478
-0.0510401
-0.0585400
-0.0597772
-0.0529425
-0.0403724
-0.0207781
-0.0019107
0.0119669
0.0185719
0.0150503
0.0075348
-0.0012835
-0.0080497
-0.0117379
-0.0130238
-0.0172741
-0.0219748
-0.0319115
-0.0441518
-0.0644984
-0.0827512
-0.1078099
-0.1365391
-0.1497352
-0.1525472
-0.1441135
-0.1265096
-0.0945677
-0.0708208
-0.0614197
-0.0621932
-0.0730653
-0.0886289
-0.1010675
-0.1056474
-0.0970115
-0.0691739
-0.0283810
0.0196306
0.0605702
0.1005693
0.1290567
0.1530804
0.1681864
0.1802247
0.1900031
0.1998522
0.2042045
0.2046163
0.1947889
0.1688251
0.1010283
0.0062051
-0.0772299
-0.1312557
-0.1673830
-0.1867041
-0.1944695
-0.1893225
-0.1737569
-0.1441934
-0.0914211
-0.0174959
0.0513726
0.0995601
0.1380482
0.1704117
0.1944912
0.2060758
0.2009634
0.1782653
0.1138378
0.0298495
-0.0516823
-0.1063079
-0.1353173
-0.1486009
-0.1467990
-0.1212602
-0.0656086
-0.0056625
0.0269189
0.0410390
0.0352018
0.0118781
-0.0208448
-0.0482754
-0.0674334
-0.0701576
-0.0600681
-0.0257428
0.0171188
0.0540638
0.0875346
0.1109279
0.1260284
0.1375699
0.1477122
0.1610048
0.1766021
0.1944146
0.2133239
0.2311725
0.2427167
0.2441674
0.2324254
0.2057492
0.1606103
0.1104986
0.0601897
0.0254423
0.0078842
-0.0027273
0.0034548
0.0192617
0.0486640
0.0698253
0.0795296
0.0812243
0.0749204
0.0664168
0.0589012
0.0529059
0.0501639
0.0502308
0.0505805
0.0516398
0.0483214
0.0427885
0.0301200
0.0143286
-0.0061311
-0.0258477
-0.0466978
-0.0707313
-0.0953615
-0.1206039
-0.1448786
-0.1619570
-0.1663773
-0.1627923
-0.1436281
-0.1057419
-0.0662132
-0.0277790
-0.0076117
-0.0032525
-0.0026305
-0.0050783
-0.0017883
0.0060334
0.0153989
0.0216928
0.0245196
0.0203947
0.0140982
0.0061480
-0.0014959
-0.0055845
-0.0081010
-0.0144079
-0.0262233
-0.0430429
-0.0655809
-0.0842223
-0.0950865
-0.0986668
-0.0932971
-0.0776156
-0.0544003
-0.0283786
-0.0125829
-0.0030322
0.0038662
0.0084845
0.0145032
0.0221482
0.0278931
0.0345192
0.0387214
0.0323306
0.0192620
-0.0007165
-0.0186950
-0.0315139
-0.0364861
-0.0364380
-0.0245741
-0.0065546
0.0058057
0.0115091
0.0039837
-0.0110515
-0.0278145
-0.0360043
-0.0368579
-0.0328758
-0.0244745
-0.0061307
0.0187195
0.0367777
0.0455366
0.0380642
0.0118165
-0.0217184
-0.0559727
-0.0897854
-0.1184936
-0.1344596
-0.1420910
-0.1434459
-0.1372522
-0.1206796
-0.0961685
-0.0726695
-0.0528458
-0.0442052
-0.0424820
-0.0435602
-0.0448047
-0.0440871
-0.0419778
-0.0369371
-0.0324762
-0.0256878
-0.0164416
-0.0002596
0.0253517
0.0523245
0.0767961
0.1000899
0.1220236
0.1423511
0.1576798
0.1693685
0.1743725
0.1727743
0.1668758
0.1583893
0.1483423
0.1353076
0.1063631
0.0676160
0.0311750
-0.0049889
-0.0288108
-0.0364176
-0.0401482
-0.0420442
-0.0433591
-0.0471749
-0.0513323
-0.0549811
-0.0530428
-0.0444677
-0.0295329
-0.0139677
0.0005453
0.0088494
0.0092969
0.0037766
-0.0113256
-0.0304531
-0.0507941
-0.0712759
-0.0872316
-0.0915867
-0.0813093
-0.0505987
-0.0097932
0.0266826
0.0606796
0.0782309
0.0782699
0.0700977
0.0525948
0.0319196
0.0178955
0.0137869
0.0175367
0.0306107
0.0495402
0.0664155
0.0789935
0.0928265
0.1012922
0.1098933
0.1158328
0.1195451
0.1248666
0.1320023
0.1358129
0.1362898
0.1283940
0.1065582
0.0720402
0.0355389
0.0097522
-0.0045888
-0.0114488
-0.0125651
-0.0061654
0.0032729
0.0111220
0.0113463
0.0028391
-0.0145451
-0.0306661
-0.0442709
-0.0539744
-0.0595680
-0.0601295
-0.0548567
-0.0475695
-0.0418007
-0.0379911
-0.0370346
-0.0393715
-0.0427141
-0.0437676
-0.0440774
-0.0479192
-0.0494426
-0.0518012
-0.0558219
-0.0615829
-0.0704192
-0.0807833
-0.0919446
-0.0998699
-0.1006487
-0.0885107
-0.0563576
-0.0159099
0.0207947
0.0463893
0.0537968
0.0480097
0.0295784
0.0036203
-0.0173354
-0.0250580
-0.0193368
-0.0026256
0.0152624
0.0312358
0.0379649
0.0358122
0.0244126
0.0094754
-0.0103310
-0.0265647
-0.0388253
-0.0510909
-0.0615001
-0.0723483
-0.0819064
-0.0898070
-0.0907457
-0.0837571
-0.0737126
-0.0607469
-0.0436001
-0.0302164
-0.0196816
-0.0175450
-0.0204317
-0.0285223
-0.0398100
-0.0474756
-0.0517473
-0.0535312
-0.0503685
-0.0460615
-0.0416472
-0.0377027
-0.0345747
-0.0299073
-0.0230004
-0.0132845
0.0010748
0.0159271
0.0292576
0.0388391
0.0453367
0.0473947
0.0427146
0.0333487
0.0229547
0.0123350
0.0035455
0.0007759
0.0042033
0.0126267
0.0229293
0.0323570
0.0396875
0.0436748
0.0450357
0.0418762
0.0339936
0.0248289
0.0153408
0.0075583
0.0048397
0.0035726
0.0005875
-0.0008440
-0.0008015
-0.0012673
-0.0007208
0.0007137
0.0063254
0.0119980
0.0171904
0.0236801
0.0263944
0.0226251
0.0176299
0.0097625
-0.0036616
-0.0218506
-0.0401784
-0.0540511
-0.0658890
-0.0735853
-0.0773016
-0.0780877
-0.0768139
-0.0765126
-0.0754140
-0.0717958
-0.0647965
-0.0513294
-0.0319177
-0.0084606
0.0129493
0.0326294
0.0499308
0.0643422
0.0730177
0.0777845
0.0829226
0.0856888
0.0863166
0.0863562
0.0824176
0.0726280
0.0605614
0.0479825
0.0357565
0.0259646
0.0180531
0.0154570
0.0166396
0.0201297
0.0255086
0.0319284
0.0395686
0.0456717
0.0483221
0.0489156
0.0456831
0.0350401
0.0207843
0.0041013
-0.0139443
-0.0295601
-0.0430344
-0.0536362
-0.0610661
-0.0650171
-0.0616889
-0.0560092
-0.0495960
-0.0463670
-0.0439166
-0.0436195
-0.0445161
-0.0425499
-0.0388487
-0.0372589
-0.0392815
-0.0444797
-0.0509890
-0.0558309
-0.0606432
-0.0633472
-0.0616803
-0.0539449
-0.0423372
-0.0269361
-0.0064772
0.0100585
0.0189912
0.0210307
0.0209849
0.0213994
0.0215786
0.0257074
0.0318014
0.0407854
0.0507795
0.0577929
0.0619406
0.0622750
0.0582390
0.0555019
0.0508076
0.0446178
0.0364803
0.0267022
0.0174838
0.0099823
0.0053030
-0.0000183
-0.0077683
-0.0198907
-0.0299527
-0.0388114
-0.0466374
-0.0540720
-0.0592860
-0.0602237
-0.0600123
-0.0580364
-0.0520042
-0.0418621
-0.0294885
-0.0183894
-0.0073211
0.0002818
0.0092418
0.0155336
0.0195994
0.0211379
0.0178012
0.0148202
0.0114977
0.0096642
0.0117477
0.0165242
0.0233285
0.0302709
0.0345658
0.0351401
0.0355363
0.0368663
0.0391102
0.0394450
0.0437572
0.0460610
0.0474924
0.0490826
0.0440888
0.0300817
0.0132307
-0.0003705
-0.0075734
-0.0048359
0.0040413
0.0144157
0.0260766
0.0351210
0.0437667
0.0472496
0.0464400
0.0415085
0.0364465
0.0304671
0.0213837
0.0122539
0.0051955
0.0025479
0.0030216
0.0061252
0.0096024
0.0109597
0.0082508
0.0042342
-0.0026006
-0.0117824
-0.0209755
-0.0300518
-0.0389550
-0.0421752
-0.0416157
-0.0359639
-0.0295216
-0.0238422
-0.0240452
-0.0305128
-0.0384041
-0.0444774
-0.0505192
-0.0532240
-0.0551350
-0.0529345
-0.0460870
-0.0315714
-0.0117770
0.0063607
0.0181476
0.0226816
0.0229017
0.0198121
0.0129128
0.0041976
-0.0018946
-0.0022142
0.0022629
0.0101235
0.0187162
0.0259480
0.0285684
0.0279122
0.0232314
0.0130763
0.0016681
-0.0091784
-0.0215727
-0.0320969
-0.0397592
-0.0428513
-0.0408162
-0.0338841
-0.0246585
-0.0138608
-0.0015664
0.0088790
0.0191327
0.0277051
0.0367018
0.0438852
0.0490018
0.0500697
0.0483103
0.0434316
0.0393833
0.0378511
0.0379599
0.0386243
0.0370796
0.0321057
0.0247082
0.0152410
0.0085015
0.0048625
0.0052933
0.0095242
0.0160223
0.0207998
0.0247851
0.0256788
0.0252400
0.0243545
0.0235521
0.0248173
0.0258484
0.0267159
0.0248228
0.0234860
0.0224855
0.0223563
0.0232389
0.0236744
0.0230662
0.0231502
0.0225936
0.0214622
0.0173313
0.0147717
0.0109227
0.0061697
-0.0022589
-0.0117374
-0.0181858
-0.0220550
-0.0181174
-0.0102504
-0.0026736
0.0021296
0.0032112
0.0047905
0.0034491
0.0031633
0.0041959
0.0065257
0.0051418
0.0018969
-0.0030568
-0.0102160
-0.0160412
-0.0175621
-0.0185177
-0.0171613
-0.0164044
-0.0148855
-0.0102266
-0.0093285
-0.0088388
-0.0093221
-0.0138908
-0.0215149
-0.0294819
-0.0374735
-0.0442080
-0.0467176
-0.0450921
-0.0388507
-0.0324852
-0.0267211
-0.0228472
-0.0189645
-0.0148886
-0.0119909
-0.0122237
-0.0161120
-0.0180326
-0.0198125
-0.0230496
-0.0263402
-0.0283041
-0.0269493
-0.0230746
-0.0224835
-0.0221125
-0.0209956
-0.0233498
-0.0288694
-0.0330453
-0.0390001
-0.0449837
-0.0460241
-0.0432169
-0.0369661
-0.0260075
-0.0139158
-0.0062515
-0.0008350
0.0015997
0.0013566
-0.0029161
-0.0095300
-0.0160184
-0.0221198
-0.0254379
-0.0264197
-0.0223924
-0.0130529
-0.0017882
0.0112130
0.0226668
0.0308188
0.0363798
0.0362555
0.0329003
0.0285825
0.0234343
0.0198750
0.0162782
0.0122533
0.0067584
-0.0011767
-0.0078086
-0.0144621
-0.0177007
-0.0190960
-0.0179469
-0.0174731
-0.0172878
-0.0194056
-0.0212360
-0.0183889
-0.0153290
-0.0099389
-0.0025860
0.0027751
0.0072800
0.0062512
0.0031527
-0.0015745
-0.0042051
-0.0081419
-0.0091433
-0.0085691
-0.0051627
-0.0032745
-0.0022189
-0.0035659
-0.0058770
-0.0078647
-0.0086057
-0.0067427
-0.0032687
0.0021183
0.0059060
0.0093028
0.0111686
0.0131178
0.0173319
0.0193756
0.0231278
0.0274098
0.0301865
0.0298362
0.0290071
0.0263312
0.0232545
0.0220153
0.0190548
0.0193168
0.0235599
0.0282441
0.0327253
0.0381515
0.0418098
0.0436683
0.0459978
0.0431328
0.0362222
0.0286262
0.0234526
0.0194731
0.0182290
0.0221245
0.0293991
0.0358730
0.0400755
0.0386290
0.0301189
0.0139492
-0.0026587
-0.0154118
-0.0244102
-0.0305294
-0.0346667
-0.0359402
-0.0341514
-0.0293243
-0.0218803
-0.0167321
-0.0114169
-0.0080522
-0.0096045
-0.0136833
-0.0187347
-0.0249927
-0.0294416
-0.0325079
-0.0332169
-0.0314563
-0.0273010
-0.0210219
-0.0140187
-0.0079264
-0.0021480
0.0042998
0.0083264
0.0124293
0.0139540
0.0140478
0.0153236
0.0176637
0.0194134
0.0203809
0.0229765
0.0244264
0.0244848
0.0218361
0.0193565
0.0180645
0.0167856
0.0130401
0.0078547
0.0029541
-0.0019635
-0.0063390
-0.0081151
-0.0085356
-0.0082161
-0.0075868
-0.0061560
-0.0043664
-0.0050190
-0.0076409
-0.0133036
-0.0197780
-0.0278995
-0.0331054
-0.0340719
-0.0322257
-0.0251814
-0.0127831
0.0000438
0.0097810
0.0132402
0.0151580
0.0145555
0.0110802
0.0058856
0.0015873
0.0001303
-0.0013088
-0.0016347
-0.0032569
-0.0052626
-0.0062251
-0.0057066
-0.0055591
-0.0071605
-0.0121068
-0.0174465
-0.0228024
-0.0285919
-0.0350319
-0.0410181
-0.0459052
-0.0466236
-0.0441526
-0.0403141
-0.0359947
-0.0302053
-0.0268627
-0.0225089
-0.0180953
-0.0111641
-0.0035418
0.0073534
0.0166600
0.0263113
0.0334746
0.0367216
0.0365800
0.0329253
0.0265652
0.0191843
0.0125891
0.0070774
0.0051719
0.0085158
0.0160077
0.0252290
0.0351742
0.0435095
0.0495576
0.0537686
0.0565628
0.0580623
0.0584203
0.0550353
0.0507221
0.0452389
0.0397378
0.0325473
0.0277868
0.0239645
0.0227787
0.0223478
0.0244315
0.0274728
0.0280450
0.0241691
0.0212305
0.0211367
0.0208227
0.0204033
0.0200653
0.0205756
0.0221137
0.0209970
0.0171146
0.0126143
0.0079600
0.0023160
-0.0027380
-0.0070193
-0.0114199
-0.0133158
-0.0134424
-0.0147980
-0.0176729
-0.0195660
-0.0209285
-0.0235013
-0.0255431
-0.0252472
-0.0264233
-0.0299827
-0.0342458
-0.0412667
-0.0468832
-0.0511137
-0.0530873
-0.0561002
-0.0577075
-0.0569619
-0.0573155
-0.0567541
-0.0554828
-0.0537273
-0.0515707
-0.0474535
-0.0454283
-0.0410295
-0.0370111
-0.0326541
-0.0271235
-0.0224721
-0.0180706
-0.0119455
-0.0082905
-0.0045972
-0.0030202
-0.0041648
-0.0074502
-0.0111037
-0.0143634
-0.0166913
-0.0173261
-0.0173063
-0.0159308
-0.0131429
-0.0098271
-0.0065619
-0.0034435
-0.0032518
-0.0045029
-0.0053913
-0.0062414
-0.0057285
-0.0060064
-0.0058996
-0.0040408
-0.0003010
0.0008433
0.0008150
-0.0015671
-0.0054971
-0.0076280
-0.0081745
-0.0073668
-0.0033788
0.0031724
0.0102896
0.0161853
0.0209612
0.0254688
0.0265068
0.0267887
0.0281843
0.0276686
0.0258236
0.0242623
0.0236100
0.0203036
0.0171589
0.0166854
0.0156417
0.0163828
0.0180486
0.0200666
0.0204207
0.0215971
0.0234011
0.0228988
0.0218241
0.0213351
0.0192770
0.0157833
0.0120758
0.0086294
0.0059544
0.0054061
0.0046191
0.0054459
0.0049249
0.0043150
0.0025422
0.0014900
0.0011019
0.0002952
0.0016658
0.0053263
0.0075170
0.0086971
0.0098836
0.0100956
0.0085812
0.0057102
0.0048086
0.0045835
0.0049555
0.0068749
0.0085902
0.0090864
0.0089578
0.0080654
0.0066124
0.0056469
0.0036442
0.0016534
-0.0001788
-0.0017626
-0.0038300
-0.0063101
-0.0076759
-0.0083830
-0.0089392
-0.0087393
-0.0082164
-0.0084336
-0.0086167
-0.0085001
-0.0085651
-0.0088193
-0.0090493
-0.0089868
-0.0082028
-0.0072084
-0.0058206
-0.0049485
-0.0042162
-0.0029844
-0.0024036
-0.0019456
-0.0009566
-0.0003408
0.0002891
0.0005943
0.0006015
0.0004816
0.0002578
0.0002895
0.0004516
0.0008548
0.0009729
0.0010744
0.0012696
0.0013752
0.0013575
0.0012974
0.0012374
0.0012079
0.0011253
0.0010533
0.0009752
0.0008378
0.0007062
0.0006728
0.0006720
0.0006907
0.0007083
0.0007386
0.0007141
0.0006270
0.0005005
0.0003841
0.0003032
0.0002430
0.0002090
0.0002043
0.0001831
0.0001619
0.0001365
0.0000943
0.0000560
0.0000146
-0.0000307
-0.0000760
-0.0001176
-0.0001567
-0.0001955
-0.0002343
-0.0002697
-0.0003063
-0.0003401
-0.0003726
-0.0004022
-0.0004297
-0.0004552
-0.0004792
-0.0005018
-0.0005232
-0.0005435
-0.0005626
-0.0005805
-0.0005973
-0.0006128
