0.0000200
0.0000198
0.0000198
0.0000196
0.0000197
0.0000195
0.0000195
0.0000193
0.0000193
0.0000191
0.0000191
0.0000193
0.0000187
0.0000187
0.0000187
0.0000187
0.0000190
0.0000185
0.0000182
0.0000184
0.0000181
0.0000185
0.0000183
0.0000186
0.0000175
0.0000178
0.0000204
0.0000136
0.0000209
0.0000149
0.0000212
0.0000135
0.0000203
0.0000121
0.0000230
0.0000090
0.0000221
0.0000103
0.0000222
0.0000092
0.0000204
0.0000106
0.0000193
0.0000069
0.0000211
0.0000058
0.0000280
0.0000034
0.0000237
0.0000065
0.0000258
0.0000024
0.0000240
0.0000027
0.0000296
0.0000037
0.0000179
0.0000149
0.0000125
0.0000141
0.0000127
0.0000159
0.0000160
0.0000186
0.0000134
0.0000080
0.0000138
0.0000127
0.0000148
0.0000129
0.0000164
0.0000148
0.0000193
0.0000167
-0.0000005
0.0000126
0.0000249
0.0000130
-0.0000002
0.0000105
0.0000112
0.0000202
0.0000172
0.0000089
0.0000087
0.0000101
-0.0000103
0.0000458
-0.0000100
0.0000280
-0.0000211
0.0000356
-0.0000179
0.0000511
-0.0000167
0.0000436
-0.0000188
0.0000335
-0.0000096
0.0000239
-0.0000225
0.0000553
-0.0000331
0.0000528
-0.0000290
0.0000422
-0.0000310
0.0000403
-0.0000357
0.0000510
-0.0000379
0.0000487
-0.0000517
0.0000700
-0.0000240
0.0000518
-0.0000447
0.0000437
-0.0000014
-0.0000013
0.0000229
-0.0000077
0.0000191
-0.0000143
0.0000205
0.0000039
0.0000051
0.0000075
0.0000227
-0.0000089
0.0000001
0.0000045
0.0000132
-0.0000011
-0.0000094
-0.0000033
0.0000071
-0.0000220
0.0000265
-0.0000141
0.0000136
-0.0000213
0.0000131
-0.0000098
0.0000284
-0.0000142
0.0000139
0.0000382
0.0000961
-0.0000583
0.0000635
-0.0000425
0.0000710
-0.0000764
0.0000589
-0.0000583
0.0001045
-0.0001069
0.0000531
-0.0000731
0.0001013
-0.0000875
0.0000912
-0.0001021
0.0000873
-0.0000797
0.0001102
-0.0000825
0.0001003
-0.0001017
0.0000536
-0.0000728
0.0000981
-0.0000807
0.0000870
-0.0001305
0.0001272
-0.0001637
-0.0079401
0.0001358
0.0000245
0.0001060
0.0000662
0.0001405
0.0000588
0.0000802
0.0000387
0.0000872
0.0000796
0.0001104
0.0000273
0.0000922
0.0000838
0.0000741
0.0000534
0.0001032
0.0000454
0.0001305
0.0000649
0.0001122
0.0000272
0.0000787
0.0000407
0.0001440
0.0000174
0.0001257
0.0000489
0.0000689
0.0000753
0.0001380
-0.0000314
0.0001843
-0.0000620
0.0002062
-0.0000163
0.0001884
-0.0000423
0.0001134
-0.0000484
0.0001754
-0.0000165
0.0001766
0.0000065
0.0001970
-0.0000557
0.0001934
-0.0000878
0.0001913
-0.0000430
0.0002394
-0.0000574
0.0001712
-0.0000644
0.0002649
-0.0000268
0.0001296
-0.0000970
0.0002405
-0.0000436
-0.0105551
0.0002153
0.0001576
0.0001771
0.0001514
0.0002156
0.0001098
0.0001886
0.0001113
0.0001743
0.0001507
0.0002243
0.0001162
0.0001155
0.0001070
0.0001682
0.0001269
0.0002091
0.0001037
0.0002388
0.0000475
0.0001864
0.0001162
0.0001691
0.0000820
0.0001923
0.0001206
0.0002277
0.0001128
0.0001870
0.0000969
0.0002371
0.0000173
0.0002763
-0.0000420
0.0002856
0.0000272
0.0002737
-0.0000494
0.0003002
-0.0000018
0.0002682
-0.0000190
0.0003203
-0.0000008
0.0002636
-0.0000411
0.0002627
-0.0000177
0.0002356
-0.0000201
0.0003195
-0.0000322
0.0002374
0.0000431
0.0002357
0.0000299
0.0002111
0.0000099
0.0002777
-0.0000009
0.0000605
0.0001724
0.0000849
0.0001537
0.0001338
0.0001619
0.0000988
0.0001431
0.0000873
0.0001518
0.0000571
0.0002126
0.0000610
0.0001993
0.0000650
0.0001919
0.0001064
0.0001495
0.0000933
0.0002097
0.0000221
0.0002056
0.0000809
0.0001345
0.0000725
0.0001533
0.0000840
0.0001430
0.0000308
0.0002182
0.0000233
0.0003014
-0.0000427
0.0002005
0.0000168
0.0001947
-0.0000277
0.0002312
-0.0000062
0.0001535
0.0000132
0.0001466
-0.0000164
0.0001862
-0.0000534
0.0002863
-0.0000525
0.0001912
-0.0000116
0.0002014
-0.0000719
0.0002296
-0.0000040
0.0001905
-0.0000297
0.0002513
-0.0000775
0.0002043
-0.0000381
0.0001888
-0.0000277
0.0001822
0.0001106
0.0000401
0.0000824
0.0000062
0.0001410
-0.0000021
0.0000984
-0.0000098
0.0001757
-0.0000227
0.0000855
0.0000074
0.0001684
-0.0000200
0.0001343
0.0000123
0.0001361
0.0000530
0.0001546
-0.0000120
0.0001738
0.0000269
0.0001693
-0.0000078
0.0001306
0.0000042
0.0001425
0.0000188
0.0001268
0.0000077
0.0001961
-0.0000503
0.0001174
0.0000069
0.0002371
-0.0000875
0.0001857
-0.0000581
0.0001559
-0.0000460
0.0001780
0.0000119
0.0001690
-0.0000904
0.0001858
-0.0000439
0.0001299
-0.0000776
0.0001511
-0.0001156
0.0002157
-0.0000663
0.0001468
-0.0001000
0.0001797
-0.0000375
0.0001928
-0.0000765
0.0001358
-0.0000627
0.0002202
0.0000663
-0.0000673
0.0001804
-0.0000227
0.0001157
-0.0000050
0.0001104
-0.0000132
0.0001253
-0.0000057
0.0000939
-0.0000555
0.0000648
-0.0000139
0.0000988
-0.0000105
0.0001151
-0.0000447
0.0000526
-0.0000865
0.0000673
-0.0000144
0.0001272
-0.0000127
0.0000512
-0.0000375
0.0001158
0.0000206
0.0000539
0.0000228
0.0000989
-0.0000576
0.0001646
-0.0000660
0.0001291
-0.0000941
0.0001747
-0.0000376
0.0001660
-0.0000994
0.0001595
-0.0001534
0.0001465
-0.0000500
0.0001597
-0.0001476
0.0001294
-0.0000513
0.0000751
-0.0001105
0.0001788
-0.0001475
0.0001454
-0.0000974
0.0001131
-0.0001265
0.0001635
-0.0000941
0.0000894
-0.0001216
0.0002063
0.0000956
-0.0000056
0.0000674
-0.0000424
0.0001246
-0.0000997
0.0001228
-0.0000817
0.0000892
-0.0000389
0.0000669
-0.0000955
0.0000670
-0.0001632
-0.0000473
-0.0002562
-0.0001796
-0.0004405
-0.0004395
-0.0008215
-0.0008234
-0.0009829
-0.0007573
-0.0005120
-0.0000656
0.0003340
0.0015547
0.0029265
0.0040347
0.0037883
0.0028436
0.0018019
0.0003058
-0.0019225
-0.0045916
-0.0086408
-0.0104266
-0.0065501
-0.0021279
-0.0001720
0.0022960
0.0021472
0.0000277
-0.0032196
-0.0058480
-0.0141633
-0.0249826
-0.0288353
-0.0310588
-0.0358746
-0.0239376
-0.0065205
-0.0034002
-0.0133867
-0.0018522
0.0139544
0.0019495
-0.0128414
-0.0138364
-0.0186125
-0.0378479
-0.0373460
-0.0242429
-0.0045069
0.0004858
0.0131332
0.0270942
0.0425066
0.0367871
0.0128955
-0.0176949
-0.0331973
-0.0241344
0.0068753
-0.0015733
-0.0195059
-0.0183210
0.0026546
0.0132280
-0.0030131
-0.0039859
0.0041703
-0.0086744
-0.0134297
0.0048756
0.0244042
0.0065799
-0.0467336
-0.0650273
-0.0391546
-0.0387378
-0.0456519
-0.0412289
-0.0181908
-0.0075680
-0.0175729
-0.0181230
0.0077297
-0.0283512
-0.0657482
-0.0305291
0.0188106
0.0116411
-0.0111571
-0.0074314
-0.0309502
-0.0477002
-0.0366313
-0.0144358
-0.0121951
-0.0028991
0.0376392
0.0795926
0.0761769
0.0129646
-0.0306337
-0.0085615
-0.0090085
-0.0432226
-0.0374466
-0.0220355
-0.0138702
-0.0015367
0.0170367
0.0440713
0.0603013
0.0282563
0.0330912
0.0257977
0.0113085
0.0128316
-0.0018528
-0.0098730
0.0008192
0.0170455
0.0233735
0.0354563
0.0369583
0.0551158
0.0596866
0.0189744
-0.0071940
-0.0256443
-0.0360832
-0.0488578
-0.0552887
-0.0052955
0.0369479
0.0263739
0.0208924
0.0453126
0.0414095
-0.0096649
-0.0415029
-0.0758087
-0.0567456
-0.0360730
-0.0389946
-0.0329818
-0.0080335
0.0102591
0.0084267
0.0087335
0.0224137
0.0290217
0.0123346
0.0134121
0.0361436
0.0465508
0.0332372
0.0205254
0.0500668
0.0734975
0.0484264
0.0472370
0.0737618
0.0787765
0.0478282
0.0152960
0.0132563
0.0138788
0.0012721
-0.0050564
-0.0049584
-0.0079871
-0.0175534
-0.0112896
0.0075370
0.0160320
0.0064473
0.0130155
0.0110362
0.0107167
-0.0012505
-0.0125583
-0.0088479
-0.0172458
-0.0053360
0.0185506
0.0177872
0.0075263
0.0052026
0.0163688
0.0031427
-0.0169280
-0.0109240
-0.0065580
-0.0131875
-0.0362172
-0.0431059
-0.0180155
-0.0205836
-0.0154851
-0.0021236
-0.0017655
-0.0026660
-0.0035284
0.0200284
0.0429081
0.0412961
0.0479148
0.0434412
0.0323614
0.0214606
0.0188292
0.0225482
0.0031233
-0.0107244
-0.0006512
0.0073042
0.0094669
0.0119450
0.0103294
0.0086834
0.0016181
0.0052496
0.0165059
0.0308062
0.0164652
0.0194922
0.0249346
0.0148331
0.0102589
-0.0037825
-0.0020768
0.0106917
0.0075670
-0.0089292
-0.0141337
-0.0178028
-0.0080464
-0.0146390
-0.0407604
-0.0365079
-0.0357055
-0.0393992
-0.0435308
-0.0190292
0.0277920
0.0479944
0.0562031
0.0619425
0.0738612
0.0703948
0.0753265
0.0725055
0.0546454
0.0326137
0.0260062
0.0257724
0.0253930
0.0283706
0.0045087
0.0005685
0.0104016
0.0218039
0.0364571
0.0293903
0.0092264
0.0053534
-0.0202572
-0.0501470
-0.0631518
-0.0673895
-0.0729027
-0.0791997
-0.0636940
-0.0486910
-0.0493323
-0.0479399
-0.0146418
0.0166140
-0.0024543
0.0122660
0.0388922
0.0285007
0.0028838
0.0031952
0.0165286
0.0033300
-0.0203278
-0.0403924
-0.0135961
-0.0125550
-0.0250554
-0.0113889
0.0107741
0.0285457
0.0293125
0.0339322
0.0327895
0.0135769
-0.0061679
0.0008233
-0.0009215
-0.0009849
-0.0127912
-0.0121534
-0.0015451
-0.0111236
0.0011348
0.0131242
0.0093187
0.0247346
0.0206560
0.0325235
0.0124389
-0.0199891
-0.0091852
-0.0040616
0.0196663
0.0247698
0.0066612
0.0097752
0.0274547
0.0239902
0.0196516
-0.0063049
-0.0126151
0.0215464
0.0280548
0.0118847
0.0327116
0.0471852
0.0220738
-0.0061548
-0.0308009
-0.0201963
-0.0091599
-0.0158530
0.0070872
0.0294800
-0.0047660
-0.0191146
0.0203982
0.0233448
-0.0077609
-0.0277392
-0.0150104
0.0211512
0.0122970
-0.0038353
0.0024025
0.0029772
-0.0198676
-0.0146272
0.0161733
0.0176754
0.0205855
0.0172709
0.0213617
0.0355601
0.0449597
0.0248744
0.0095105
-0.0169588
-0.0085965
-0.0211801
-0.0309064
-0.0080380
0.0239900
0.0697033
0.0551827
0.0573087
0.0587245
0.0436646
0.0409165
0.0368731
0.0412637
0.0593519
0.0691775
0.0462279
0.0352301
0.0418554
0.0489335
0.0579744
0.0280674
0.0273713
0.0742638
0.0701558
0.0404899
0.0366062
0.0449696
0.0458422
0.0251647
-0.0075149
0.0297617
0.0688216
0.0211377
-0.0032517
-0.0061919
-0.0183135
-0.0246588
-0.0476682
-0.0444525
-0.0136651
0.0087271
0.0221240
0.0228398
0.0326512
0.0243513
0.0080110
-0.0012801
-0.0230619
-0.0651858
-0.1342305
-0.1176984
-0.1009458
-0.0917306
-0.0736151
-0.0876293
-0.0813351
-0.0906421
-0.1056003
-0.0664600
-0.0353999
-0.0248086
-0.0264104
-0.0086131
0.0106864
0.0210548
0.0016515
-0.0333747
-0.0397567
-0.0147173
-0.0044861
-0.0434996
-0.0380671
-0.0008497
-0.0022809
-0.0318244
-0.0815298
-0.0884938
-0.0553958
-0.0663400
-0.0850771
-0.1049097
-0.0978216
-0.0588219
-0.0953528
-0.1396991
-0.1057273
-0.1012805
-0.1125995
-0.1202957
-0.1474348
-0.1690737
-0.1450982
-0.1581928
-0.1906475
-0.1474290
-0.0862366
-0.0731170
-0.0694833
-0.0785298
-0.0638057
-0.0670379
-0.0945529
-0.1165330
-0.1138414
-0.0923958
-0.0876138
-0.0860734
-0.0258844
0.0365849
0.0565887
0.0808899
0.0925921
0.1101091
0.1496500
0.1785630
0.2128037
0.2549861
0.2514575
0.2199232
0.2193264
0.2316610
0.2251238
0.2394726
0.2102432
0.1639468
0.1318025
0.1103533
0.0986785
0.1056372
0.0817594
0.0912143
0.1081873
0.0840311
0.1092971
0.1274939
0.1459869
0.1649164
0.1523767
0.1298815
0.1349837
0.1568649
0.1466242
0.1259796
0.1196131
0.1206358
0.1172931
0.1223714
0.1323182
0.1537494
0.1306735
0.0918887
-0.0127499
-0.1262215
-0.1898759
-0.1999707
-0.2118139
-0.2045239
-0.2281077
-0.2636345
-0.2877631
-0.3062056
-0.3229792
-0.3124524
-0.2683741
-0.2351622
-0.2234071
-0.2189811
-0.2061740
-0.1664524
-0.0903119
-0.0348609
-0.0391768
-0.0431691
-0.0063596
0.0250603
0.0240816
-0.0023311
-0.0205525
-0.0332038
-0.0802273
-0.1347476
-0.1709681
-0.1775313
-0.1856420
-0.2403151
-0.2786018
-0.3131272
-0.3557272
-0.3626950
-0.3760410
-0.4284468
-0.4413160
-0.4459039
-0.4685962
-0.4814899
-0.4755770
-0.4677508
-0.4553050
-0.4348973
-0.4009572
-0.3512347
-0.3098629
-0.2740153
-0.2183236
-0.1216871
0.0403272
0.1830410
0.2116231
0.2058287
0.2075482
0.1980430
0.2797925
0.3610549
0.3303877
0.4008459
0.5569218
0.7089994
0.8427240
0.9713247
1.0819524
1.1884099
1.1749801
1.0813267
1.0004270
0.7564445
0.4332096
0.1903007
0.2106579
0.3945876
0.4640892
0.4051982
0.2870868
0.2384105
0.2357546
0.2889003
0.3920227
0.3626473
0.2856707
0.2556566
0.2719129
0.3272607
0.3433493
0.3330176
0.2613210
0.2111651
0.1790167
0.0811619
0.0087580
-0.0013214
0.0107304
-0.0342287
-0.1119277
-0.1529590
-0.1716198
-0.2033462
-0.2458841
-0.3154926
-0.4029137
-0.4783947
-0.5259872
-0.5593320
-0.6304954
-0.7174989
-0.7372621
-0.6934439
-0.6674730
-0.6815660
-0.7158024
-0.6829417
-0.6335790
-0.5328033
-0.4838149
-0.4623870
-0.4152800
-0.3468867
-0.2593905
-0.1552609
-0.0637099
0.0294634
0.1472513
0.2033476
0.1884251
0.1675073
0.1416994
0.1277803
0.1288833
0.1542841
0.1717498
0.1446373
0.1079242
0.0788083
0.0503341
0.1103444
0.1938598
0.2175838
0.2183164
0.2040557
0.1448714
0.0725627
-0.0141002
-0.0655877
-0.1532379
-0.1808273
-0.1769489
-0.2058952
-0.2495920
-0.2821998
-0.3150808
-0.3351576
-0.3344886
-0.3131546
-0.2773417
-0.2541033
-0.2491223
-0.2215228
-0.1585888
-0.0991982
-0.0582088
-0.0167643
0.0257469
0.0477289
0.0578929
0.0793463
0.0827674
0.0451726
0.0195377
0.0739122
0.1245581
0.1115854
0.0620890
0.0360348
0.0231918
0.0467134
0.0348258
-0.0188997
-0.0387734
-0.0029423
0.0355247
0.0274021
-0.0116481
-0.0431415
-0.0217059
-0.0016960
-0.0219139
-0.0290462
-0.0230420
-0.0039140
0.0156446
0.0133789
0.0148545
0.0129972
0.0075964
0.0143504
0.0634065
0.0885195
0.0782887
0.0845894
0.1353097
0.1781252
0.1822737
0.1763492
0.1823720
0.1825078
0.1768015
0.1739216
0.1403855
0.1250580
0.1267609
0.1283781
0.1199305
0.1064341
0.1060722
0.1142417
0.1240089
0.1393175
0.1519417
0.1509447
0.1557089
0.1213706
0.0790642
0.0653147
0.0789443
0.0686204
0.0408580
0.0148732
0.0024501
0.0125189
0.0036168
-0.0319260
-0.0319526
-0.0179310
-0.0413812
-0.0567457
-0.0711832
-0.0564306
-0.0552941
-0.0688197
-0.1028810
-0.1321302
-0.1184349
-0.1228065
-0.1561915
-0.1654034
-0.1613285
-0.1564357
-0.1550962
-0.1600251
-0.1700274
-0.1833026
-0.1824659
-0.1739390
-0.1615351
-0.1497222
-0.1340550
-0.1101032
-0.0941412
-0.0826200
-0.0634939
-0.0428398
-0.0138657
0.0081184
0.0053329
0.0024184
0.0253358
0.0701696
0.0965001
0.1050505
0.1244041
0.1373773
0.1582853
0.1772480
0.1832809
0.2035095
0.2354151
0.2521828
0.2479461
0.2394394
0.2534414
0.2744084
0.2715112
0.2545743
0.2494142
0.2491989
0.2428583
0.2402775
0.2572129
0.2773475
0.2548604
0.1893369
0.1422991
0.1255358
0.0878051
0.0299271
0.0105764
-0.0019909
0.0057902
0.0225462
0.0267409
-0.0031370
-0.0341945
-0.0735436
-0.0870516
-0.0436292
-0.0276894
-0.0343962
-0.0439485
-0.0279204
0.0032111
0.0189087
0.0013837
-0.0179001
-0.0033056
-0.0111793
-0.0370547
-0.0702607
-0.0990326
-0.1082405
-0.1144995
-0.1400922
-0.1738725
-0.1940707
-0.1860322
-0.1897805
-0.2052045
-0.2298663
-0.2315136
-0.2168425
-0.1843849
-0.1649179
-0.1671229
-0.1553317
-0.1273036
-0.1162523
-0.1327527
-0.0946357
-0.1048626
-0.1521412
-0.1178012
-0.1404602
-0.1002840
-0.1150786
-0.1106179
-0.0941965
-0.0904519
-0.0955782
-0.0940217
-0.0667641
-0.0249322
-0.0030700
0.0154333
0.0306616
0.0485578
0.0655050
0.0680475
0.0666164
0.0729150
0.0714323
0.0438066
0.0389433
0.0559638
0.0617173
0.0779709
0.0829264
0.0677193
0.0182836
-0.0142273
-0.0191899
-0.0106066
-0.0121826
-0.0580572
-0.0747886
-0.0407328
-0.0440273
-0.0525086
-0.0378580
-0.0358334
-0.0059483
0.0206149
0.0232213
0.0331333
0.0170329
0.0142360
0.0659359
0.0352438
0.0063862
-0.0055380
-0.0528474
-0.0879502
-0.0832798
-0.0769017
-0.0726743
-0.0833655
-0.1136930
-0.0689749
-0.0540903
-0.0394820
-0.0223828
-0.0296254
-0.0209580
0.0171607
0.0329657
0.0207021
0.0301356
0.0689690
0.0801570
0.0801306
0.0777279
0.0732475
0.0835619
0.0927366
0.0889285
0.0729816
0.0554143
0.0616645
0.0617628
0.0499378
0.0477474
0.0470186
0.0438958
0.0340649
0.0144279
0.0104707
0.0329385
0.0358424
0.0170813
0.0136448
0.0173253
0.0200108
0.0245049
0.0362877
0.0515063
0.0354301
0.0807313
0.1101662
0.0960344
0.1309794
0.1093615
0.1050807
0.1434593
0.1319245
0.1382593
0.1468033
0.1322273
0.1473698
0.1299400
0.0981843
0.0497014
0.0311481
0.0287174
0.0567155
0.0628308
0.0448149
0.0247310
0.0335656
0.0523408
0.0630023
0.0642538
0.0764091
0.0931252
0.0917037
0.0726076
0.0778793
0.0849731
0.0609523
0.0517177
0.0537151
0.0373129
0.0110755
-0.0029332
0.0045832
0.0128103
0.0003263
-0.0136828
-0.0164817
-0.0129575
-0.0071441
-0.0053797
-0.0071182
-0.0079098
-0.0076107
-0.0128704
-0.0159378
-0.0252746
-0.0404088
-0.0526062
-0.0513579
-0.0498424
-0.0572401
-0.0667315
-0.0703150
-0.0804059
-0.0942345
-0.0884123
-0.0830544
-0.0894569
-0.0901413
-0.0933392
-0.1012907
-0.1011264
-0.0982575
-0.0856518
-0.0761865
-0.0757609
-0.0726769
-0.0617613
-0.0470532
-0.0257000
-0.0019029
0.0066583
0.0169236
0.0243459
0.0287354
0.0269552
0.0256298
0.0203784
0.0102200
-0.0000700
-0.0099906
-0.0132411
-0.0138902
-0.0182597
-0.0242990
-0.0201962
-0.0032106
0.0093516
0.0153825
0.0219643
0.0314240
0.0289983
0.0160920
0.0032241
-0.0097234
-0.0301663
-0.0549669
-0.0700126
-0.0628943
-0.0518203
-0.0555035
-0.0620505
-0.0683484
-0.0561442
-0.0524859
-0.0750279
-0.0849072
-0.0841801
-0.0897370
-0.0952908
-0.1019239
-0.1049606
-0.0967991
-0.1010210
-0.1101110
-0.1003846
-0.0899245
-0.0825299
-0.0792562
-0.0739119
-0.0751147
-0.0812463
-0.0815809
-0.0794384
-0.0785096
-0.0851703
-0.0866093
-0.0754472
-0.0735100
-0.0692629
-0.0638729
-0.0597633
-0.0404434
-0.0308216
-0.0330255
-0.0230272
-0.0122124
-0.0077903
-0.0021166
0.0031034
0.0004014
-0.0137621
-0.0196670
-0.0099446
-0.0017771
-0.0033603
-0.0141351
-0.0186675
-0.0097923
-0.0050111
-0.0145883
-0.0250699
-0.0220521
-0.0172452
-0.0174160
-0.0193194
-0.0235953
-0.0124980
0.0129707
0.0239581
0.0205842
0.0222695
0.0323625
0.0429591
0.0523029
0.0489660
0.0450074
0.0530614
0.0500869
0.0391309
0.0363811
0.0360581
0.0332315
0.0234836
0.0138562
0.0223598
0.0402651
0.0439039
0.0469937
0.0661018
0.0826755
0.0870258
0.0933876
0.1034249
0.1091947
0.1183891
0.1237109
0.1173391
0.1108918
0.1207274
0.1309648
0.1261621
0.1165143
0.1115147
0.1066146
0.1072970
0.1009361
0.0874507
0.0796764
0.0743951
0.0721124
0.0649324
0.0584656
0.0585407
0.0511633
0.0419277
0.0394460
0.0301749
0.0140931
-0.0004284
-0.0117665
-0.0120379
-0.0050737
-0.0136136
-0.0168986
-0.0016702
0.0075847
0.0076208
0.0106577
0.0269175
0.0495923
0.0546019
0.0492192
0.0497583
0.0622678
0.0821364
0.0968831
0.1016020
0.1017914
0.0997901
0.0903079
0.0709421
0.0581902
0.0562644
0.0433782
0.0252684
0.0115561
0.0026437
-0.0009017
-0.0072200
-0.0113995
-0.0138332
-0.0209461
-0.0262889
-0.0221715
-0.0176302
-0.0193683
-0.0219163
-0.0230878
-0.0202118
-0.0178416
-0.0276840
-0.0271021
-0.0203129
-0.0048220
0.0019315
0.0041420
0.0129541
0.0238305
0.0321254
0.0355908
0.0274077
0.0203154
0.0177247
0.0066127
-0.0096420
-0.0256064
-0.0431796
-0.0556296
-0.0559049
-0.0606701
-0.0702023
-0.0745673
-0.0717330
-0.0654761
-0.0670929
-0.0747144
-0.0791902
-0.0844591
-0.0855748
-0.0861324
-0.0957149
-0.1047800
-0.1074950
-0.1062962
-0.1010699
-0.0952790
-0.0836078
-0.0621522
-0.0319205
-0.0046203
0.0109567
0.0257828
0.0461206
0.0689154
0.0853520
0.0894670
0.0821782
0.0775653
0.0814960
0.0829475
0.0711427
0.0455442
0.0221399
0.0035689
-0.0173099
-0.0312280
-0.0399070
-0.0441446
-0.0500886
-0.0634180
-0.0684280
-0.0661944
-0.0620619
-0.0639158
-0.0647557
-0.0562171
-0.0360399
-0.0219183
-0.0056555
0.0156287
0.0423100
0.0696934
0.0892353
0.0997281
0.1018865
0.1095385
0.1202030
0.1115248
0.1026183
0.1023151
0.0967818
0.0803575
0.0564202
0.0300160
0.0093494
-0.0049782
-0.0219899
-0.0373576
-0.0462111
-0.0509056
-0.0505847
-0.0474911
-0.0435689
-0.0403044
-0.0362730
-0.0243403
-0.0116226
0.0030098
0.0227098
0.0378727
0.0496145
0.0662676
0.0798586
0.0892137
0.0934971
0.0933909
0.0917691
0.0844510
0.0740945
0.0568441
0.0273088
0.0045357
-0.0070350
-0.0146032
-0.0187941
-0.0257574
-0.0320622
-0.0306282
-0.0249845
-0.0197384
-0.0140278
-0.0159827
-0.0263727
-0.0336241
-0.0348968
-0.0369404
-0.0473476
-0.0573442
-0.0643253
-0.0741282
-0.0830257
-0.0864070
-0.0891100
-0.0926652
-0.1002966
-0.1058750
-0.1005662
-0.0943900
-0.0974381
-0.1044020
-0.1046219
-0.1020361
-0.0973312
-0.0917640
-0.0840178
-0.0685259
-0.0500084
-0.0336123
-0.0199263
-0.0043852
0.0085494
0.0100911
0.0062895
0.0061304
0.0090699
0.0091952
0.0050237
-0.0105227
-0.0260606
-0.0298345
-0.0367007
-0.0513504
-0.0598477
-0.0684888
-0.0779924
-0.0826111
-0.0872952
-0.0879874
-0.0855206
-0.0868665
-0.0835183
-0.0802835
-0.0854729
-0.0895987
-0.0886698
-0.0877762
-0.0927096
-0.1063167
-0.1124646
-0.1084032
-0.1049551
-0.1067078
-0.1154309
-0.1265730
-0.1266681
-0.1192304
-0.1171795
-0.1171126
-0.1114455
-0.0979368
-0.0792178
-0.0596714
-0.0391257
-0.0180738
-0.0023598
0.0181381
0.0375245
0.0497015
0.0602857
0.0693846
0.0815802
0.0930482
0.0970004
0.0949008
0.0935606
0.0928076
0.0815578
0.0642259
0.0500529
0.0382676
0.0243321
0.0073882
-0.0052197
-0.0104502
-0.0107285
-0.0095047
-0.0089594
-0.0085289
-0.0024553
0.0079010
0.0147994
0.0171657
0.0253330
0.0359490
0.0445271
0.0558206
0.0712063
0.0802426
0.0866223
0.0978557
0.1088114
0.1131007
0.1181756
0.1216456
0.1203753
0.1141352
0.0939938
0.0680836
0.0530837
0.0459467
0.0334221
0.0194296
0.0036347
-0.0098792
-0.0096736
-0.0013833
-0.0023678
-0.0070808
-0.0063923
-0.0011002
0.0015717
0.0014330
0.0015970
0.0004798
0.0047789
0.0129932
0.0197149
0.0299070
0.0414124
0.0432117
0.0442131
0.0484404
0.0461847
0.0387825
0.0272163
0.0164794
0.0025415
-0.0138028
-0.0286740
-0.0356733
-0.0396066
-0.0510419
-0.0605889
-0.0580513
-0.0516968
-0.0380442
-0.0174508
0.0050418
0.0270413
0.0376865
0.0570483
0.0749076
0.0883604
0.1043114
0.1180948
0.1229108
0.1210260
0.1167530
0.1092502
0.1014179
0.0906386
0.0776617
0.0649273
0.0587871
0.0603244
0.0504737
0.0355903
0.0316532
0.0337214
0.0341601
0.0288827
0.0206544
0.0182693
0.0247328
0.0277108
0.0224807
0.0140519
0.0089589
0.0049707
0.0018744
-0.0039003
-0.0061626
-0.0072183
-0.0080376
-0.0078358
-0.0075558
-0.0044120
0.0076131
0.0185006
0.0262916
0.0262201
0.0268688
0.0281893
0.0335753
0.0368679
0.0357458
0.0364709
0.0387933
0.0326180
0.0232781
0.0225104
0.0267829
0.0263450
0.0209341
0.0179034
0.0164129
0.0180629
0.0201059
0.0174923
0.0130088
0.0117528
0.0135027
0.0160204
0.0097189
0.0028075
-0.0002233
-0.0014982
-0.0025442
-0.0037224
-0.0075879
-0.0136192
-0.0134764
-0.0119178
-0.0151589
-0.0204556
-0.0240889
-0.0253155
-0.0261948
-0.0278550
-0.0284882
-0.0278349
-0.0269589
-0.0260064
-0.0267698
-0.0276268
-0.0285432
-0.0284271
-0.0242090
-0.0219063
-0.0229699
-0.0217105
-0.0208271
-0.0219865
-0.0199013
-0.0128142
-0.0131465
-0.0201031
-0.0214328
-0.0162904
-0.0141131
-0.0170494
-0.0215598
-0.0254785
-0.0234979
-0.0253580
-0.0329985
-0.0358013
-0.0341270
-0.0304557
-0.0279723
-0.0313387
-0.0351852
-0.0338253
-0.0315656
-0.0334515
-0.0388030
-0.0447885
-0.0477931
-0.0455458
-0.0434792
-0.0389912
-0.0366854
-0.0343906
-0.0317394
-0.0306288
-0.0284818
-0.0164422
-0.0037785
0.0033360
0.0113411
0.0214236
0.0291227
0.0359692
0.0398710
0.0404256
0.0407148
0.0383889
0.0316857
0.0237359
0.0214166
0.0182272
0.0157733
0.0185912
0.0169770
0.0101995
0.0048878
0.0012148
-0.0019161
-0.0036604
-0.0038528
-0.0014067
0.0019149
0.0034831
0.0051136
0.0049297
0.0081409
0.0099972
0.0104134
0.0116551
0.0088355
0.0070358
0.0108625
0.0170208
0.0185112
0.0165463
0.0173384
0.0220217
0.0273958
0.0310340
0.0325092
0.0377381
0.0440859
0.0456451
0.0449074
0.0456728
0.0403234
0.0317019
0.0201984
0.0083957
-0.0031453
-0.0147949
-0.0247520
-0.0295601
-0.0316410
-0.0389108
-0.0461224
-0.0474934
-0.0474157
-0.0549169
-0.0623152
-0.0647700
-0.0620951
-0.0596486
-0.0608529
-0.0572496
-0.0507280
-0.0488508
-0.0481471
-0.0450651
-0.0404935
-0.0363420
-0.0384184
-0.0423346
-0.0432867
-0.0411097
-0.0418855
-0.0399358
-0.0347606
-0.0290852
-0.0242527
-0.0177325
-0.0018532
0.0120254
0.0165916
0.0252168
0.0304437
0.0366091
0.0397340
0.0407671
0.0438649
0.0472337
0.0497382
0.0504431
0.0531983
0.0581445
0.0623509
0.0667164
0.0691860
0.0707231
0.0717502
0.0694927
0.0657653
0.0614017
0.0558183
0.0499117
0.0406289
0.0315055
0.0301485
0.0300207
0.0271831
0.0263328
0.0275472
0.0280779
0.0279459
0.0278573
0.0264887
0.0267881
0.0260068
0.0234460
0.0209904
0.0146406
0.0070407
0.0020785
-0.0065880
-0.0200601
-0.0317625
-0.0412728
-0.0460465
-0.0486081
-0.0561641
-0.0632832
-0.0664771
-0.0692330
-0.0744626
-0.0806090
-0.0806293
-0.0764597
-0.0707976
-0.0660686
-0.0598976
-0.0494976
-0.0403643
-0.0407964
-0.0411208
-0.0404927
-0.0388390
-0.0370345
-0.0364896
-0.0359619
-0.0321413
-0.0276337
-0.0225867
-0.0160187
-0.0113184
-0.0068774
0.0012812
0.0094104
0.0185503
0.0256833
0.0288884
0.0311461
0.0323168
0.0332179
0.0337337
0.0312202
0.0284929
0.0235737
0.0156059
0.0083570
0.0066812
0.0058352
0.0003686
-0.0048017
-0.0068820
-0.0077272
-0.0096995
-0.0113827
-0.0118724
-0.0096313
-0.0084651
-0.0076772
-0.0068315
-0.0046004
-0.0021041
-0.0003469
0.0002626
0.0033240
0.0064174
0.0058418
0.0052714
0.0058859
0.0081361
0.0071243
0.0014645
-0.0057145
-0.0142692
-0.0237252
-0.0355571
-0.0452081
-0.0487620
-0.0490177
-0.0486660
-0.0505106
-0.0494794
-0.0458176
-0.0433973
-0.0354518
-0.0284825
-0.0252283
-0.0190614
-0.0146738
-0.0136544
-0.0151121
-0.0168046
-0.0182664
-0.0232953
-0.0260955
-0.0249325
-0.0245253
-0.0265045
-0.0270205
-0.0240279
-0.0224141
-0.0219903
-0.0192351
-0.0150978
-0.0144159
-0.0138441
-0.0109967
-0.0059912
-0.0014741
0.0016250
0.0084771
0.0123773
0.0160344
0.0198013
0.0279336
0.0321472
0.0369787
0.0425557
0.0467028
0.0511596
0.0536263
0.0535835
0.0533790
0.0534173
0.0547203
0.0537666
0.0505701
0.0474170
0.0458592
0.0452919
0.0425008
0.0401857
0.0411913
0.0390557
0.0335753
0.0296521
0.0274215
0.0248760
0.0231762
0.0249619
0.0253872
0.0272839
0.0344410
0.0384740
0.0403645
0.0492535
0.0584573
0.0631485
0.0637995
0.0628121
0.0663196
0.0698173
0.0695863
0.0723448
0.0756511
0.0753862
0.0741765
0.0725324
0.0694013
0.0644776
0.0568431
0.0463922
0.0358084
0.0245335
0.0137483
0.0078174
0.0027698
-0.0045298
-0.0083151
-0.0103392
-0.0113650
-0.0113398
-0.0149201
-0.0146480
-0.0124089
-0.0111118
-0.0132953
-0.0140415
-0.0101236
-0.0121900
-0.0171600
-0.0201268
-0.0221107
-0.0264214
-0.0347262
-0.0428058
-0.0494628
-0.0558127
-0.0603441
-0.0655768
-0.0685118
-0.0675361
-0.0646814
-0.0598138
-0.0556347
-0.0499107
-0.0423027
-0.0383822
-0.0384129
-0.0335903
-0.0310649
-0.0335841
-0.0386829
-0.0447970
-0.0499736
-0.0521616
-0.0583702
-0.0625019
-0.0650001
-0.0648601
-0.0633365
-0.0611293
-0.0572509
-0.0532160
-0.0494794
-0.0470346
-0.0452029
-0.0418465
-0.0386815
-0.0361801
-0.0338225
-0.0299787
-0.0223407
-0.0174388
-0.0143105
-0.0100760
-0.0057606
-0.0019642
-0.0000635
0.0017888
0.0042814
0.0011143
-0.0048044
-0.0030048
-0.0008519
-0.0020886
-0.0060731
-0.0095901
-0.0116091
-0.0129245
-0.0162967
-0.0179426
-0.0166925
-0.0151341
-0.0132843
-0.0114241
-0.0088640
-0.0050310
-0.0040722
-0.0011407
0.0021289
0.0038842
0.0079525
0.0124605
0.0166454
0.0209794
0.0235727
0.0277361
0.0344323
0.0402623
0.0434915
0.0455489
0.0491119
0.0526067
0.0535164
0.0525889
0.0480478
0.0435683
0.0410137
0.0355188
0.0295140
0.0237289
0.0191260
0.0164844
0.0116376
0.0062788
0.0031291
-0.0014052
-0.0072617
-0.0095826
-0.0107044
-0.0129160
-0.0139494
-0.0148614
-0.0138313
-0.0139149
-0.0138580
-0.0124203
-0.0119510
-0.0107958
-0.0092808
-0.0091710
-0.0104063
-0.0089409
-0.0064451
-0.0041807
-0.0032269
-0.0003919
0.0060760
0.0103211
0.0137501
0.0169257
0.0189412
0.0210115
0.0222823
0.0224791
0.0233709
0.0231519
0.0231164
0.0228145
0.0230183
0.0244019
0.0253665
0.0270978
0.0269397
0.0249543
0.0220874
0.0172972
0.0138237
0.0107996
0.0065421
0.0046952
0.0020295
-0.0017021
-0.0039094
-0.0065667
-0.0079949
-0.0103778
-0.0136260
-0.0166607
-0.0198663
-0.0240499
-0.0270196
-0.0295875
-0.0323384
-0.0347207
-0.0360058
-0.0351550
-0.0350423
-0.0351836
-0.0343799
-0.0333351
-0.0292945
-0.0239467
-0.0199372
-0.0148810
-0.0070735
-0.0003105
0.0055610
0.0117940
0.0179875
0.0237838
0.0289101
0.0326444
0.0355158
0.0362876
0.0357292
0.0348921
0.0330943
0.0300845
0.0265967
0.0239239
0.0205492
0.0170829
0.0141176
0.0111170
0.0064373
0.0041037
0.0014243
-0.0023487
-0.0061575
-0.0096340
-0.0114115
-0.0119255
-0.0119308
-0.0127846
-0.0118482
-0.0091860
-0.0055975
-0.0002787
0.0045946
0.0079176
0.0105419
0.0126366
0.0123550
0.0070887
0.0012907
-0.0011701
-0.0067676
-0.0131653
-0.0194290
-0.0262900
-0.0314753
-0.0346793
-0.0395202
-0.0433445
-0.0432130
-0.0419377
-0.0392057
-0.0350655
-0.0298549
-0.0234651
-0.0161320
-0.0086160
-0.0040300
0.0004374
0.0059030
0.0102306
0.0118679
0.0119518
0.0115420
0.0095132
0.0055050
0.0002511
-0.0049079
-0.0087246
-0.0111376
-0.0121275
-0.0119792
-0.0077322
-0.0023189
0.0046780
0.0116503
0.0170897
0.0220143
0.0275612
0.0325798
0.0362179
0.0408168
0.0435322
0.0433434
0.0405078
0.0379224
0.0369442
0.0378115
0.0393073
0.0400732
0.0413560
0.0420485
0.0411805
0.0395718
0.0394739
0.0381535
0.0371340
0.0361867
0.0341055
0.0331151
0.0317536
0.0302504
0.0267545
0.0229454
0.0193868
0.0143894
0.0080376
0.0027727
-0.0015683
-0.0049544
-0.0090883
-0.0139998
-0.0185354
-0.0224569
-0.0259347
-0.0289341
-0.0316373
-0.0322112
-0.0335512
-0.0355367
-0.0373327
-0.0384977
-0.0373954
-0.0352472
-0.0350418
-0.0340448
-0.0297239
-0.0244290
-0.0217984
-0.0210771
-0.0191948
-0.0181083
-0.0176268
-0.0183068
-0.0185830
-0.0189635
-0.0218001
-0.0242040
-0.0253381
-0.0277785
-0.0300252
-0.0311659
-0.0320935
-0.0326225
-0.0337530
-0.0353474
-0.0368855
-0.0370671
-0.0368108
-0.0367331
-0.0360679
-0.0338506
-0.0307990
-0.0263669
-0.0207811
-0.0129185
-0.0037120
0.0028293
0.0064281
0.0084726
0.0098306
0.0089880
0.0081321
0.0060989
0.0018582
-0.0032914
-0.0083833
-0.0140954
-0.0176475
-0.0198057
-0.0219280
-0.0221136
-0.0213603
-0.0211372
-0.0206061
-0.0195712
-0.0180400
-0.0154387
-0.0133219
-0.0107614
-0.0073516
-0.0046813
-0.0026920
-0.0003043
0.0012861
0.0024856
0.0040470
0.0046050
0.0061468
0.0079490
0.0079976
0.0089529
0.0110280
0.0115683
0.0135959
0.0166166
0.0197308
0.0245964
0.0298791
0.0318465
0.0340154
0.0361533
0.0389569
0.0419926
0.0441231
0.0453023
0.0463401
0.0464469
0.0468284
0.0472145
0.0470911
0.0475918
0.0487068
0.0494069
0.0480236
0.0471229
0.0479613
0.0491025
0.0474172
0.0441540
0.0420418
0.0404068
0.0395093
0.0379562
0.0360185
0.0345859
0.0333565
0.0316461
0.0302337
0.0286622
0.0277135
0.0259831
0.0232930
0.0210603
0.0195032
0.0178231
0.0165197
0.0148855
0.0126281
0.0121225
0.0113859
0.0092909
0.0071510
0.0043758
0.0017522
-0.0007796
-0.0049220
-0.0097863
-0.0141485
-0.0177108
-0.0214386
-0.0239176
-0.0256057
-0.0276207
-0.0295098
-0.0306262
-0.0306976
-0.0311198
-0.0329700
-0.0342325
-0.0358473
-0.0381520
-0.0404642
-0.0420875
-0.0420600
-0.0419459
-0.0425272
-0.0406708
-0.0370852
-0.0336738
-0.0294712
-0.0238195
-0.0179602
-0.0127493
-0.0080006
-0.0031940
-0.0006176
-0.0012494
-0.0022772
-0.0031214
-0.0059527
-0.0098916
-0.0150526
-0.0205618
-0.0246534
-0.0293427
-0.0346875
-0.0364214
-0.0383614
-0.0393057
-0.0405172
-0.0419463
-0.0421560
-0.0411917
-0.0396631
-0.0393388
-0.0390972
-0.0377266
-0.0371788
-0.0377539
-0.0387446
-0.0382075
-0.0370066
-0.0370258
-0.0362392
-0.0352349
-0.0351246
-0.0330893
-0.0290111
-0.0240387
-0.0198094
-0.0156210
-0.0107656
-0.0072112
-0.0047086
-0.0029674
-0.0008701
-0.0000976
-0.0004818
-0.0007330
-0.0004688
-0.0003133
0.0003685
0.0009268
0.0019602
0.0031913
0.0043304
0.0049134
0.0064028
0.0076682
0.0083576
0.0085609
0.0097429
0.0121777
0.0140976
0.0150375
0.0167856
0.0189074
0.0207230
0.0222306
0.0223547
0.0222235
0.0233298
0.0249797
0.0253937
0.0256014
0.0263465
0.0260187
0.0251758
0.0236457
0.0224718
0.0215007
0.0214020
0.0213174
0.0210284
0.0217118
0.0232370
0.0246883
0.0258811
0.0266029
0.0273706
0.0282919
0.0283164
0.0269547
0.0261733
0.0262542
0.0254738
0.0253668
0.0264760
0.0287084
0.0323413
0.0356593
0.0388634
0.0427682
0.0467306
0.0499908
0.0526825
0.0564310
0.0607004
0.0636096
0.0636293
0.0635897
0.0645334
0.0652552
0.0630795
0.0588066
0.0543389
0.0488445
0.0403999
0.0310400
0.0227645
0.0162089
0.0102005
0.0048752
-0.0009259
-0.0058809
-0.0066295
-0.0076619
-0.0107582
-0.0121393
-0.0127355
-0.0133771
-0.0145670
-0.0165945
-0.0190214
-0.0188166
-0.0186414
-0.0187807
-0.0188091
-0.0179294
-0.0138518
-0.0120675
-0.0109329
-0.0083307
-0.0037973
-0.0005415
0.0017516
0.0035116
0.0053409
0.0052436
0.0014042
-0.0031192
-0.0085680
-0.0126879
-0.0175348
-0.0232395
-0.0279840
-0.0311870
-0.0321101
-0.0334804
-0.0360301
-0.0377844
-0.0378287
-0.0366477
-0.0349540
-0.0327794
-0.0307113
-0.0288621
-0.0255183
-0.0241587
-0.0249060
-0.0247783
-0.0244680
-0.0249777
-0.0253910
-0.0261666
-0.0271109
-0.0265506
-0.0254262
-0.0244503
-0.0230920
-0.0201549
-0.0171702
-0.0140051
-0.0107999
-0.0099678
-0.0092815
-0.0080730
-0.0079100
-0.0085276
-0.0104355
-0.0127450
-0.0147114
-0.0172232
-0.0208171
-0.0247750
-0.0276209
-0.0294644
-0.0315746
-0.0338218
-0.0350184
-0.0345380
-0.0338340
-0.0339277
-0.0331084
-0.0326704
-0.0306262
-0.0273640
-0.0260599
-0.0249320
-0.0222630
-0.0203530
-0.0198005
-0.0189187
-0.0174031
-0.0156200
-0.0146772
-0.0135368
-0.0117804
-0.0104278
-0.0097960
-0.0091945
-0.0082111
-0.0075985
-0.0082381
-0.0080082
-0.0063010
-0.0043201
-0.0021020
-0.0007539
0.0007075
0.0044484
0.0067070
0.0101304
0.0115439
0.0134330
0.0169231
0.0191292
0.0196728
0.0206889
0.0223024
0.0236190
0.0236470
0.0231454
0.0223502
0.0217955
0.0211915
0.0208363
0.0201271
0.0185583
0.0176134
0.0179053
0.0188639
0.0198806
0.0200024
0.0200868
0.0209256
0.0210791
0.0209039
0.0209690
0.0207545
0.0195605
0.0179476
0.0145244
0.0137732
0.0130569
0.0104759
0.0085876
0.0083903
0.0094376
0.0115274
0.0134132
0.0157670
0.0185904
0.0204005
0.0217715
0.0243114
0.0263791
0.0273059
0.0276362
0.0278349
0.0285890
0.0292461
0.0288116
0.0285291
0.0291864
0.0283551
0.0261587
0.0247831
0.0237768
0.0217525
0.0181375
0.0128284
0.0104536
0.0073821
0.0046743
0.0020447
-0.0011412
-0.0035863
-0.0041677
-0.0043782
-0.0044459
-0.0035678
-0.0013067
0.0013540
0.0026914
0.0026072
0.0030729
0.0042748
0.0055930
0.0051186
0.0031247
0.0036055
0.0050609
0.0050395
0.0044632
0.0037675
0.0053277
0.0056220
0.0033842
0.0024098
0.0022196
0.0015886
0.0011576
-0.0011098
-0.0038983
-0.0047529
-0.0058287
-0.0075271
-0.0095831
-0.0114720
-0.0124236
-0.0132949
-0.0156781
-0.0181911
-0.0189835
-0.0191106
-0.0194516
-0.0187109
-0.0168665
-0.0130356
-0.0093825
-0.0067703
-0.0031342
0.0004019
0.0030769
0.0048116
0.0057339
0.0066371
0.0074135
0.0070425
0.0059025
0.0053178
0.0049101
0.0038422
0.0029063
0.0026298
0.0029332
0.0022801
0.0000642
-0.0021078
-0.0038748
-0.0064279
-0.0093840
-0.0120261
-0.0141955
-0.0166854
-0.0203168
-0.0232876
-0.0233311
-0.0239672
-0.0254243
-0.0260775
-0.0263913
-0.0275627
-0.0289910
-0.0299073
-0.0300723
-0.0299443
-0.0293107
-0.0281620
-0.0268916
-0.0262213
-0.0256641
-0.0238817
-0.0215663
-0.0195844
-0.0181936
-0.0174529
-0.0169939
-0.0164343
-0.0165668
-0.0168269
-0.0165387
-0.0165640
-0.0170290
-0.0173815
-0.0172737
-0.0170828
-0.0164256
-0.0164006
-0.0161642
-0.0151014
-0.0144044
-0.0128868
-0.0117111
-0.0099854
-0.0062711
-0.0023686
0.0014541
0.0055073
0.0089118
0.0128643
0.0176478
0.0221579
0.0243571
0.0279738
0.0318530
0.0370502
0.0418244
0.0448503
0.0476713
0.0499765
0.0516694
0.0524960
0.0512676
0.0501889
0.0483020
0.0440848
0.0389990
0.0338062
0.0291048
0.0252255
0.0220745
0.0198654
0.0179710
0.0173274
0.0172909
0.0182268
0.0196969
0.0208583
0.0219329
0.0221416
0.0226327
0.0233336
0.0232165
0.0218465
0.0195462
0.0177232
0.0142083
0.0098995
0.0063956
0.0031821
0.0001047
-0.0027766
-0.0054427
-0.0075533
-0.0105167
-0.0129177
-0.0150680
-0.0174514
-0.0201855
-0.0227966
-0.0251507
-0.0273976
-0.0295497
-0.0302833
-0.0310659
-0.0312720
-0.0309531
-0.0303378
-0.0287077
-0.0262051
-0.0228044
-0.0189500
-0.0142690
-0.0117809
-0.0074466
-0.0038206
-0.0011737
0.0010920
0.0024938
0.0030057
0.0026854
0.0011634
-0.0010486
-0.0035299
-0.0061771
-0.0088801
-0.0101133
-0.0097533
-0.0092763
-0.0085068
-0.0072132
-0.0055406
-0.0029333
-0.0006896
0.0014404
0.0039713
0.0059806
0.0065951
0.0071252
0.0075018
0.0073548
0.0078415
0.0079971
0.0078639
0.0080480
0.0087391
0.0095827
0.0097201
0.0100262
0.0103521
0.0107906
0.0124800
0.0128484
0.0125623
0.0130527
0.0131789
0.0130116
0.0128049
0.0120617
0.0113290
0.0101286
0.0077618
0.0055957
0.0028380
0.0000199
-0.0023125
-0.0037970
-0.0048965
-0.0060805
-0.0069477
-0.0077984
-0.0081772
-0.0087808
-0.0088576
-0.0080904
-0.0079378
-0.0080503
-0.0083845
-0.0092611
-0.0098560
-0.0110875
-0.0136849
-0.0156002
-0.0174680
-0.0199540
-0.0224939
-0.0248432
-0.0269702
-0.0282285
-0.0291571
-0.0302086
-0.0308934
-0.0302868
-0.0290550
-0.0289611
-0.0296108
-0.0284510
-0.0261376
-0.0245669
-0.0234863
-0.0228323
-0.0219254
-0.0207631
-0.0205259
-0.0201822
-0.0188444
-0.0166624
-0.0138105
-0.0106111
-0.0065736
-0.0029302
0.0001383
0.0031946
0.0063739
0.0091174
0.0116267
0.0136516
0.0145448
0.0154488
0.0160063
0.0162999
0.0160029
0.0154099
0.0149501
0.0144379
0.0136053
0.0129810
0.0129215
0.0128211
0.0123993
0.0121957
0.0118967
0.0112396
0.0109242
0.0109070
0.0108293
0.0106654
0.0108498
0.0111455
0.0104318
0.0099580
0.0084767
0.0069529
0.0052784
0.0028170
0.0013642
0.0001075
-0.0010737
-0.0013313
-0.0013584
-0.0011847
-0.0006766
-0.0000285
-0.0001054
-0.0010616
-0.0012180
-0.0011052
-0.0018907
-0.0029047
-0.0044223
-0.0062494
-0.0078039
-0.0096985
-0.0112093
-0.0121231
-0.0123733
-0.0125989
-0.0123999
-0.0118878
-0.0113066
-0.0104633
-0.0094167
-0.0081586
-0.0068414
-0.0057408
-0.0041333
-0.0027984
-0.0015278
-0.0000302
0.0011458
0.0016742
0.0014035
0.0005308
-0.0004104
-0.0011017
-0.0017261
-0.0027231
-0.0028997
-0.0026900
-0.0027858
-0.0036398
-0.0044245
-0.0038766
-0.0029690
-0.0030236
-0.0031310
-0.0024948
-0.0007897
0.0008671
0.0025640
0.0043047
0.0054599
0.0063644
0.0061459
0.0052394
0.0047931
0.0040532
0.0036549
0.0030968
0.0018491
0.0009595
0.0001731
-0.0005628
-0.0008662
-0.0015157
-0.0016448
-0.0018638
-0.0015814
-0.0004073
0.0002112
0.0016998
0.0046179
0.0068530
0.0092820
0.0121660
0.0148303
0.0158778
0.0184632
0.0206307
0.0215588
0.0231186
0.0242458
0.0257437
0.0276914
0.0287981
0.0299942
0.0310847
0.0315348
0.0318037
0.0325921
0.0330847
0.0329172
0.0322618
0.0305086
0.0277821
0.0239507
0.0197118
0.0157767
0.0117061
0.0082232
0.0048674
0.0017463
-0.0003643
-0.0009750
-0.0010595
-0.0006150
0.0008639
0.0017924
0.0039986
0.0064644
0.0087065
0.0112671
0.0140627
0.0150677
0.0153829
0.0156751
0.0156371
0.0150663
0.0137904
0.0120381
0.0100442
0.0079822
0.0051920
0.0019526
-0.0004135
-0.0028866
-0.0045318
-0.0060032
-0.0076213
-0.0086803
-0.0088123
-0.0084069
-0.0077002
-0.0065635
-0.0053979
-0.0040366
-0.0026203
-0.0016313
-0.0012111
-0.0004612
-0.0001442
-0.0003886
-0.0004787
-0.0010610
-0.0018429
-0.0024794
-0.0019160
-0.0011898
-0.0005608
0.0006442
0.0021527
0.0030354
0.0034644
0.0049607
0.0064465
0.0063931
0.0061114
0.0064731
0.0067785
0.0071339
0.0078251
0.0093194
0.0098083
0.0092959
0.0099725
0.0120035
0.0120875
0.0097480
0.0087594
0.0080985
0.0070716
0.0035665
-0.0004233
-0.0026118
-0.0043658
-0.0077332
-0.0109520
-0.0116066
-0.0124926
-0.0144344
-0.0155284
-0.0161213
-0.0165532
-0.0164366
-0.0169472
-0.0182814
-0.0185051
-0.0185844
-0.0184732
-0.0184622
-0.0188999
-0.0195571
-0.0204973
-0.0198579
-0.0187022
-0.0180259
-0.0179583
-0.0178547
-0.0170673
-0.0161177
-0.0154866
-0.0155681
-0.0155453
-0.0152432
-0.0153742
-0.0158714
-0.0159894
-0.0164390
-0.0165260
-0.0166197
-0.0173594
-0.0175648
-0.0176599
-0.0187487
-0.0191474
-0.0192617
-0.0201956
-0.0218237
-0.0225997
-0.0231765
-0.0242928
-0.0254660
-0.0255671
-0.0247364
-0.0236185
-0.0226562
-0.0215734
-0.0194175
-0.0173144
-0.0154758
-0.0128722
-0.0113015
-0.0098020
-0.0083933
-0.0083412
-0.0085004
-0.0081977
-0.0073248
-0.0059307
-0.0051820
-0.0052385
-0.0058422
-0.0050076
-0.0029558
-0.0005857
0.0012490
0.0012447
0.0009947
0.0032535
0.0057004
0.0063947
0.0070720
0.0084588
0.0097121
0.0114637
0.0106767
0.0100787
0.0148206
0.0167120
0.0147144
0.0133980
0.0161284
0.0187941
0.0171415
0.0165766
0.0177465
0.0200304
0.0210967
0.0194415
0.0200570
0.0241722
0.0251852
0.0239347
0.0253350
0.0269332
0.0269329
0.0256385
0.0239818
0.0246774
0.0251667
0.0224666
0.0195355
0.0193792
0.0179770
0.0159480
0.0143303
0.0125430
0.0103166
0.0076947
0.0051448
0.0030897
0.0011375
-0.0009350
-0.0027717
-0.0048160
-0.0056614
-0.0058473
-0.0056591
-0.0056982
-0.0049104
-0.0035002
-0.0019383
0.0001367
0.0016203
0.0026689
0.0041444
0.0037516
0.0030477
0.0029633
0.0022627
0.0010470
-0.0008461
-0.0023758
-0.0033738
-0.0039897
-0.0054211
-0.0069506
-0.0066539
-0.0055059
-0.0049324
-0.0054547
-0.0045174
-0.0026790
-0.0020697
-0.0019849
-0.0021181
-0.0025958
-0.0017012
-0.0007601
-0.0012785
-0.0003531
0.0004705
0.0008453
0.0012259
0.0017029
0.0042119
0.0066523
0.0063946
0.0066105
0.0080750
0.0090051
0.0085502
0.0083363
0.0085177
0.0087783
0.0081597
0.0073181
0.0066492
0.0057485
0.0046545
0.0024414
0.0009255
0.0002596
-0.0012003
-0.0026162
-0.0040404
-0.0045714
-0.0053049
-0.0059161
-0.0065089
-0.0073159
-0.0075338
-0.0076988
-0.0070185
-0.0057087
-0.0040794
-0.0027699
-0.0026053
-0.0014793
-0.0002947
-0.0002880
-0.0015122
-0.0028196
-0.0029701
-0.0040809
-0.0057952
-0.0068997
-0.0078779
-0.0086601
-0.0086988
-0.0087700
-0.0093677
-0.0089396
-0.0088254
-0.0091504
-0.0099256
-0.0106911
-0.0117036
-0.0120371
-0.0138404
-0.0159126
-0.0172722
-0.0180937
-0.0192491
-0.0203200
-0.0208405
-0.0208941
-0.0208881
-0.0204496
-0.0197261
-0.0199552
-0.0188846
-0.0174154
-0.0156729
-0.0133275
-0.0126333
-0.0110461
-0.0082110
-0.0070098
-0.0055358
-0.0041159
-0.0019582
0.0007841
0.0019784
0.0033704
0.0054633
0.0063882
0.0080246
0.0093363
0.0098745
0.0108854
0.0128232
0.0132311
0.0129579
0.0133825
0.0140996
0.0145032
0.0143374
0.0142738
0.0144685
0.0144219
0.0150891
0.0161418
0.0172625
0.0185661
0.0196572
0.0203259
0.0203017
0.0211798
0.0233158
0.0237535
0.0227442
0.0223140
0.0229554
0.0231164
0.0219251
0.0221806
0.0225309
0.0215879
0.0189513
0.0169487
0.0174894
0.0174261
0.0148383
0.0136257
0.0141657
0.0145308
0.0126296
0.0114482
0.0124905
0.0133531
0.0120540
0.0095485
0.0088282
0.0086734
0.0065671
0.0038674
0.0037950
0.0032546
0.0019550
0.0012721
0.0009816
0.0016025
0.0018545
0.0015171
0.0014126
0.0010345
0.0004670
-0.0006120
-0.0020819
-0.0038730
-0.0039640
-0.0052414
-0.0079860
-0.0102415
-0.0112356
-0.0120010
-0.0140882
-0.0157080
-0.0156158
-0.0163674
-0.0173855
-0.0186992
-0.0194555
-0.0200147
-0.0202640
-0.0199474
-0.0201749
-0.0198287
-0.0182339
-0.0163849
-0.0165266
-0.0163851
-0.0134064
-0.0104288
-0.0087983
-0.0079807
-0.0068587
-0.0025737
0.0003776
0.0002147
0.0007102
0.0023176
0.0029844
0.0021925
0.0014841
0.0033889
0.0058065
0.0057351
0.0050438
0.0050853
0.0053439
0.0044452
0.0017357
-0.0014312
-0.0046599
-0.0088587
-0.0136189
-0.0147478
-0.0143341
-0.0150943
-0.0151005
-0.0140217
-0.0128544
-0.0124704
-0.0105342
-0.0072177
-0.0043506
-0.0029356
-0.0009982
0.0003427
0.0028537
0.0061698
0.0085566
0.0091786
0.0107117
0.0123194
0.0118742
0.0101779
0.0099149
0.0105086
0.0106142
0.0098390
0.0080211
0.0068407
0.0067276
0.0054764
0.0036878
0.0032545
0.0038570
0.0042521
0.0033070
0.0014508
0.0004093
-0.0007386
-0.0026906
-0.0043430
-0.0040549
-0.0027198
-0.0016728
0.0004415
0.0019266
0.0031489
0.0047253
0.0059059
0.0052801
0.0048598
0.0058154
0.0053121
0.0030275
0.0024875
0.0032456
0.0028319
0.0014121
-0.0004455
-0.0013130
-0.0021667
-0.0045915
-0.0071538
-0.0082282
-0.0077570
-0.0077763
-0.0081249
-0.0059828
-0.0030769
-0.0006657
0.0009023
0.0025544
0.0046387
0.0051094
0.0062520
0.0072908
0.0080980
0.0089396
0.0098111
0.0109394
0.0115311
0.0114290
0.0126754
0.0139145
0.0131605
0.0122318
0.0122081
0.0121265
0.0120171
0.0108799
0.0097407
0.0090460
0.0076294
0.0057938
0.0041814
0.0023543
0.0014166
-0.0006005
-0.0036192
-0.0059753
-0.0068879
-0.0067148
-0.0062032
-0.0062402
-0.0062656
-0.0054908
-0.0046896
-0.0059825
-0.0068742
-0.0075732
-0.0087712
-0.0099041
-0.0108973
-0.0108667
-0.0105573
-0.0099573
-0.0093198
-0.0086654
-0.0083339
-0.0086482
-0.0092296
-0.0091504
-0.0089847
-0.0093679
-0.0096801
-0.0094144
-0.0077821
-0.0066834
-0.0067033
-0.0059247
-0.0059417
-0.0066972
-0.0071084
-0.0078519
-0.0084489
-0.0097310
-0.0113050
-0.0120328
-0.0125223
-0.0107639
-0.0096013
-0.0081602
-0.0062245
-0.0048557
-0.0043855
-0.0051326
-0.0062899
-0.0073784
-0.0074357
-0.0074795
-0.0086925
-0.0108032
-0.0139145
-0.0158294
-0.0180658
-0.0202686
-0.0203942
-0.0199270
-0.0186971
-0.0172896
-0.0152575
-0.0124378
-0.0101228
-0.0086572
-0.0081133
-0.0079067
-0.0074794
-0.0071377
-0.0066829
-0.0064448
-0.0056865
-0.0049404
-0.0035763
-0.0011108
0.0015277
0.0034643
0.0043771
0.0056003
0.0067583
0.0073305
0.0072472
0.0076078
0.0072684
0.0063544
0.0059478
0.0054849
0.0056534
0.0052967
0.0041882
0.0036363
0.0035163
0.0034503
0.0032141
0.0036619
0.0037848
0.0046072
0.0063999
0.0087924
0.0116236
0.0129876
0.0155616
0.0176280
0.0185331
0.0192681
0.0203465
0.0209425
0.0212467
0.0208597
0.0207077
0.0198805
0.0187169
0.0173534
0.0159886
0.0161074
0.0164197
0.0160541
0.0163927
0.0169553
0.0166361
0.0157686
0.0149073
0.0152718
0.0155784
0.0146461
0.0138178
0.0144172
0.0148084
0.0138130
0.0126895
0.0123848
0.0113536
0.0107860
0.0100554
0.0090294
0.0084531
0.0081438
0.0075888
0.0058574
0.0045229
0.0039699
0.0032076
0.0023035
0.0014618
0.0006814
-0.0003299
-0.0013119
-0.0019664
-0.0027670
-0.0037561
-0.0044413
-0.0047072
-0.0052653
-0.0056760
-0.0060627
-0.0059971
-0.0056025
-0.0055634
-0.0055737
-0.0060408
-0.0066135
-0.0074834
-0.0084882
-0.0098054
-0.0100770
-0.0099791
-0.0107787
-0.0113556
-0.0107429
-0.0097949
-0.0093849
-0.0087107
-0.0081629
-0.0073952
-0.0071038
-0.0076502
-0.0075627
-0.0080845
-0.0089093
-0.0103512
-0.0117581
-0.0122731
-0.0121256
-0.0119247
-0.0115021
-0.0107037
-0.0094423
-0.0077151
-0.0063186
-0.0046850
-0.0030676
-0.0027199
-0.0023025
-0.0014366
-0.0006794
-0.0009869
-0.0013988
-0.0011242
-0.0008610
-0.0006944
-0.0013650
-0.0020661
-0.0018101
-0.0019444
-0.0021362
-0.0016178
-0.0015276
-0.0008561
0.0003464
0.0008753
0.0012310
0.0017446
0.0029731
0.0040704
0.0052145
0.0064139
0.0076961
0.0088090
0.0095250
0.0099518
0.0105680
0.0109512
0.0109087
0.0101845
0.0097644
0.0091839
0.0078508
0.0070139
0.0060395
0.0049913
0.0036888
0.0025854
0.0017267
0.0006251
-0.0003533
-0.0018298
-0.0031978
-0.0033661
-0.0036313
-0.0036033
-0.0027468
-0.0022542
-0.0014035
-0.0004658
0.0002514
0.0008215
0.0011662
0.0014754
0.0015817
0.0014363
0.0010168
0.0009438
0.0009069
0.0007556
0.0007625
0.0009090
0.0019068
0.0024568
0.0021772
0.0021187
0.0016031
0.0008125
-0.0001310
-0.0009484
-0.0015172
-0.0016937
-0.0018728
-0.0019679
-0.0018605
-0.0013143
-0.0007409
-0.0002981
0.0002752
0.0003489
-0.0000634
-0.0003810
-0.0009026
-0.0010284
-0.0007009
-0.0011393
-0.0013298
-0.0007044
-0.0004850
0.0000187
0.0002779
0.0007614
0.0018083
0.0021337
0.0022598
0.0025610
0.0031512
0.0036724
0.0037477
0.0044733
0.0046984
0.0042387
0.0037925
0.0033976
0.0025435
0.0017040
0.0007604
-0.0002540
-0.0011846
-0.0015103
-0.0019357
-0.0026828
-0.0038323
-0.0049358
-0.0054362
-0.0065058
-0.0085819
-0.0103503
-0.0112345
-0.0123936
-0.0127852
-0.0133617
-0.0137664
-0.0132018
-0.0120964
-0.0114742
-0.0112242
-0.0096603
-0.0078459
-0.0068373
-0.0059887
-0.0048553
-0.0036469
-0.0027212
-0.0016297
0.0003030
0.0016758
0.0025138
0.0036881
0.0042659
0.0048720
0.0055554
0.0057793
0.0060581
0.0063398
0.0067715
0.0062838
0.0058653
0.0058439
0.0057450
0.0057385
0.0044953
0.0021622
0.0012138
0.0009461
0.0002063
-0.0015315
-0.0039260
-0.0049724
-0.0057816
-0.0072211
-0.0088003
-0.0102185
-0.0098621
-0.0108197
-0.0105462
-0.0096528
-0.0097518
-0.0096027
-0.0077594
-0.0048250
-0.0045489
-0.0041594
-0.0024358
-0.0019104
-0.0013068
-0.0002986
0.0001733
-0.0011086
-0.0007798
0.0006764
0.0004227
-0.0002696
0.0011720
0.0031770
0.0034523
0.0039776
0.0041644
0.0047060
0.0034274
0.0029777
0.0033203
0.0032967
-0.0003254
-0.0032641
-0.0029203
-0.0046094
-0.0071404
-0.0066616
-0.0037343
-0.0008605
0.0007555
0.0017117
0.0028781
0.0031681
0.0051976
0.0070372
0.0060171
0.0043525
0.0036218
0.0038461
0.0046387
0.0043975
0.0038954
0.0047318
0.0059809
0.0045968
0.0033486
0.0038413
0.0022845
0.0010960
-0.0003763
-0.0037230
-0.0042783
-0.0036853
-0.0063883
-0.0079978
-0.0069326
-0.0085878
-0.0102276
-0.0092465
-0.0079479
-0.0089068
-0.0086478
-0.0064095
-0.0042951
-0.0042174
-0.0044259
-0.0031067
-0.0004085
0.0004725
-0.0007862
-0.0034083
-0.0041182
-0.0053551
-0.0065874
-0.0080613
-0.0089814
-0.0085184
-0.0089662
-0.0110313
-0.0103396
-0.0100451
-0.0115140
-0.0127453
-0.0134609
-0.0120302
-0.0110984
-0.0110096
-0.0105658
-0.0107064
-0.0111452
-0.0100574
-0.0086413
-0.0081239
-0.0064255
-0.0056127
-0.0061003
-0.0047327
-0.0025151
-0.0014896
-0.0011689
-0.0012891
-0.0020673
-0.0026355
-0.0026405
-0.0038429
-0.0050787
-0.0048451
-0.0047462
-0.0045014
-0.0054349
-0.0066414
-0.0049382
-0.0030489
-0.0008563
0.0012681
0.0036762
0.0064805
0.0079105
0.0090742
0.0120698
0.0148771
0.0160366
0.0169251
0.0185227
0.0204067
0.0204550
0.0194721
0.0201611
0.0202757
0.0174760
0.0156038
0.0144205
0.0158928
0.0141444
0.0111969
0.0102607
0.0112498
0.0113612
0.0112021
0.0112885
0.0119049
0.0111371
0.0096853
0.0075245
0.0048771
0.0041271
0.0036093
0.0020072
0.0012459
0.0033506
0.0054856
0.0050999
0.0057343
0.0084903
0.0105893
0.0098979
0.0085167
0.0085801
0.0084860
0.0073660
0.0059519
0.0030641
0.0021710
0.0023963
0.0026847
0.0020226
0.0021925
0.0028333
0.0025785
0.0015308
0.0021256
0.0027880
0.0004790
-0.0017464
-0.0006422
0.0011656
-0.0012447
-0.0064974
-0.0074689
-0.0050893
-0.0054638
-0.0085070
-0.0062217
-0.0033908
-0.0062273
-0.0090172
-0.0083836
-0.0072929
-0.0079321
-0.0105626
-0.0111352
-0.0095270
-0.0105278
-0.0124545
-0.0102456
-0.0080467
-0.0078241
-0.0068084
-0.0052579
-0.0053931
-0.0054688
-0.0050618
-0.0059037
-0.0057473
-0.0061279
-0.0058863
-0.0061566
-0.0067231
-0.0052517
-0.0030219
-0.0026581
-0.0035182
-0.0025703
-0.0015594
-0.0016091
-0.0012971
0.0005312
0.0019692
0.0016145
0.0015591
0.0024543
0.0028070
0.0031214
0.0031254
0.0040310
0.0047607
0.0047683
0.0049730
0.0069199
0.0075793
0.0077498
0.0090482
0.0101725
0.0088870
0.0080324
0.0079150
0.0085410
0.0088015
0.0078635
0.0057221
0.0036834
0.0022618
0.0009346
0.0007261
0.0009623
0.0018607
0.0045224
0.0091098
0.0153114
0.0225893
0.0288767
0.0321456
0.0330870
0.0339582
0.0306139
0.0251483
0.0194517
0.0112722
0.0025219
-0.0046587
-0.0098188
-0.0109239
-0.0088149
-0.0046052
0.0030151
0.0108534
0.0168500
0.0226491
0.0263366
0.0268244
0.0265701
0.0237562
0.0187814
0.0120984
0.0040721
-0.0033404
-0.0096339
-0.0139281
-0.0144484
-0.0131096
-0.0109858
-0.0075679
-0.0053247
-0.0025663
-0.0000386
0.0013962
0.0002692
-0.0019047
-0.0038329
-0.0052284
-0.0068567
-0.0094289
-0.0107178
-0.0139848
-0.0175294
-0.0187135
-0.0183855
-0.0180498
-0.0168319
-0.0150497
-0.0131284
-0.0124289
-0.0124016
-0.0121538
-0.0112576
-0.0105373
-0.0119764
-0.0140437
-0.0160470
-0.0178642
-0.0192279
-0.0208989
-0.0205931
-0.0198670
-0.0186505
-0.0171899
-0.0155261
-0.0144380
-0.0127050
-0.0125564
-0.0134383
-0.0132456
-0.0137510
-0.0137831
-0.0136641
-0.0127299
-0.0130619
-0.0127888
-0.0115112
-0.0122006
-0.0130030
-0.0130436
-0.0135322
-0.0134466
-0.0155049
-0.0175004
-0.0183713
-0.0199726
-0.0208885
-0.0203876
-0.0194146
-0.0177807
-0.0156363
-0.0137229
-0.0109924
-0.0093094
-0.0057674
-0.0021826
-0.0000976
0.0016833
0.0030807
0.0035726
0.0042272
0.0046076
0.0041824
0.0035417
0.0027935
0.0016941
0.0022443
0.0024654
0.0023317
0.0028721
0.0031677
0.0039987
0.0037867
0.0034245
0.0043418
0.0059768
0.0061965
0.0057620
0.0073842
0.0094526
0.0103113
0.0117244
0.0133826
0.0141500
0.0155736
0.0158126
0.0154225
0.0150196
0.0137021
0.0120217
0.0098004
0.0077525
0.0061316
0.0047213
0.0046587
0.0055530
0.0076336
0.0103095
0.0130691
0.0151659
0.0166935
0.0187275
0.0205256
0.0216873
0.0232034
0.0259265
0.0279930
0.0281311
0.0276988
0.0268909
0.0238096
0.0189058
0.0126521
0.0089938
0.0028315
-0.0012898
-0.0031891
-0.0029903
-0.0043864
-0.0023044
0.0049090
0.0091317
0.0138406
0.0200608
0.0234317
0.0261661
0.0287425
0.0277598
0.0271550
0.0261622
0.0229463
0.0207191
0.0188434
0.0152147
0.0141550
0.0131437
0.0086521
0.0066841
0.0067083
0.0057847
0.0057412
0.0060194
0.0056140
0.0063156
0.0067820
0.0066064
0.0082111
0.0117969
0.0142269
0.0163389
0.0185652
0.0190659
0.0178458
0.0186593
0.0187593
0.0161044
0.0145715
0.0121543
0.0088882
0.0062919
0.0036367
0.0008499
-0.0006292
-0.0028123
-0.0073601
-0.0099798
-0.0108877
-0.0136997
-0.0174094
-0.0209581
-0.0229915
-0.0258097
-0.0286149
-0.0296242
-0.0299959
-0.0300090
-0.0278265
-0.0266867
-0.0239512
-0.0213072
-0.0204142
-0.0183375
-0.0178608
-0.0187711
-0.0189442
-0.0198716
-0.0213593
-0.0232425
-0.0234496
-0.0238535
-0.0248606
-0.0246494
-0.0248148
-0.0247810
-0.0253275
-0.0264298
-0.0254936
-0.0245099
-0.0235070
-0.0230038
-0.0215564
-0.0201387
-0.0194045
-0.0176053
-0.0163149
-0.0139459
-0.0111097
-0.0085561
-0.0063097
-0.0053017
-0.0050852
-0.0043564
-0.0039799
-0.0042218
-0.0061313
-0.0077463
-0.0091399
-0.0103386
-0.0110215
-0.0114009
-0.0113454
-0.0100574
-0.0081419
-0.0071191
-0.0071225
-0.0056461
-0.0034405
-0.0026063
-0.0031034
-0.0027523
-0.0014069
-0.0005904
-0.0010965
-0.0014625
-0.0002960
0.0002680
0.0000289
-0.0003781
-0.0002171
0.0005923
0.0014208
0.0004937
-0.0002142
0.0009279
0.0021096
0.0017681
0.0012594
0.0023771
0.0043608
0.0043003
0.0035197
0.0038712
0.0046020
0.0047709
0.0034769
0.0019221
0.0020393
0.0023058
0.0019563
0.0020841
0.0029924
0.0044464
0.0061160
0.0066204
0.0062508
0.0067330
0.0089158
0.0097818
0.0084568
0.0079056
0.0079435
0.0083350
0.0086430
0.0083593
0.0083317
0.0075742
0.0078238
0.0074464
0.0074369
0.0075404
0.0079613
0.0095216
0.0109761
0.0118506
0.0130113
0.0139781
0.0143193
0.0154576
0.0160457
0.0154670
0.0152745
0.0159732
0.0151420
0.0135904
0.0135268
0.0136870
0.0129078
0.0105621
0.0099525
0.0099201
0.0085471
0.0086334
0.0095381
0.0100242
0.0106800
0.0128618
0.0147847
0.0155049
0.0167993
0.0179840
0.0185823
0.0185908
0.0172789
0.0165334
0.0152744
0.0135706
0.0128438
0.0107556
0.0095692
0.0094037
0.0073994
0.0050347
0.0036987
0.0016784
-0.0003489
-0.0028671
-0.0044934
-0.0064084
-0.0078418
-0.0096162
-0.0109424
-0.0122508
-0.0129452
-0.0118504
-0.0113534
-0.0115410
-0.0117714
-0.0100883
-0.0088543
-0.0096199
-0.0102484
-0.0104795
-0.0093777
-0.0087961
-0.0097935
-0.0110242
-0.0106079
-0.0093263
-0.0090642
-0.0104496
-0.0109436
-0.0092842
-0.0081886
-0.0078331
-0.0081412
-0.0076360
-0.0064200
-0.0065021
-0.0077130
-0.0081076
-0.0076645
-0.0078316
-0.0065891
-0.0051435
-0.0040263
-0.0025454
-0.0006382
0.0010197
0.0017955
0.0016336
0.0013137
0.0018351
0.0013622
-0.0000851
-0.0008248
-0.0014382
-0.0021434
-0.0026753
-0.0043797
-0.0054052
-0.0053223
-0.0051955
-0.0062182
-0.0059921
-0.0055450
-0.0053177
-0.0047710
-0.0043592
-0.0040647
-0.0033006
-0.0027350
-0.0023261
-0.0011975
-0.0006188
0.0002195
0.0017592
0.0016568
0.0020318
0.0024248
0.0024956
0.0023400
0.0012085
0.0004151
0.0007273
0.0001729
-0.0008604
-0.0005250
-0.0002819
-0.0004989
-0.0012361
-0.0018867
-0.0028932
-0.0030974
-0.0026757
-0.0019944
-0.0013613
-0.0007980
0.0010312
0.0019195
0.0028522
0.0038459
0.0049394
0.0057922
0.0065910
0.0072141
0.0070199
0.0066819
0.0071781
0.0062728
0.0041424
0.0026445
0.0019952
0.0014193
-0.0005005
-0.0020658
-0.0022857
-0.0022878
-0.0026082
-0.0035926
-0.0042246
-0.0040536
-0.0036862
-0.0031693
-0.0023330
-0.0013827
-0.0004173
-0.0004028
-0.0003614
0.0007039
0.0013717
0.0026190
0.0033745
0.0039402
0.0047466
0.0046424
0.0040806
0.0035498
0.0031639
0.0032260
0.0027385
0.0015843
0.0011385
0.0008478
-0.0001344
-0.0004538
-0.0000333
0.0000956
-0.0000869
-0.0003410
-0.0012826
-0.0012935
-0.0013006
-0.0022729
-0.0027400
-0.0026193
-0.0030860
-0.0036947
-0.0040398
-0.0042295
-0.0040233
-0.0036304
-0.0033702
-0.0038516
-0.0032226
-0.0024185
-0.0023999
-0.0022254
-0.0023191
-0.0024120
-0.0019028
-0.0022184
-0.0026212
-0.0023120
-0.0014751
-0.0013908
-0.0015943
-0.0009693
-0.0001318
-0.0000609
0.0000135
-0.0002787
-0.0002407
0.0003795
0.0000463
0.0001818
0.0008622
0.0012936
0.0016794
0.0020991
0.0025382
0.0025629
0.0028145
0.0034980
0.0038125
0.0037387
0.0037931
0.0037595
0.0039209
0.0038401
0.0035102
0.0033408
0.0036979
0.0040483
0.0041362
0.0046256
0.0049022
0.0050779
0.0051903
0.0045421
0.0039178
0.0033846
0.0023974
0.0016161
0.0016334
0.0011693
0.0010265
0.0013151
0.0013244
0.0019229
0.0023268
0.0026181
0.0028307
0.0032028
0.0030511
0.0028365
0.0030688
0.0032036
0.0031203
0.0033811
0.0029969
0.0027989
0.0030116
0.0028104
0.0029712
0.0033713
0.0032304
0.0030600
0.0029629
0.0024835
0.0017725
0.0016451
0.0019412
0.0019081
0.0014537
0.0012302
0.0015009
0.0011773
0.0005435
0.0003198
-0.0003560
-0.0012604
-0.0015476
-0.0019858
-0.0020209
-0.0020922
-0.0027258
-0.0030238
-0.0032041
-0.0036047
-0.0034831
-0.0037315
-0.0037875
-0.0035790
-0.0039855
-0.0043828
-0.0040579
-0.0038964
-0.0042782
-0.0039989
-0.0039300
-0.0045274
-0.0046094
-0.0044224
-0.0048844
-0.0046224
-0.0045072
-0.0048172
-0.0044636
-0.0045150
-0.0040985
-0.0033361
-0.0031322
-0.0031416
-0.0030413
-0.0029844
-0.0032310
-0.0029390
-0.0029109
-0.0029472
-0.0025551
-0.0025753
-0.0025141
-0.0021509
-0.0015317
-0.0008781
-0.0008078
-0.0003349
0.0000778
-0.0001380
-0.0000824
-0.0000181
0.0001108
0.0000522
-0.0000546
0.0000460
0.0001611
0.0001338
0.0002961
0.0005302
0.0006607
0.0006268
0.0008692
0.0008931
0.0006437
0.0007222
0.0008247
0.0006773
0.0006854
0.0005980
0.0004882
0.0006642
0.0006019
0.0002807
0.0002569
0.0002343
0.0001658
0.0002079
-0.0000373
-0.0002095
-0.0001800
-0.0004236
-0.0005744
-0.0004523
-0.0004746
-0.0005817
-0.0005310
-0.0005632
-0.0005647
-0.0004433
-0.0004928
-0.0004571
-0.0003297
-0.0002870
-0.0002427
-0.0001185
0.0000064
0.0000607
0.0001720
0.0001790
0.0001559
0.0002765
0.0004189
0.0004577
0.0005302
0.0006018
0.0005598
0.0005797
0.0005092
0.0004649
0.0004696
0.0004093
0.0004013
0.0003658
0.0003434
0.0003443
0.0003459
0.0003761
0.0004361
0.0004669
0.0004832
0.0004887
0.0005170
0.0005210
0.0005162
0.0005595
0.0006704
0.0007153
0.0007030
0.0007023
0.0007480
0.0007577
0.0007568
0.0007876
0.0007724
0.0007785
0.0007776
0.0007637
0.0007636
0.0007530
0.0007404
0.0006772
0.0005937
0.0005192
0.0004434
0.0003596
0.0003112
0.0002851
0.0002254
0.0001772
0.0001704
0.0001469
0.0001170
0.0001176
0.0001215
0.0001274
0.0001401
0.0001561
0.0001770
0.0002260
0.0002519
0.0002641
0.0003211
0.0003715
0.0003735
0.0003952
0.0004141
0.0004202
0.0004249
0.0004240
0.0004164
0.0003884
0.0003536
0.0003425
0.0003470
0.0003272
0.0003130
0.0003147
0.0003218
0.0003333
0.0003319
0.0003275
0.0003279
0.0003245
0.0003138
0.0003035
0.0002950
0.0002861
0.0002664
0.0002499
0.0002360
0.0002256
0.0002220
0.0002109
0.0002039
0.0001951
0.0001916
0.0001950
0.0001875
0.0001808
0.0001775
0.0001716
0.0001625
0.0001548
0.0001482
0.0001384
0.0001270
0.0001167
0.0001084
0.0001004
0.0000946
0.0000912
0.0000851
0.0000796
0.0000747
0.0000658
0.0000561
0.0000481
0.0000401
0.0000321
0.0000245
0.0000173
0.0000101
0.0000020
-0.0000065
-0.0000152
-0.0000230
-0.0000308
-0.0000387
-0.0000456
-0.0000519
-0.0000576
-0.0000629
-0.0000676
-0.0000716
-0.0000754
-0.0000797
-0.0000844
-0.0000890
-0.0000935
-0.0000978
-0.0001019
-0.0001058
-0.0001094
-0.0001130
-0.0001166
-0.0001199
-0.0001232
-0.0001263
-0.0001292
-0.0001321
-0.0001348
-0.0001375
-0.0001400
-0.0001425
-0.0001449
-0.0001471
-0.0001493
-0.0001513
-0.0001533
-0.0001552
-0.0001570
-0.0001587
-0.0001604
-0.0001619
-0.0001634
-0.0001648
-0.0001661
