0.0000112
0.0000113
0.0000111
0.0000111
0.0000110
0.0000109
0.0000109
0.0000109
0.0000107
0.0000106
0.0000105
0.0000106
0.0000105
0.0000101
0.0000100
0.0000099
0.0000102
0.0000096
0.0000098
0.0000089
0.0000095
0.0000091
0.0000087
0.0000091
0.0000086
-0.0002299
0.0000146
0.0000070
0.0000132
0.0000067
0.0000136
0.0000039
0.0000132
0.0000048
0.0000133
0.0000032
0.0000134
0.0000014
0.0000164
0.0000002
0.0000172
0.0000004
0.0000152
-0.0000031
0.0000195
-0.0000034
0.0000196
-0.0000066
0.0000152
-0.0000105
0.0000214
-0.0000086
0.0000186
-0.0000051
0.0000152
-0.0000100
0.0000009
0.0000062
0.0000023
0.0000046
-0.0000024
-0.0000034
0.0000030
0.0000081
-0.0000024
0.0000104
-0.0000032
0.0000004
-0.0000038
0.0000067
-0.0000099
0.0000038
-0.0000112
0.0000061
-0.0000072
0.0000031
-0.0000083
0.0000001
-0.0000180
0.0000066
-0.0000109
0.0000055
-0.0000072
-0.0000061
-0.0000177
-0.0000079
-0.0000467
0.0000217
-0.0000323
0.0000253
-0.0000366
0.0000270
-0.0000392
0.0000288
-0.0000501
0.0000273
-0.0000573
0.0000298
-0.0000423
0.0000326
-0.0000563
0.0000463
-0.0000427
0.0000184
-0.0000577
0.0000444
-0.0000573
0.0000376
-0.0000661
0.0000290
-0.0000520
0.0000357
-0.0000590
0.0000412
-0.0000904
0.0000490
-0.0000658
0.0000366
0.0000009
-0.0000307
0.0000094
-0.0000381
0.0000202
-0.0000383
-0.0000131
-0.0000331
-0.0000010
-0.0000409
0.0000041
-0.0000189
0.0000117
-0.0000486
-0.0000027
-0.0000409
-0.0000095
-0.0000438
0.0000261
-0.0000536
-0.0000127
-0.0000234
0.0000243
-0.0000339
-0.0000009
-0.0000867
0.0000486
-0.0000593
0.0000049
-0.0000468
0.0000528
-0.0001093
0.0000623
-0.0000843
0.0000444
-0.0001134
0.0000549
-0.0001059
0.0001095
-0.0001249
0.0000711
-0.0001349
0.0000701
-0.0001081
0.0000814
-0.0001338
0.0000794
-0.0001378
0.0000718
-0.0000848
0.0000747
-0.0001392
0.0000783
-0.0001470
0.0000564
-0.0001089
0.0000696
-0.0001044
0.0000617
-0.0001386
-0.0001064
0.0000286
-0.0000710
0.0000030
-0.0000758
0.0000121
-0.0000989
0.0000540
-0.0000805
0.0000035
-0.0000952
0.0000287
-0.0000603
-0.0000089
-0.0001010
0.0000068
-0.0000786
0.0000041
-0.0000465
-0.0000072
-0.0000605
0.0000050
-0.0000725
0.0000175
-0.0000513
0.0000048
-0.0001055
0.0000385
-0.0000889
0.0000442
-0.0000722
0.0000731
-0.0001533
0.0001020
-0.0001555
0.0001186
-0.0001565
0.0000759
-0.0001214
0.0001165
-0.0001607
0.0001257
-0.0001397
0.0000648
-0.0001684
0.0000873
-0.0001229
0.0001107
-0.0002039
0.0001339
-0.0001475
0.0001018
-0.0001825
0.0000942
-0.0001544
0.0000741
-0.0001380
0.0001093
-0.0002022
0.0001387
-0.0001467
-0.0000669
0.0000543
-0.0000670
0.0000648
-0.0000754
0.0000754
-0.0000727
0.0000482
-0.0001156
0.0000664
-0.0000494
0.0000486
-0.0000715
0.0000917
-0.0000744
0.0000810
-0.0001137
0.0000935
-0.0001915
0.0000500
-0.0000876
0.0000851
-0.0001129
0.0001219
-0.0001113
0.0000369
-0.0001057
0.0000626
-0.0001406
0.0000384
-0.0001174
0.0001275
-0.0001572
0.0001187
-0.0001189
0.0001138
-0.0001756
0.0000851
-0.0001624
0.0001472
-0.0001572
0.0001181
-0.0001387
0.0001163
-0.0002023
0.0001283
-0.0001073
0.0001131
-0.0001639
0.0001476
-0.0001644
0.0001719
-0.0001393
0.0000819
-0.0001320
0.0001165
-0.0000749
0.0001372
-0.0000963
0.0001091
-0.0000856
-0.0000338
0.0001309
-0.0001003
0.0000670
-0.0000487
0.0001195
-0.0001162
0.0001177
-0.0001068
0.0001014
-0.0000353
0.0001131
-0.0000740
0.0000720
-0.0000860
0.0000802
-0.0001382
0.0001280
-0.0000653
0.0000924
-0.0000358
0.0000481
-0.0001456
0.0001537
-0.0000629
0.0001408
-0.0001059
0.0000840
-0.0000457
0.0001003
-0.0000926
0.0001559
-0.0001412
0.0001381
-0.0001302
0.0001808
-0.0001470
0.0001801
-0.0001148
0.0001488
-0.0001185
0.0001222
-0.0000960
0.0001330
-0.0001227
0.0001339
-0.0000500
0.0001642
-0.0001019
0.0001660
-0.0001261
0.0001998
-0.0001605
0.0001747
-0.0001511
0.0001079
-0.0000792
0.0001863
-0.0000852
0.0001289
-0.0001077
0.0001674
0.0001080
-0.0000818
0.0001522
-0.0000631
0.0001237
-0.0000700
0.0001213
-0.0001387
0.0001356
-0.0000457
0.0001558
-0.0000790
0.0001100
-0.0000655
0.0000760
-0.0000458
0.0001327
-0.0000602
0.0001445
-0.0000730
0.0001046
-0.0000522
0.0001366
-0.0001024
0.0001402
-0.0000904
0.0001263
-0.0000280
0.0001348
-0.0001158
0.0001716
-0.0000680
0.0001903
-0.0000943
0.0001487
-0.0000450
0.0001111
-0.0000720
0.0001448
-0.0000372
0.0001633
-0.0001469
0.0001613
-0.0000930
0.0001530
-0.0000812
0.0001561
-0.0000624
0.0001187
-0.0000792
0.0001236
-0.0000946
0.0001531
-0.0000813
0.0001606
-0.0000626
0.0001289
-0.0000983
0.0001815
-0.0001013
0.0001258
0.0001077
-0.0000124
0.0001236
-0.0000631
0.0001312
-0.0000615
0.0001473
-0.0000242
0.0001369
-0.0000619
0.0001414
-0.0000806
0.0001202
-0.0000428
0.0001318
-0.0000529
0.0001045
-0.0000770
0.0001570
-0.0000008
0.0000986
-0.0000886
0.0001628
-0.0000440
0.0001308
-0.0000238
0.0001680
-0.0000230
0.0001386
-0.0000765
0.0001259
-0.0001050
0.0001439
-0.0000658
0.0001368
-0.0000484
0.0001294
-0.0001016
0.0001775
-0.0001003
0.0001302
-0.0000207
0.0001125
-0.0000855
0.0001203
-0.0000793
0.0001610
-0.0000578
0.0001018
-0.0000790
0.0001585
-0.0001251
0.0001577
-0.0000039
0.0001554
-0.0000435
0.0001824
-0.0000903
0.0001479
-0.0001061
0.0002018
0.0001234
-0.0000568
0.0001411
-0.0000916
0.0001472
-0.0000930
0.0001505
-0.0000757
0.0001232
-0.0000079
0.0000767
-0.0000652
0.0001492
-0.0000970
0.0002286
-0.0000663
0.0001314
-0.0000460
0.0002218
-0.0000142
0.0002262
0.0000548
0.0002312
0.0000640
0.0002764
0.0001964
0.0003527
0.0002388
0.0001169
-0.0000976
0.0002354
-0.0000067
0.0001775
-0.0000526
-0.0000577
0.0005372
0.0028668
0.0036818
0.0041552
0.0052926
0.0060774
0.0044705
0.0034390
-0.0003882
-0.0046441
-0.0069580
-0.0055743
-0.0034637
-0.0019228
0.0030390
0.0068792
0.0027470
0.0055711
0.0049803
0.0002717
-0.0064197
-0.0150065
-0.0191343
-0.0183178
-0.0162818
-0.0134661
-0.0120272
-0.0078773
0.0013925
0.0080297
0.0100820
0.0105274
0.0042751
-0.0173755
-0.0322631
-0.0280865
-0.0245558
-0.0329240
-0.0172367
-0.0018436
0.0148644
0.0451749
0.0446456
0.0036225
-0.0220498
-0.0383201
-0.0472447
-0.0408215
-0.0253379
-0.0167325
-0.0074158
0.0056175
0.0189022
0.0334305
0.0206404
-0.0151880
-0.0310587
-0.0315643
-0.0297410
-0.0220149
0.0063923
0.0173874
0.0001613
-0.0018913
0.0250156
0.0423675
0.0460429
0.0546324
0.0374362
0.0151804
0.0028438
-0.0116921
-0.0384172
-0.0582546
-0.0562855
-0.0329281
0.0170277
0.0567492
0.0731916
0.0743175
0.0929936
0.0872682
0.0343224
0.0002149
-0.0151242
-0.0306772
-0.0276223
-0.0218569
-0.0319241
-0.0368813
-0.0194030
-0.0120321
0.0091885
0.0120515
-0.0106477
-0.0205820
-0.0234378
-0.0237749
-0.0168166
-0.0252833
-0.0303053
-0.0091845
0.0208577
0.0543463
0.0703510
0.0697132
0.0858385
0.0907535
0.0536461
0.0122372
-0.0190740
-0.0369140
-0.0484959
-0.0586174
-0.0514093
-0.0350058
-0.0117566
0.0251297
0.0397758
0.0574690
0.0656364
0.0545891
0.0318914
0.0386555
0.0397035
0.0101488
0.0085979
0.0155683
0.0149461
0.0327649
0.0362188
0.0225271
0.0232733
0.0215509
0.0086162
0.0232287
0.0324865
0.0112386
0.0005914
0.0070595
-0.0047479
-0.0101214
-0.0048068
-0.0187807
-0.0247765
-0.0142766
-0.0261427
-0.0322348
-0.0283729
-0.0329308
-0.0469521
-0.0403318
-0.0337721
-0.0313590
-0.0161828
0.0036243
0.0048054
0.0168584
0.0224195
0.0049600
0.0066546
0.0190106
0.0259950
0.0312606
0.0391150
0.0460868
0.0510945
0.0349413
0.0030604
-0.0224193
-0.0392336
-0.0580587
-0.0693298
-0.0720955
-0.0623002
-0.0353885
-0.0105496
0.0178189
0.0324229
0.0348277
0.0462453
0.0483218
0.0202290
-0.0084377
-0.0144090
-0.0208840
-0.0165361
0.0042318
0.0139228
0.0168970
0.0361987
0.0378383
0.0353779
0.0457065
0.0215795
-0.0088737
-0.0104050
-0.0172134
-0.0348170
-0.0456919
-0.0608424
-0.0813132
-0.0848744
-0.0840945
-0.0650579
-0.0344722
-0.0057057
0.0267376
0.0424544
0.0412732
0.0402612
0.0335535
0.0101112
-0.0036567
-0.0162623
-0.0227405
-0.0169204
-0.0091879
0.0005435
0.0091589
0.0109459
0.0102722
0.0135244
0.0061971
-0.0011291
0.0041349
0.0062266
0.0167798
0.0276481
0.0366212
0.0343137
0.0354915
0.0414157
0.0301138
0.0070508
-0.0065740
-0.0373298
-0.0684457
-0.0668964
-0.0774841
-0.0842645
-0.0715586
-0.0693301
-0.0624668
-0.0277684
0.0199540
0.0383668
0.0375090
0.0405123
0.0328285
0.0251557
0.0186730
-0.0029091
-0.0152969
-0.0209577
-0.0303076
-0.0399030
-0.0384869
-0.0312562
-0.0259466
0.0020612
0.0296742
0.0286083
0.0186671
0.0295277
0.0236567
0.0125813
0.0167293
-0.0047110
-0.0222229
-0.0147800
-0.0178437
-0.0306399
-0.0218267
-0.0294901
-0.0363980
-0.0212716
0.0127653
0.0205514
0.0205066
0.0549321
0.0635874
0.0568503
0.0703121
0.0651247
0.0497165
0.0504077
0.0488566
0.0288884
0.0037052
-0.0123423
-0.0349774
-0.0393446
-0.0367205
-0.0452416
-0.0216926
0.0051864
0.0133044
0.0504939
0.0664060
0.0210326
0.0063488
-0.0066528
-0.0281789
-0.0244495
-0.0206158
-0.0270176
-0.0194741
-0.0152160
-0.0373668
-0.0304749
-0.0239033
-0.0497389
-0.0358486
-0.0178288
-0.0255642
-0.0261967
-0.0266194
-0.0310025
-0.0357067
-0.0415404
-0.0401963
-0.0350194
-0.0393673
-0.0262048
-0.0205847
-0.0275745
-0.0135430
0.0064807
0.0068232
0.0085878
-0.0156372
-0.0561218
-0.0556540
-0.0441583
-0.0321884
-0.0184409
0.0015928
0.0019118
0.0158915
0.0276978
0.0193653
-0.0051400
-0.0105067
-0.0028599
0.0107935
0.0184446
0.0141059
0.0144385
0.0023028
-0.0004037
0.0014281
-0.0025412
-0.0032900
0.0077711
-0.0047419
-0.0254928
-0.0291474
-0.0491313
-0.0722071
-0.0678256
-0.0784122
-0.0761477
-0.0477597
-0.0396966
-0.0175976
0.0164486
0.0632922
0.0413849
0.0595255
0.0816704
0.0459318
0.0099204
-0.0136466
-0.0334898
-0.0328917
-0.0155082
-0.0022210
-0.0170269
-0.0309103
-0.0305350
-0.0604000
-0.0838512
-0.0927070
-0.1195050
-0.1379585
-0.1267061
-0.1366031
-0.1629512
-0.1679249
-0.1692456
-0.1580440
-0.1578402
-0.1461170
-0.1458077
-0.1608213
-0.1481660
-0.1483813
-0.1687457
-0.1871131
-0.2027581
-0.2250645
-0.2366505
-0.2391706
-0.2546495
-0.2665620
-0.2683293
-0.2776018
-0.2821290
-0.2848789
-0.2911140
-0.2795916
-0.2288244
-0.1576784
-0.0606290
0.0564436
0.1034117
0.1121488
0.1856941
0.2344960
0.2598399
0.3089034
0.3322330
0.3246785
0.3408654
0.3997535
0.4333165
0.4290350
0.4309250
0.4540768
0.4175284
0.3572878
0.3461613
0.2886705
0.2153671
0.1788216
0.1183368
0.0775994
0.0958591
0.0595274
0.0159545
-0.0021080
-0.0190205
-0.0159197
0.0277837
0.0754650
0.1529099
0.2773576
0.3761277
0.4019094
0.4232347
0.4791909
0.4758457
0.4258256
0.4135706
0.4094032
0.3839192
0.3632138
0.3493403
0.2976483
0.2447238
0.2079789
0.1631246
0.1288960
0.0898719
0.0587440
0.0559677
0.0571419
0.0456317
0.0463299
0.0360887
0.0218883
-0.0033819
-0.0343500
-0.0408276
-0.0651893
-0.0938988
-0.1210310
-0.1673859
-0.2327881
-0.2913496
-0.3420329
-0.4043991
-0.4401687
-0.4566113
-0.4701799
-0.4644114
-0.4288962
-0.4052734
-0.3727898
-0.3247825
-0.2287912
-0.1869642
-0.2090742
-0.1843126
-0.1506976
-0.1826711
-0.2102258
-0.2103602
-0.1700086
-0.1031568
-0.0433130
-0.0114531
-0.0112268
-0.0217162
-0.0309661
-0.0338886
-0.0147902
0.0543466
0.1626651
0.2719649
0.3822227
0.4736782
0.5383362
0.5621093
0.5230250
0.4835577
0.4701293
0.4266897
0.3890879
0.3395418
0.3451339
0.3358628
0.2886619
0.2457150
0.2140811
0.1873457
0.1447298
0.1056679
0.0583351
-0.0291391
-0.1006382
-0.1437375
-0.2179118
-0.3277867
-0.3993749
-0.4656166
-0.5424342
-0.5961217
-0.6357436
-0.6855311
-0.7165856
-0.7201100
-0.7213584
-0.7191187
-0.6868085
-0.6004278
-0.4459140
-0.1864614
-0.0158912
0.3906543
0.6197461
0.5480321
0.4323194
0.5403115
0.7474017
0.9299760
1.0513545
1.0132831
0.7964797
0.5650311
0.4469212
0.3760598
0.2855089
0.0613967
-0.1776873
-0.4165097
-0.6046097
-0.5791011
-0.4674965
-0.4785219
-0.5719050
-0.5794768
-0.5024944
-0.4273530
-0.3915473
-0.3466512
-0.3007796
-0.2345972
-0.1318633
-0.0843422
-0.0282953
0.0305815
0.1283013
0.1986875
0.1807825
0.1048395
-0.0022854
-0.1586682
-0.3210992
-0.4210470
-0.4576373
-0.4789539
-0.5233573
-0.5538251
-0.5564464
-0.5505667
-0.5522992
-0.5550115
-0.5649126
-0.5730133
-0.5471319
-0.4794163
-0.3867918
-0.2890708
-0.2028274
-0.1100840
-0.0171691
0.0472894
0.0806553
0.0971632
0.1381904
0.1781902
0.2484808
0.3864031
0.5321603
0.6351700
0.6680076
0.6083797
0.5423793
0.5361803
0.5546315
0.5780607
0.6067989
0.5593826
0.4111733
0.2756179
0.1799372
0.0882394
-0.0055907
-0.0619302
-0.0729849
-0.1003574
-0.0883846
-0.0125214
0.0763097
0.1317461
0.1251634
0.0552489
0.0216895
0.0211993
0.0124084
-0.0161685
-0.0619532
-0.1456025
-0.2292825
-0.2582518
-0.2508000
-0.2396706
-0.2327563
-0.2320656
-0.2149524
-0.1896606
-0.1660117
-0.1216040
-0.0666295
-0.0166942
0.0347459
0.0743142
0.0749589
0.0606693
0.0536661
0.0381992
0.0060615
-0.0331727
-0.0711323
-0.1072950
-0.1457413
-0.1731255
-0.1832477
-0.1740242
-0.1685650
-0.1455982
-0.0768374
0.0445621
0.1857678
0.2995312
0.3976207
0.4645791
0.5109520
0.5758657
0.6369603
0.6366641
0.6066457
0.5816978
0.5542139
0.5322946
0.5107511
0.4801880
0.4023892
0.2861172
0.1354738
-0.0342229
-0.1777278
-0.2616042
-0.2845032
-0.2913481
-0.3265151
-0.3831967
-0.3726583
-0.2983752
-0.2465286
-0.2316349
-0.2145623
-0.2005646
-0.1948366
-0.1881795
-0.1794213
-0.1896591
-0.2097692
-0.2107648
-0.2143152
-0.2322014
-0.2493246
-0.2483955
-0.2455647
-0.2440244
-0.2039646
-0.1446257
-0.0838451
-0.0046152
0.0899489
0.1377524
0.1569906
0.1996542
0.2514705
0.2601058
0.2448105
0.2319485
0.2141057
0.2117387
0.2043548
0.1735561
0.1629830
0.1746572
0.1840222
0.1502352
0.1237634
0.1143309
0.0970530
0.0856187
0.0623296
0.0272809
0.0311694
0.0367878
0.0102433
-0.0097178
-0.0219929
-0.0552595
-0.0957672
-0.1165206
-0.1369149
-0.1671460
-0.1823157
-0.1806553
-0.1727425
-0.1616377
-0.1169632
-0.0435513
0.0243828
0.0949825
0.1514794
0.1621449
0.1520718
0.1398730
0.1311103
0.1024374
0.0622281
0.0165007
-0.0400310
-0.0942124
-0.1223158
-0.1566438
-0.1909120
-0.2100409
-0.2199637
-0.2138932
-0.1891303
-0.1493393
-0.0972273
-0.0224500
0.0701244
0.1412290
0.1707947
0.2029026
0.2545151
0.2714750
0.2570120
0.2459766
0.2189897
0.1665912
0.0995200
0.0431541
0.0059160
-0.0109413
-0.0390167
-0.0559669
-0.0523330
-0.0438768
-0.0187581
0.0380870
0.0845812
0.0974826
0.0945666
0.0946917
0.1016186
0.1171006
0.1152289
0.0908542
0.0705462
0.0837353
0.1022128
0.0942667
0.0999267
0.1011519
0.0999330
0.1275634
0.1586046
0.1611536
0.1517192
0.1533737
0.1497121
0.1266181
0.0839577
0.0629273
0.0414185
0.0196123
-0.0231356
-0.0673178
-0.1016241
-0.1214216
-0.1404595
-0.1607938
-0.1819342
-0.1847432
-0.1815888
-0.1449219
-0.1460577
-0.1191590
-0.0728805
-0.0879952
-0.0565852
-0.0074649
0.0322397
0.0798514
0.1229561
0.1684220
0.1992323
0.2117604
0.2156590
0.1906547
0.1693107
0.1388261
0.0938081
0.0470505
0.0256946
-0.0121504
-0.0439351
-0.0678854
-0.0730703
-0.0887830
-0.1169349
-0.1095275
-0.1001067
-0.1191546
-0.1288423
-0.1229038
-0.1351160
-0.1535240
-0.1534258
-0.1561496
-0.1456849
-0.0881428
-0.0581608
-0.0335385
0.0230343
0.0587391
0.1041870
0.1335731
0.1249788
0.1192327
0.1488234
0.1575787
0.1475620
0.1234017
0.0982175
0.0696877
0.0382525
0.0237435
0.0230261
0.0113686
-0.0234298
-0.0044657
0.0226361
0.0066143
-0.0050299
0.0021922
-0.0030071
-0.0071340
-0.0087264
-0.0329171
-0.0670744
-0.0894166
-0.1061371
-0.1343815
-0.1707889
-0.1861984
-0.1912746
-0.1895508
-0.1728682
-0.1546020
-0.1324994
-0.0950410
-0.0559102
-0.0396952
-0.0491645
-0.0492628
-0.0329427
-0.0327155
-0.0564472
-0.0677665
-0.0607633
-0.0403831
0.0017901
0.0521756
0.1059449
0.1620885
0.1937124
0.2099643
0.2305830
0.2325915
0.2060975
0.1509418
0.0785181
-0.0095123
-0.1011155
-0.1407642
-0.1598372
-0.1801583
-0.2009576
-0.2372965
-0.2489085
-0.2193871
-0.1955519
-0.1935390
-0.1855611
-0.1552522
-0.1171343
-0.0974924
-0.0844150
-0.0918377
-0.0987600
-0.1040021
-0.1163591
-0.1329780
-0.1560311
-0.1590685
-0.1460866
-0.1412579
-0.1402112
-0.1264547
-0.1108105
-0.0905693
-0.0863581
-0.0910632
-0.0921305
-0.0817402
-0.0842332
-0.0904538
-0.0930441
-0.0972372
-0.1068343
-0.1052118
-0.0870959
-0.0705897
-0.0524934
-0.0198258
0.0183804
0.0391053
0.0742366
0.1061611
0.1306383
0.1438732
0.1484362
0.1470981
0.1383891
0.1193123
0.0940360
0.0735754
0.0631111
0.0578621
0.0539661
0.0658828
0.0902105
0.1095491
0.1258585
0.1501456
0.1653037
0.1719810
0.1853213
0.1983335
0.2044357
0.2016758
0.1936430
0.1840439
0.1689205
0.1535428
0.1428187
0.1278256
0.1196083
0.1153491
0.1136364
0.0983523
0.0829239
0.0802349
0.0797650
0.0695372
0.0558884
0.0386211
0.0115612
-0.0172316
-0.0405678
-0.0645086
-0.0962004
-0.1254341
-0.1484709
-0.1625827
-0.1688468
-0.1690722
-0.1617316
-0.1415273
-0.1121261
-0.0843503
-0.0564921
-0.0264746
0.0062246
0.0337478
0.0553790
0.0772345
0.0883599
0.1062163
0.1031666
0.0808307
0.0661166
0.0642066
0.0480627
0.0302719
0.0263938
0.0245243
0.0201536
0.0279756
0.0387420
0.0510579
0.0654656
0.0666814
0.0636720
0.0643347
0.0640847
0.0577691
0.0470631
0.0358372
0.0147691
-0.0111006
-0.0303595
-0.0441044
-0.0613486
-0.0861021
-0.1005165
-0.1125262
-0.1210072
-0.1365733
-0.1516426
-0.1646722
-0.1738234
-0.1875899
-0.1953842
-0.1970344
-0.2031135
-0.2038693
-0.1906995
-0.1743075
-0.1693526
-0.1695722
-0.1676417
-0.1711155
-0.1750213
-0.1733104
-0.1691430
-0.1602996
-0.1378531
-0.1024936
-0.0671457
-0.0315685
0.0051821
0.0337653
0.0528260
0.0645574
0.0685122
0.0651049
0.0621573
0.0531218
0.0379328
0.0222030
0.0112197
0.0055260
-0.0032228
-0.0136755
-0.0135589
-0.0096541
-0.0133548
-0.0145676
-0.0094245
0.0020668
0.0171321
0.0249762
0.0247582
0.0256787
0.0236986
0.0103805
-0.0029336
-0.0093510
-0.0165811
-0.0302092
-0.0416546
-0.0533751
-0.0702384
-0.0837606
-0.0915907
-0.1101537
-0.1379581
-0.1541887
-0.1580830
-0.1700447
-0.1823315
-0.1861594
-0.1813330
-0.1714464
-0.1577030
-0.1369463
-0.1148616
-0.0927595
-0.0709616
-0.0566664
-0.0417046
-0.0226518
-0.0110110
-0.0050064
0.0065576
0.0168139
0.0194822
0.0195374
0.0151641
0.0147438
0.0196261
0.0171055
0.0179170
0.0317547
0.0394486
0.0352173
0.0337526
0.0411194
0.0441946
0.0455533
0.0437303
0.0409007
0.0364607
0.0293688
0.0162203
-0.0064959
-0.0328899
-0.0540845
-0.0750235
-0.1018929
-0.1129925
-0.1097154
-0.1122762
-0.1091377
-0.0894782
-0.0683723
-0.0504952
-0.0256102
0.0035007
0.0239647
0.0382841
0.0547623
0.0721607
0.0837776
0.0958308
0.1081528
0.1056025
0.0961513
0.0917871
0.0817939
0.0684121
0.0632679
0.0660663
0.0600639
0.0551834
0.0626663
0.0661252
0.0643044
0.0637361
0.0537268
0.0347706
0.0137593
-0.0088834
-0.0313165
-0.0461007
-0.0616281
-0.0756424
-0.0830869
-0.0882272
-0.0943169
-0.1000738
-0.0994449
-0.0975686
-0.0972096
-0.0902450
-0.0787656
-0.0659215
-0.0461786
-0.0226616
-0.0118524
0.0102222
0.0363647
0.0643983
0.0841886
0.1060746
0.1314912
0.1514649
0.1706776
0.1900218
0.2045267
0.2184565
0.2333487
0.2391417
0.2298012
0.2101478
0.1806120
0.1443507
0.1008989
0.0466406
-0.0125866
-0.0604477
-0.0813359
-0.0987782
-0.1270389
-0.1454436
-0.1463626
-0.1339343
-0.1216866
-0.1148242
-0.1107912
-0.1008198
-0.0878271
-0.0779419
-0.0684822
-0.0458737
-0.0141085
0.0191910
0.0560576
0.0865798
0.1127359
0.1379205
0.1670319
0.1859874
0.1915348
0.2077260
0.2291857
0.2364728
0.2355090
0.2364092
0.2331594
0.2257047
0.2209419
0.2126318
0.1964998
0.1794574
0.1636318
0.1431151
0.1197289
0.0988840
0.0772663
0.0658953
0.0439666
0.0181189
-0.0074181
-0.0269464
-0.0472467
-0.0643525
-0.0731975
-0.0814349
-0.0890900
-0.0896303
-0.0879375
-0.0900947
-0.0937275
-0.0895675
-0.0812899
-0.0674308
-0.0420033
-0.0215780
-0.0126802
-0.0011201
0.0097543
0.0135645
0.0188704
0.0253677
0.0285255
0.0327142
0.0386152
0.0480184
0.0599804
0.0676798
0.0679079
0.0661897
0.0688619
0.0675624
0.0590940
0.0525023
0.0509021
0.0445069
0.0356015
0.0305216
0.0262254
0.0173584
0.0069265
-0.0036705
-0.0171078
-0.0287536
-0.0411965
-0.0550616
-0.0696762
-0.0820808
-0.0888820
-0.0917049
-0.0942630
-0.1009473
-0.1096808
-0.1168309
-0.1252192
-0.1307885
-0.1315261
-0.1351130
-0.1378260
-0.1375920
-0.1379508
-0.1413097
-0.1456979
-0.1443516
-0.1376162
-0.1300988
-0.1249510
-0.1113388
-0.0864604
-0.0623759
-0.0368260
-0.0064659
0.0212817
0.0484660
0.0681687
0.0809645
0.0945371
0.1054167
0.1103717
0.1105695
0.1095145
0.1110520
0.1069930
0.0956956
0.0812190
0.0678167
0.0588124
0.0560323
0.0546404
0.0533480
0.0529679
0.0567287
0.0684736
0.0714492
0.0724955
0.0746477
0.0688167
0.0671799
0.0744059
0.0821691
0.0840689
0.0903046
0.0936085
0.0937519
0.0946514
0.0986725
0.1048131
0.1108045
0.1179925
0.1239479
0.1322448
0.1396695
0.1361142
0.1214560
0.1052944
0.0874580
0.0649616
0.0419527
0.0256631
0.0136926
0.0078311
-0.0006837
-0.0093352
-0.0214607
-0.0293995
-0.0320448
-0.0372210
-0.0456324
-0.0517848
-0.0577523
-0.0652322
-0.0624243
-0.0500454
-0.0395616
-0.0280616
-0.0076564
0.0092171
0.0205174
0.0329395
0.0454542
0.0568834
0.0688434
0.0781294
0.0842928
0.0891646
0.0895475
0.0827002
0.0717012
0.0527101
0.0235739
-0.0045838
-0.0179025
-0.0451733
-0.0754372
-0.0980326
-0.1103320
-0.1192811
-0.1239512
-0.1221538
-0.1185854
-0.1136163
-0.1059902
-0.0966878
-0.0833516
-0.0692347
-0.0505944
-0.0274546
-0.0056730
0.0078135
0.0168153
0.0265605
0.0345604
0.0368565
0.0262867
0.0129488
0.0046160
-0.0050524
-0.0196121
-0.0329761
-0.0491489
-0.0638657
-0.0739880
-0.0768561
-0.0812817
-0.0843620
-0.0830891
-0.0740732
-0.0660335
-0.0629767
-0.0609527
-0.0575739
-0.0575624
-0.0565693
-0.0515590
-0.0465414
-0.0405612
-0.0303061
-0.0185372
-0.0087676
0.0072250
0.0264893
0.0306081
0.0277553
0.0262780
0.0200794
0.0083136
-0.0050894
-0.0167858
-0.0303888
-0.0401567
-0.0465122
-0.0493979
-0.0486429
-0.0456093
-0.0416976
-0.0399931
-0.0387306
-0.0334447
-0.0253913
-0.0195315
-0.0203127
-0.0280816
-0.0376733
-0.0424703
-0.0438672
-0.0457264
-0.0452825
-0.0396001
-0.0281152
-0.0140620
-0.0022654
0.0071616
0.0190236
0.0285033
0.0273697
0.0223315
0.0184755
0.0068862
-0.0068972
-0.0210690
-0.0377605
-0.0546798
-0.0647480
-0.0711427
-0.0737136
-0.0753507
-0.0678237
-0.0529863
-0.0392121
-0.0281778
-0.0167461
-0.0089085
-0.0027395
0.0033102
0.0088012
0.0129703
0.0206577
0.0309562
0.0369718
0.0423988
0.0481351
0.0504126
0.0503610
0.0509621
0.0518083
0.0526776
0.0544839
0.0556172
0.0559053
0.0527289
0.0450485
0.0310227
0.0138115
-0.0022801
-0.0085621
-0.0199685
-0.0289523
-0.0395342
-0.0512774
-0.0582891
-0.0629230
-0.0688797
-0.0754047
-0.0795350
-0.0802345
-0.0784780
-0.0725870
-0.0644388
-0.0526237
-0.0366890
-0.0209587
-0.0067571
0.0044280
0.0118576
0.0147084
0.0126875
0.0062917
-0.0015677
-0.0062459
-0.0052603
0.0019099
0.0156015
0.0315812
0.0486163
0.0553870
0.0625455
0.0657950
0.0685366
0.0699494
0.0725815
0.0742078
0.0787313
0.0910077
0.1037916
0.1106145
0.1140401
0.1134156
0.1095021
0.1044234
0.0953707
0.0816517
0.0658263
0.0525701
0.0406597
0.0330415
0.0310574
0.0247542
0.0197744
0.0202473
0.0170910
0.0112024
0.0087284
0.0052952
-0.0005504
-0.0058445
-0.0077819
-0.0104474
-0.0133443
-0.0156148
-0.0194000
-0.0245711
-0.0273966
-0.0285471
-0.0262315
-0.0219461
-0.0216314
-0.0257797
-0.0289886
-0.0327555
-0.0380039
-0.0414907
-0.0426113
-0.0411178
-0.0356499
-0.0305821
-0.0263798
-0.0192632
-0.0123397
-0.0103023
-0.0043329
0.0062206
0.0106975
0.0137583
0.0167023
0.0157894
0.0142123
0.0102787
0.0048590
-0.0008084
-0.0051492
-0.0068051
-0.0035385
0.0064856
0.0176588
0.0283895
0.0387509
0.0480026
0.0533095
0.0496976
0.0397962
0.0273086
0.0109856
-0.0066966
-0.0180456
-0.0252264
-0.0293686
-0.0307987
-0.0273518
-0.0209583
-0.0102731
0.0044186
0.0129676
0.0167611
0.0194532
0.0171904
0.0070345
0.0001977
-0.0116053
-0.0264572
-0.0454987
-0.0633114
-0.0754632
-0.0849267
-0.0933896
-0.0963631
-0.0972190
-0.0968063
-0.0932577
-0.0883700
-0.0839080
-0.0789430
-0.0695137
-0.0590694
-0.0513238
-0.0399690
-0.0253713
-0.0138726
-0.0057026
0.0005222
0.0031975
0.0031023
0.0010492
0.0005241
0.0032321
0.0084734
0.0180152
0.0242639
0.0392528
0.0529536
0.0658898
0.0765275
0.0832894
0.0876216
0.0882993
0.0856979
0.0794311
0.0674814
0.0536591
0.0415586
0.0309113
0.0231736
0.0168970
0.0105586
0.0091701
0.0110466
0.0093359
0.0066873
0.0044692
0.0020280
-0.0001897
-0.0008443
-0.0009693
-0.0002969
0.0029836
0.0061364
0.0078111
0.0122000
0.0140308
0.0153511
0.0168353
0.0215593
0.0291194
0.0380214
0.0473453
0.0563706
0.0637346
0.0689304
0.0738158
0.0751638
0.0716671
0.0674853
0.0622664
0.0555634
0.0515063
0.0494926
0.0471097
0.0445180
0.0419294
0.0387474
0.0336902
0.0306268
0.0301794
0.0295757
0.0279002
0.0274335
0.0283438
0.0246180
0.0210733
0.0130410
0.0027558
-0.0113192
-0.0243328
-0.0377290
-0.0497831
-0.0604052
-0.0698601
-0.0766174
-0.0806924
-0.0820101
-0.0804738
-0.0794247
-0.0782394
-0.0740393
-0.0702439
-0.0685368
-0.0665665
-0.0628461
-0.0589291
-0.0550350
-0.0487189
-0.0421270
-0.0349043
-0.0244536
-0.0123737
0.0003340
0.0135629
0.0250869
0.0343147
0.0377506
0.0437371
0.0453590
0.0408338
0.0338608
0.0229230
0.0111066
0.0029291
-0.0042017
-0.0122920
-0.0177054
-0.0174612
-0.0169854
-0.0156139
-0.0115168
-0.0067151
-0.0013397
0.0031313
0.0081129
0.0106277
0.0085296
0.0060034
0.0075200
0.0100932
0.0117148
0.0147689
0.0147403
0.0132049
0.0082260
0.0016450
-0.0014862
-0.0096403
-0.0203644
-0.0242948
-0.0243524
-0.0260526
-0.0238994
-0.0198929
-0.0178063
-0.0157498
-0.0139839
-0.0145064
-0.0173636
-0.0198465
-0.0226072
-0.0274212
-0.0290679
-0.0273421
-0.0270924
-0.0272492
-0.0258461
-0.0230621
-0.0183103
-0.0139334
-0.0088487
-0.0016006
0.0068798
0.0113822
0.0161435
0.0197371
0.0154577
0.0132445
0.0127781
0.0095537
0.0042082
0.0056891
0.0080100
0.0070361
0.0087549
0.0131745
0.0157485
0.0171248
0.0211492
0.0258632
0.0271492
0.0278203
0.0276748
0.0233456
0.0150425
0.0059879
-0.0037752
-0.0112581
-0.0141562
-0.0152952
-0.0143836
-0.0087943
-0.0049342
-0.0024790
0.0025219
0.0045527
0.0056187
0.0065021
0.0051270
0.0040319
0.0073330
0.0107037
0.0116231
0.0156397
0.0194811
0.0176124
0.0142668
0.0108833
0.0055783
0.0003159
-0.0032839
-0.0048032
-0.0053237
-0.0027379
0.0017869
0.0040078
0.0056219
0.0076497
0.0076745
0.0048171
0.0011998
-0.0000592
0.0011437
0.0007710
0.0036228
0.0102559
0.0159496
0.0207323
0.0230457
0.0265770
0.0284468
0.0288236
0.0296721
0.0287815
0.0271516
0.0265962
0.0244517
0.0204252
0.0167478
0.0123557
0.0036609
-0.0083458
-0.0186880
-0.0277767
-0.0344394
-0.0383467
-0.0419631
-0.0425612
-0.0396960
-0.0364290
-0.0311938
-0.0233334
-0.0163561
-0.0105832
-0.0044406
0.0048314
0.0128561
0.0145587
0.0140983
0.0152187
0.0152439
0.0120203
0.0108471
0.0094950
0.0056055
0.0032890
0.0048334
0.0074231
0.0094413
0.0114229
0.0119024
0.0107197
0.0111497
0.0108810
0.0093713
0.0108654
0.0129246
0.0137163
0.0158155
0.0183717
0.0210950
0.0226264
0.0228902
0.0234945
0.0247096
0.0265694
0.0281792
0.0286539
0.0289296
0.0300577
0.0308707
0.0290364
0.0239588
0.0190687
0.0140839
0.0082499
0.0035237
0.0004334
-0.0011908
-0.0017536
-0.0041931
-0.0071336
-0.0092323
-0.0137656
-0.0194113
-0.0212996
-0.0219958
-0.0219725
-0.0198358
-0.0168134
-0.0147101
-0.0126840
-0.0087418
-0.0073283
-0.0089960
-0.0096974
-0.0108595
-0.0151533
-0.0174634
-0.0202147
-0.0219009
-0.0234323
-0.0243370
-0.0233447
-0.0243234
-0.0272423
-0.0286363
-0.0298297
-0.0321031
-0.0333653
-0.0342229
-0.0350743
-0.0346091
-0.0305524
-0.0248251
-0.0185603
-0.0112399
-0.0060180
-0.0031800
0.0008564
0.0041365
0.0058168
0.0065443
0.0072664
0.0081550
0.0069742
0.0062425
0.0081161
0.0085018
0.0080178
0.0068662
0.0048617
0.0010894
-0.0031670
-0.0063514
-0.0100439
-0.0148336
-0.0186721
-0.0209626
-0.0232709
-0.0241954
-0.0230560
-0.0206486
-0.0169696
-0.0122415
-0.0070112
-0.0029456
0.0000232
0.0036317
0.0063665
0.0075566
0.0106270
0.0132558
0.0138483
0.0153239
0.0167075
0.0143092
0.0087541
0.0019788
-0.0017941
-0.0092079
-0.0171176
-0.0227657
-0.0267013
-0.0293302
-0.0297854
-0.0273443
-0.0228129
-0.0166799
-0.0095247
-0.0007817
0.0059266
0.0098843
0.0137086
0.0136824
0.0118477
0.0113000
0.0100753
0.0076159
0.0058573
0.0027889
-0.0020915
-0.0049227
-0.0070599
-0.0077290
-0.0054612
-0.0001105
0.0052981
0.0116386
0.0206780
0.0246836
0.0299023
0.0339618
0.0385093
0.0409494
0.0423777
0.0442169
0.0440221
0.0441420
0.0451603
0.0447238
0.0445628
0.0443991
0.0416397
0.0373384
0.0340374
0.0308542
0.0252379
0.0211945
0.0177989
0.0120390
0.0061204
0.0022457
-0.0012656
-0.0028079
-0.0001394
0.0040958
0.0081450
0.0132844
0.0174591
0.0180004
0.0173303
0.0154960
0.0102633
0.0033227
-0.0023631
-0.0068741
-0.0100150
-0.0104353
-0.0099063
-0.0108875
-0.0110097
-0.0117571
-0.0128558
-0.0134591
-0.0154648
-0.0187461
-0.0217068
-0.0244865
-0.0277953
-0.0289974
-0.0301207
-0.0324759
-0.0340416
-0.0352177
-0.0392289
-0.0435877
-0.0460683
-0.0494059
-0.0515433
-0.0512735
-0.0497675
-0.0452844
-0.0385585
-0.0304716
-0.0218747
-0.0132400
-0.0042993
0.0039397
0.0096966
0.0134690
0.0156440
0.0161444
0.0155861
0.0157933
0.0173612
0.0195524
0.0230716
0.0262331
0.0291311
0.0319111
0.0340230
0.0347446
0.0338795
0.0321823
0.0315273
0.0315165
0.0316305
0.0324005
0.0337749
0.0355941
0.0362338
0.0376217
0.0374970
0.0342929
0.0292706
0.0256931
0.0211700
0.0127956
0.0040921
-0.0037679
-0.0119269
-0.0187315
-0.0245352
-0.0294367
-0.0324293
-0.0318763
-0.0290172
-0.0252173
-0.0213333
-0.0184558
-0.0175255
-0.0189941
-0.0207251
-0.0226336
-0.0259203
-0.0299729
-0.0335718
-0.0363457
-0.0382578
-0.0398850
-0.0421028
-0.0426155
-0.0432384
-0.0431158
-0.0420978
-0.0397694
-0.0375175
-0.0356425
-0.0344731
-0.0349986
-0.0363728
-0.0377414
-0.0395154
-0.0406023
-0.0397910
-0.0372426
-0.0334912
-0.0275960
-0.0197728
-0.0113351
-0.0039162
0.0038363
0.0089535
0.0114221
0.0132470
0.0141107
0.0129585
0.0107626
0.0078999
0.0041600
0.0006688
-0.0021601
-0.0034952
-0.0054940
-0.0061923
-0.0049106
-0.0011877
0.0023148
0.0046837
0.0073962
0.0089062
0.0084975
0.0068938
0.0040450
0.0002551
-0.0030982
-0.0052289
-0.0072308
-0.0090087
-0.0103426
-0.0113494
-0.0129889
-0.0149378
-0.0161178
-0.0160144
-0.0156547
-0.0151894
-0.0138146
-0.0113790
-0.0088383
-0.0078414
-0.0074624
-0.0076470
-0.0078789
-0.0066582
-0.0056971
-0.0033116
0.0006219
0.0056944
0.0106607
0.0149771
0.0183700
0.0204209
0.0202187
0.0180473
0.0159246
0.0131792
0.0097355
0.0065926
0.0024310
-0.0029789
-0.0072579
-0.0113234
-0.0152024
-0.0179181
-0.0197517
-0.0203417
-0.0193892
-0.0174241
-0.0161648
-0.0152760
-0.0154116
-0.0163815
-0.0168548
-0.0172965
-0.0177926
-0.0191535
-0.0198555
-0.0196100
-0.0198917
-0.0201706
-0.0194121
-0.0190555
-0.0185745
-0.0158359
-0.0102763
-0.0025876
0.0066217
0.0164990
0.0267136
0.0348040
0.0404765
0.0450440
0.0474693
0.0472606
0.0444332
0.0409038
0.0382246
0.0356344
0.0328424
0.0308808
0.0291770
0.0281815
0.0281081
0.0277923
0.0275907
0.0279567
0.0289610
0.0292050
0.0291936
0.0297034
0.0291458
0.0269997
0.0244332
0.0211935
0.0174605
0.0145423
0.0119042
0.0108914
0.0124885
0.0151281
0.0180973
0.0222709
0.0268494
0.0301245
0.0325278
0.0347420
0.0348586
0.0333386
0.0327902
0.0322326
0.0308584
0.0301035
0.0309640
0.0311321
0.0304370
0.0298161
0.0291195
0.0286512
0.0277353
0.0266413
0.0259648
0.0252820
0.0244451
0.0231490
0.0215012
0.0194920
0.0169828
0.0137432
0.0102788
0.0075698
0.0054588
0.0029703
0.0008023
-0.0004439
-0.0010543
-0.0021238
-0.0032273
-0.0037971
-0.0049018
-0.0057082
-0.0054610
-0.0049990
-0.0048570
-0.0037397
-0.0023170
-0.0013635
-0.0004812
0.0026482
0.0049379
0.0053591
0.0063754
0.0063999
0.0049211
0.0036142
0.0013204
-0.0026903
-0.0061960
-0.0087265
-0.0111494
-0.0123136
-0.0118611
-0.0113641
-0.0098944
-0.0075522
-0.0058865
-0.0042526
-0.0030707
-0.0038005
-0.0059236
-0.0091659
-0.0139113
-0.0191299
-0.0258226
-0.0327431
-0.0387789
-0.0442196
-0.0488914
-0.0516515
-0.0520464
-0.0514731
-0.0498395
-0.0487016
-0.0477292
-0.0456704
-0.0439508
-0.0431805
-0.0416260
-0.0385377
-0.0360406
-0.0332386
-0.0288059
-0.0240356
-0.0195563
-0.0151302
-0.0119133
-0.0123360
-0.0134870
-0.0138102
-0.0168266
-0.0207988
-0.0225677
-0.0235112
-0.0246286
-0.0230785
-0.0204297
-0.0179345
-0.0149163
-0.0115254
-0.0098068
-0.0100805
-0.0114902
-0.0118214
-0.0145646
-0.0191902
-0.0220825
-0.0252218
-0.0293581
-0.0312712
-0.0309691
-0.0293881
-0.0271852
-0.0224966
-0.0177614
-0.0132974
-0.0065973
0.0003631
0.0049147
0.0083988
0.0118407
0.0142534
0.0152578
0.0151750
0.0136667
0.0111899
0.0094900
0.0079745
0.0065141
0.0050095
0.0042452
0.0039546
0.0026752
0.0005433
0.0001297
0.0006753
0.0007706
0.0017739
0.0030150
0.0038127
0.0035157
0.0028607
0.0007508
-0.0012344
-0.0017224
-0.0023989
-0.0024828
-0.0011478
-0.0003230
0.0012791
0.0044052
0.0075389
0.0105346
0.0139800
0.0175502
0.0205673
0.0231545
0.0243500
0.0238760
0.0232389
0.0219373
0.0208172
0.0180674
0.0155111
0.0134508
0.0104923
0.0072285
0.0037701
0.0001399
-0.0022706
-0.0039754
-0.0062969
-0.0084611
-0.0092040
-0.0105871
-0.0129685
-0.0140501
-0.0141197
-0.0156358
-0.0176343
-0.0174581
-0.0172331
-0.0168981
-0.0147789
-0.0123953
-0.0093121
-0.0048106
0.0003362
0.0049560
0.0090632
0.0124062
0.0143240
0.0143327
0.0137398
0.0134843
0.0130833
0.0113739
0.0094591
0.0091206
0.0090719
0.0078101
0.0070238
0.0067543
0.0063119
0.0058552
0.0059208
0.0059873
0.0056782
0.0054753
0.0047861
0.0030469
0.0007047
-0.0020325
-0.0049885
-0.0074408
-0.0087161
-0.0097896
-0.0108620
-0.0104764
-0.0098085
-0.0102218
-0.0101635
-0.0096919
-0.0089368
-0.0089323
-0.0102188
-0.0109510
-0.0102698
-0.0098089
-0.0087245
-0.0063381
-0.0046432
-0.0022585
0.0011742
0.0030082
0.0043110
0.0056004
0.0049118
0.0033253
0.0033741
0.0030211
0.0016571
0.0011957
0.0010142
0.0007614
0.0012091
0.0021965
0.0038116
0.0064028
0.0083439
0.0098044
0.0111630
0.0117262
0.0115258
0.0105342
0.0086169
0.0072948
0.0068768
0.0077865
0.0104772
0.0137693
0.0178041
0.0218461
0.0240058
0.0239595
0.0232048
0.0220611
0.0204129
0.0182183
0.0160616
0.0147143
0.0150784
0.0163818
0.0157649
0.0147556
0.0150423
0.0136201
0.0115954
0.0093538
0.0071083
0.0052508
0.0027763
0.0008012
0.0004357
-0.0002471
-0.0012380
-0.0024358
-0.0044256
-0.0055746
-0.0055863
-0.0048629
-0.0027991
-0.0000140
0.0027661
0.0055564
0.0074587
0.0072504
0.0059056
0.0038869
-0.0002091
-0.0046975
-0.0086056
-0.0118278
-0.0135341
-0.0145049
-0.0153397
-0.0152936
-0.0144513
-0.0137038
-0.0132100
-0.0126085
-0.0125854
-0.0130641
-0.0132570
-0.0133106
-0.0127545
-0.0120646
-0.0113507
-0.0110696
-0.0111815
-0.0119579
-0.0136226
-0.0151362
-0.0152618
-0.0146029
-0.0135468
-0.0119217
-0.0101212
-0.0079530
-0.0064004
-0.0064523
-0.0057265
-0.0047529
-0.0052261
-0.0054899
-0.0047376
-0.0044051
-0.0042726
-0.0035511
-0.0040255
-0.0053142
-0.0064186
-0.0073687
-0.0077110
-0.0083302
-0.0084225
-0.0078673
-0.0070234
-0.0052531
-0.0030150
-0.0005058
0.0021140
0.0043981
0.0061698
0.0073171
0.0086885
0.0095718
0.0097126
0.0094727
0.0096155
0.0087851
0.0080897
0.0076971
0.0069364
0.0062661
0.0052429
0.0043293
0.0030112
0.0009032
-0.0005424
-0.0014615
-0.0026710
-0.0026581
-0.0024087
-0.0031228
-0.0035861
-0.0040200
-0.0035501
-0.0026283
-0.0009975
0.0017269
0.0055993
0.0092946
0.0134094
0.0179433
0.0217822
0.0256765
0.0289483
0.0315409
0.0343659
0.0358532
0.0352827
0.0335321
0.0312056
0.0282493
0.0249963
0.0229427
0.0213937
0.0201965
0.0200335
0.0197206
0.0189817
0.0183129
0.0171410
0.0148685
0.0133976
0.0108756
0.0089201
0.0068500
0.0037846
0.0022174
0.0015714
0.0000328
-0.0004151
0.0002676
0.0004693
0.0010371
0.0016100
0.0010819
-0.0004204
-0.0020656
-0.0037617
-0.0060766
-0.0081790
-0.0091463
-0.0092186
-0.0082452
-0.0066455
-0.0043277
-0.0022608
-0.0003842
0.0007782
0.0007295
-0.0005032
-0.0021046
-0.0031066
-0.0052869
-0.0071607
-0.0081453
-0.0086860
-0.0086553
-0.0081692
-0.0068012
-0.0052127
-0.0036718
-0.0018626
0.0000454
0.0016153
0.0032483
0.0051465
0.0062760
0.0063842
0.0060143
0.0040714
0.0005803
-0.0026181
-0.0056648
-0.0085928
-0.0106746
-0.0122028
-0.0139232
-0.0155220
-0.0175578
-0.0205086
-0.0234113
-0.0264106
-0.0277190
-0.0300038
-0.0312114
-0.0317695
-0.0316196
-0.0308272
-0.0298695
-0.0293006
-0.0284817
-0.0288639
-0.0290066
-0.0279427
-0.0269504
-0.0254223
-0.0232044
-0.0211893
-0.0191140
-0.0173040
-0.0167496
-0.0166889
-0.0166900
-0.0170656
-0.0178462
-0.0182977
-0.0183333
-0.0183441
-0.0182882
-0.0181278
-0.0182295
-0.0190309
-0.0195003
-0.0213938
-0.0237140
-0.0256714
-0.0269722
-0.0284489
-0.0297888
-0.0305172
-0.0307312
-0.0297511
-0.0280292
-0.0256240
-0.0224760
-0.0193243
-0.0160826
-0.0133318
-0.0112391
-0.0101549
-0.0094191
-0.0083698
-0.0076386
-0.0075296
-0.0074362
-0.0070502
-0.0068376
-0.0067930
-0.0064404
-0.0058612
-0.0051461
-0.0037101
-0.0023903
-0.0017166
-0.0001128
0.0015153
0.0029377
0.0041069
0.0057223
0.0073272
0.0089572
0.0113333
0.0136272
0.0157764
0.0179310
0.0198264
0.0214169
0.0240530
0.0268776
0.0294422
0.0318705
0.0344497
0.0365573
0.0375826
0.0381906
0.0380541
0.0372449
0.0361225
0.0349690
0.0338906
0.0319359
0.0301499
0.0288996
0.0280149
0.0267312
0.0264266
0.0270796
0.0271120
0.0275989
0.0296946
0.0311306
0.0327712
0.0346794
0.0356336
0.0363683
0.0368602
0.0361863
0.0350956
0.0337981
0.0324320
0.0310390
0.0302288
0.0301590
0.0308168
0.0318919
0.0323059
0.0322053
0.0320783
0.0304697
0.0278313
0.0247534
0.0205265
0.0156800
0.0110249
0.0088045
0.0045718
0.0011050
-0.0015968
-0.0035556
-0.0048744
-0.0058659
-0.0067876
-0.0081353
-0.0098657
-0.0116211
-0.0137338
-0.0156482
-0.0173347
-0.0187395
-0.0196219
-0.0197751
-0.0193559
-0.0189757
-0.0185414
-0.0183894
-0.0184579
-0.0182713
-0.0184592
-0.0187289
-0.0181515
-0.0170945
-0.0159073
-0.0147545
-0.0130589
-0.0117714
-0.0091300
-0.0064054
-0.0029533
0.0009023
0.0040388
0.0066305
0.0093210
0.0114896
0.0127998
0.0141289
0.0144727
0.0144858
0.0149277
0.0155254
0.0163447
0.0175793
0.0189307
0.0199884
0.0206990
0.0203501
0.0187369
0.0161373
0.0127275
0.0079397
0.0030736
-0.0009303
-0.0053372
-0.0087151
-0.0110688
-0.0137289
-0.0148478
-0.0161237
-0.0169325
-0.0179080
-0.0175633
-0.0166792
-0.0152255
-0.0131382
-0.0105246
-0.0076617
-0.0049552
-0.0026501
-0.0007793
-0.0001778
-0.0007083
-0.0014377
-0.0026227
-0.0047954
-0.0072923
-0.0095229
-0.0123315
-0.0153911
-0.0183080
-0.0211216
-0.0238546
-0.0256844
-0.0268292
-0.0276693
-0.0279268
-0.0273985
-0.0267438
-0.0261054
-0.0248852
-0.0233131
-0.0219423
-0.0200689
-0.0180593
-0.0165590
-0.0145692
-0.0129146
-0.0120551
-0.0114173
-0.0110938
-0.0118570
-0.0130192
-0.0140931
-0.0156141
-0.0168373
-0.0173563
-0.0178910
-0.0181067
-0.0180985
-0.0184057
-0.0179395
-0.0163784
-0.0145902
-0.0119435
-0.0082387
-0.0043064
-0.0002236
0.0039388
0.0056217
0.0082538
0.0104775
0.0125573
0.0142782
0.0159415
0.0168371
0.0176498
0.0186925
0.0193010
0.0189689
0.0185428
0.0177751
0.0161654
0.0145026
0.0138329
0.0130264
0.0115344
0.0107503
0.0107698
0.0104482
0.0103093
0.0106012
0.0101421
0.0094693
0.0097353
0.0105058
0.0112957
0.0112013
0.0106815
0.0112983
0.0118756
0.0127777
0.0124290
0.0125465
0.0132534
0.0134215
0.0133194
0.0142359
0.0151323
0.0147432
0.0133706
0.0126477
0.0122764
0.0104686
0.0087180
0.0072519
0.0046848
0.0028701
0.0024164
0.0008242
-0.0008503
-0.0017239
-0.0030359
-0.0039796
-0.0032886
-0.0023466
-0.0026598
-0.0022750
-0.0005693
0.0005008
0.0012643
0.0026864
0.0038796
0.0045726
0.0051750
0.0065106
0.0070439
0.0075179
0.0080261
0.0076242
0.0072721
0.0079392
0.0085122
0.0091613
0.0095712
0.0098393
0.0103683
0.0105330
0.0100886
0.0090390
0.0078183
0.0058213
0.0040311
0.0029252
0.0016573
0.0002056
-0.0007898
-0.0018910
-0.0029930
-0.0035404
-0.0037229
-0.0038633
-0.0036553
-0.0035906
-0.0024290
-0.0007039
-0.0000647
0.0013794
0.0028811
0.0032825
0.0025608
0.0019788
0.0010094
-0.0002817
-0.0015586
-0.0035651
-0.0060028
-0.0079267
-0.0092769
-0.0097808
-0.0100570
-0.0109772
-0.0115969
-0.0112258
-0.0109273
-0.0105733
-0.0095985
-0.0096626
-0.0096234
-0.0090886
-0.0113532
-0.0123535
-0.0106197
-0.0112318
-0.0137602
-0.0137574
-0.0126952
-0.0110364
-0.0104629
-0.0084166
-0.0066002
-0.0047205
-0.0025423
-0.0013832
0.0005264
0.0028900
0.0022321
0.0012344
0.0015397
0.0001719
-0.0012531
-0.0026010
-0.0056125
-0.0076332
-0.0083480
-0.0092739
-0.0096252
-0.0091397
-0.0092469
-0.0084218
-0.0065814
-0.0058456
-0.0056891
-0.0049099
-0.0048846
-0.0057190
-0.0059635
-0.0059310
-0.0063854
-0.0076607
-0.0077289
-0.0067026
-0.0066946
-0.0065712
-0.0061925
-0.0067981
-0.0072832
-0.0067807
-0.0072009
-0.0074047
-0.0071790
-0.0075113
-0.0073167
-0.0058242
-0.0044876
-0.0037209
-0.0020181
-0.0000385
0.0020151
0.0046386
0.0067412
0.0083587
0.0102156
0.0120037
0.0126395
0.0122784
0.0117673
0.0109979
0.0087998
0.0072852
0.0054523
0.0028291
0.0014831
0.0001898
-0.0011716
-0.0017252
-0.0021217
-0.0028576
-0.0041970
-0.0045843
-0.0031819
-0.0025801
-0.0029147
-0.0023573
-0.0017187
-0.0023377
-0.0025902
-0.0031719
-0.0048932
-0.0063030
-0.0065948
-0.0064275
-0.0055079
-0.0033547
-0.0013305
0.0002792
0.0031117
0.0043750
0.0057837
0.0072592
0.0088531
0.0095658
0.0103384
0.0113072
0.0113709
0.0106075
0.0102357
0.0093197
0.0083165
0.0090015
0.0107717
0.0120011
0.0136331
0.0161021
0.0178674
0.0189620
0.0200086
0.0204664
0.0197972
0.0187265
0.0178147
0.0160537
0.0132504
0.0106733
0.0088813
0.0066913
0.0052635
0.0049317
0.0046467
0.0041406
0.0040823
0.0040573
0.0046426
0.0056951
0.0057034
0.0052246
0.0062772
0.0067718
0.0070936
0.0082664
0.0087314
0.0086834
0.0096932
0.0112297
0.0116958
0.0122344
0.0130329
0.0130513
0.0141064
0.0148021
0.0135663
0.0129545
0.0115319
0.0090353
0.0065900
0.0038163
0.0008215
-0.0027760
-0.0045627
-0.0078001
-0.0099365
-0.0120647
-0.0132120
-0.0135764
-0.0144786
-0.0142645
-0.0127576
-0.0120343
-0.0112209
-0.0101982
-0.0098102
-0.0093405
-0.0082594
-0.0075788
-0.0080354
-0.0083596
-0.0082362
-0.0084692
-0.0086411
-0.0083280
-0.0079778
-0.0080435
-0.0079261
-0.0070330
-0.0052818
-0.0035388
-0.0017237
-0.0000567
0.0013216
0.0017437
0.0020754
0.0032357
0.0043126
0.0037065
0.0017107
0.0003126
-0.0001134
-0.0020869
-0.0045561
-0.0054725
-0.0063962
-0.0074260
-0.0076884
-0.0076092
-0.0069716
-0.0058252
-0.0047902
-0.0035758
-0.0017388
-0.0005744
-0.0015277
-0.0013077
-0.0008410
-0.0017656
-0.0018421
-0.0014470
-0.0020214
-0.0023808
-0.0023843
-0.0026173
-0.0040584
-0.0059465
-0.0070082
-0.0081279
-0.0097925
-0.0102628
-0.0100681
-0.0107939
-0.0112672
-0.0111553
-0.0113243
-0.0115587
-0.0118081
-0.0111569
-0.0100682
-0.0089036
-0.0075187
-0.0057491
-0.0039460
-0.0026841
-0.0014301
-0.0005488
-0.0003418
-0.0002209
0.0005701
-0.0002226
-0.0031281
-0.0040275
-0.0032264
-0.0027223
-0.0015943
-0.0005042
0.0011352
0.0021442
0.0004084
-0.0029316
-0.0067836
-0.0112780
-0.0155580
-0.0186610
-0.0197982
-0.0188364
-0.0174430
-0.0157762
-0.0134440
-0.0108817
-0.0079091
-0.0052213
-0.0025495
0.0003109
0.0027920
0.0031698
0.0042005
0.0064622
0.0067983
0.0063675
0.0073313
0.0087201
0.0090774
0.0106868
0.0120665
0.0140093
0.0148961
0.0157465
0.0149953
0.0125794
0.0105913
0.0092725
0.0062982
0.0045957
0.0055821
0.0063183
0.0075434
0.0107911
0.0134981
0.0153108
0.0185255
0.0214192
0.0224089
0.0242711
0.0262767
0.0260168
0.0257865
0.0257925
0.0246531
0.0238198
0.0238718
0.0232503
0.0217861
0.0207488
0.0189620
0.0178658
0.0166322
0.0158641
0.0153206
0.0151878
0.0151023
0.0149698
0.0146400
0.0128596
0.0087475
0.0041839
-0.0007451
-0.0068585
-0.0117915
-0.0136866
-0.0144428
-0.0146428
-0.0130305
-0.0111691
-0.0093313
-0.0076605
-0.0074609
-0.0086488
-0.0091790
-0.0092679
-0.0105431
-0.0107899
-0.0096418
-0.0098364
-0.0099971
-0.0094725
-0.0077740
-0.0064560
-0.0051219
-0.0026588
-0.0012851
-0.0015066
-0.0012937
-0.0017677
-0.0037299
-0.0062884
-0.0088691
-0.0105957
-0.0114873
-0.0123807
-0.0122845
-0.0114707
-0.0104316
-0.0093512
-0.0087301
-0.0084651
-0.0082629
-0.0082274
-0.0077168
-0.0068525
-0.0066034
-0.0062479
-0.0062149
-0.0075703
-0.0098635
-0.0123064
-0.0133560
-0.0146906
-0.0143718
-0.0130016
-0.0103741
-0.0074916
-0.0046951
-0.0012192
0.0007095
0.0013488
0.0016413
0.0018878
0.0022816
0.0033702
0.0048584
0.0061771
0.0069656
0.0066802
0.0057699
0.0048272
0.0041943
0.0036882
0.0036937
0.0043243
0.0059118
0.0074971
0.0078195
0.0079122
0.0073793
0.0048089
0.0027714
0.0014573
0.0004017
0.0002090
0.0008354
0.0019458
0.0033572
0.0073454
0.0114430
0.0134966
0.0152609
0.0157479
0.0140207
0.0123549
0.0103511
0.0063988
0.0029741
0.0016831
0.0008576
0.0016015
0.0037282
0.0059705
0.0075796
0.0083084
0.0090630
0.0094175
0.0088697
0.0080153
0.0071638
0.0070889
0.0076303
0.0079582
0.0078254
0.0075615
0.0072738
0.0067025
0.0061354
0.0056470
0.0052251
0.0049553
0.0051137
0.0055676
0.0065448
0.0078210
0.0080310
0.0076744
0.0072216
0.0067819
0.0061862
0.0057079
0.0057810
0.0054420
0.0058313
0.0061045
0.0063784
0.0067315
0.0063014
0.0051146
0.0034299
0.0015889
-0.0007967
-0.0025522
-0.0043805
-0.0064818
-0.0072073
-0.0077505
-0.0077281
-0.0076460
-0.0072616
-0.0066373
-0.0065972
-0.0071534
-0.0070990
-0.0068504
-0.0067415
-0.0065818
-0.0064263
-0.0066177
-0.0071542
-0.0082682
-0.0104441
-0.0128252
-0.0146526
-0.0171391
-0.0197156
-0.0207771
-0.0215578
-0.0232269
-0.0250783
-0.0266931
-0.0280593
-0.0286327
-0.0286957
-0.0286911
-0.0280956
-0.0264155
-0.0248640
-0.0229333
-0.0204913
-0.0184428
-0.0166004
-0.0148984
-0.0136844
-0.0126424
-0.0112622
-0.0101163
-0.0095126
-0.0086369
-0.0081960
-0.0085064
-0.0086769
-0.0081440
-0.0078424
-0.0075382
-0.0064054
-0.0048502
-0.0036501
-0.0025549
-0.0016667
-0.0017466
-0.0019131
-0.0013509
-0.0012937
-0.0007408
0.0004679
0.0010839
0.0022465
0.0036609
0.0048741
0.0058085
0.0059625
0.0059487
0.0061302
0.0059784
0.0057209
0.0060452
0.0065005
0.0068248
0.0078519
0.0089807
0.0095703
0.0102401
0.0107557
0.0113579
0.0121417
0.0127110
0.0125101
0.0119954
0.0117497
0.0115822
0.0117279
0.0121863
0.0127557
0.0131650
0.0137707
0.0139522
0.0137017
0.0135036
0.0131696
0.0119526
0.0110221
0.0112703
0.0114669
0.0114160
0.0121501
0.0124636
0.0123560
0.0124844
0.0123202
0.0120366
0.0118055
0.0117102
0.0126699
0.0139941
0.0144907
0.0149763
0.0153134
0.0152940
0.0148297
0.0139698
0.0127726
0.0110868
0.0096495
0.0086099
0.0077123
0.0068999
0.0063854
0.0054600
0.0051445
0.0054445
0.0051859
0.0050300
0.0055994
0.0056530
0.0058193
0.0062929
0.0059603
0.0048545
0.0037361
0.0027632
0.0015158
0.0010953
0.0008397
-0.0004639
-0.0006726
-0.0003124
-0.0008351
-0.0007808
-0.0003327
-0.0006343
-0.0006048
0.0003391
0.0005034
0.0003379
0.0006454
0.0003130
-0.0005250
-0.0010042
-0.0019089
-0.0035435
-0.0053141
-0.0065323
-0.0081264
-0.0094527
-0.0098064
-0.0102766
-0.0109662
-0.0111370
-0.0118770
-0.0132540
-0.0145815
-0.0161844
-0.0179132
-0.0191725
-0.0201245
-0.0203066
-0.0197164
-0.0181642
-0.0165970
-0.0146646
-0.0124569
-0.0106408
-0.0092504
-0.0077341
-0.0069783
-0.0061720
-0.0049984
-0.0046814
-0.0040747
-0.0033193
-0.0027671
-0.0030028
-0.0033368
-0.0034541
-0.0047495
-0.0066342
-0.0084651
-0.0104785
-0.0124791
-0.0138819
-0.0145828
-0.0148779
-0.0150557
-0.0149676
-0.0144572
-0.0141498
-0.0137437
-0.0127886
-0.0115615
-0.0106205
-0.0087327
-0.0062265
-0.0039650
-0.0010888
0.0013010
0.0031867
0.0054358
0.0064271
0.0079586
0.0093014
0.0100546
0.0106067
0.0109691
0.0112062
0.0111717
0.0110393
0.0106744
0.0096945
0.0093064
0.0097718
0.0097280
0.0092739
0.0093360
0.0092839
0.0085921
0.0077382
0.0076574
0.0075088
0.0077418
0.0086243
0.0094364
0.0097281
0.0102572
0.0105447
0.0097796
0.0092200
0.0093104
0.0088740
0.0085132
0.0087808
0.0091177
0.0089465
0.0092728
0.0087945
0.0079170
0.0077119
0.0077294
0.0071938
0.0065361
0.0057244
0.0047182
0.0035928
0.0032568
0.0024437
0.0016302
0.0001597
-0.0019156
-0.0024939
-0.0035124
-0.0063865
-0.0083014
-0.0079059
-0.0083879
-0.0086954
-0.0062586
-0.0045973
-0.0047186
-0.0034975
-0.0021693
-0.0012936
-0.0017338
0.0005417
0.0020058
0.0012739
0.0031392
0.0064953
0.0059419
0.0052442
0.0055119
0.0050152
0.0036949
0.0031568
0.0014696
0.0007392
0.0016601
0.0003987
-0.0003205
-0.0000428
-0.0012638
-0.0021618
-0.0012850
-0.0014670
-0.0016773
-0.0003148
0.0003502
-0.0015165
-0.0031529
-0.0029639
-0.0043645
-0.0052350
-0.0041395
-0.0020509
-0.0017320
-0.0005737
0.0006338
-0.0003319
-0.0002073
-0.0003137
-0.0030166
-0.0033259
-0.0022665
-0.0022192
0.0003308
0.0028219
0.0038023
0.0074745
0.0103652
0.0090450
0.0099940
0.0118037
0.0103740
0.0110565
0.0143982
0.0140100
0.0120361
0.0115477
0.0094676
0.0055023
0.0019840
-0.0001133
-0.0050048
-0.0072380
-0.0063168
-0.0076470
-0.0085815
-0.0071464
-0.0061394
-0.0061395
-0.0047830
-0.0033351
-0.0023790
-0.0023990
-0.0021852
-0.0015456
-0.0018994
-0.0016798
-0.0024217
-0.0038899
-0.0037394
-0.0036763
-0.0044962
-0.0045328
-0.0054101
-0.0070957
-0.0071115
-0.0083844
-0.0101475
-0.0091719
-0.0102232
-0.0117517
-0.0131124
-0.0126459
-0.0134438
-0.0134269
-0.0128858
-0.0140230
-0.0137523
-0.0109921
-0.0091863
-0.0074928
-0.0049369
-0.0027865
-0.0003598
0.0009139
0.0019794
0.0018454
0.0008113
-0.0000401
-0.0014250
-0.0019416
-0.0024646
-0.0050905
-0.0070819
-0.0076505
-0.0084415
-0.0095143
-0.0091133
-0.0079131
-0.0068145
-0.0062264
-0.0052182
-0.0042805
-0.0029337
-0.0034863
-0.0046321
-0.0024440
-0.0011969
-0.0022385
-0.0019781
-0.0018528
-0.0032379
-0.0031652
-0.0027004
-0.0036588
-0.0043669
-0.0035103
-0.0021164
-0.0017725
0.0000928
0.0026260
0.0030542
0.0028418
0.0040599
0.0053661
0.0045285
0.0038451
0.0036803
0.0029091
0.0027691
0.0026358
0.0018018
0.0016522
0.0015696
0.0013322
0.0004473
-0.0001097
0.0004186
0.0013143
0.0017929
0.0028724
0.0036747
0.0031315
0.0012209
-0.0003630
0.0002972
0.0006588
-0.0006067
-0.0007469
0.0017696
0.0048413
0.0059086
0.0059385
0.0069006
0.0075878
0.0058063
0.0069834
0.0104740
0.0088260
0.0057759
0.0063202
0.0059516
0.0048763
0.0037889
0.0035722
0.0027179
0.0022477
0.0021650
0.0031699
0.0039554
0.0025706
0.0028219
0.0062506
0.0080279
0.0081152
0.0104132
0.0108650
0.0092602
0.0085920
0.0075559
0.0056467
0.0037580
0.0017877
0.0007761
0.0013389
0.0004103
0.0001685
0.0029220
0.0044103
0.0036153
0.0041661
0.0044108
0.0027443
0.0019765
0.0010338
-0.0009274
-0.0030974
-0.0040976
-0.0038308
-0.0021592
0.0000925
0.0019634
0.0043366
0.0064104
0.0068858
0.0066472
0.0071311
0.0060052
0.0032166
0.0006542
-0.0023684
-0.0057038
-0.0085126
-0.0119780
-0.0164565
-0.0203745
-0.0233532
-0.0245110
-0.0223752
-0.0170282
-0.0090123
0.0031826
0.0161365
0.0268971
0.0308490
0.0363293
0.0377252
0.0371699
0.0343245
0.0282044
0.0216952
0.0154583
0.0089565
0.0029923
-0.0044989
-0.0124591
-0.0173990
-0.0200726
-0.0226833
-0.0234122
-0.0230733
-0.0225157
-0.0197680
-0.0177559
-0.0174641
-0.0167448
-0.0166941
-0.0177355
-0.0182139
-0.0176760
-0.0169728
-0.0159576
-0.0123793
-0.0086131
-0.0070879
-0.0046920
-0.0010989
0.0004500
-0.0011113
-0.0031358
-0.0052391
-0.0083523
-0.0104180
-0.0101262
-0.0090882
-0.0080206
-0.0064969
-0.0058662
-0.0063895
-0.0063293
-0.0063479
-0.0081295
-0.0094693
-0.0098530
-0.0107393
-0.0119123
-0.0116875
-0.0106160
-0.0091673
-0.0064932
-0.0025863
0.0017556
0.0055462
0.0082602
0.0090899
0.0093106
0.0068957
0.0045035
0.0012019
-0.0027441
-0.0043873
-0.0052945
-0.0059203
-0.0060336
-0.0067303
-0.0080481
-0.0088053
-0.0088602
-0.0088641
-0.0073486
-0.0046905
-0.0027412
0.0003784
0.0027820
0.0033773
0.0046071
0.0051292
0.0045099
0.0038105
0.0031919
0.0035489
0.0043135
0.0043801
0.0049920
0.0058389
0.0057138
0.0055056
0.0051518
0.0035400
0.0013492
0.0005982
0.0017543
0.0032477
0.0064337
0.0099925
0.0120486
0.0131881
0.0134724
0.0118475
0.0094254
0.0066017
0.0029105
0.0003776
-0.0009011
-0.0013097
-0.0004088
0.0002138
0.0003957
0.0001778
-0.0007372
-0.0018183
-0.0018542
-0.0010193
-0.0002629
0.0030447
0.0083861
0.0125637
0.0143452
0.0181839
0.0207951
0.0207236
0.0193855
0.0166968
0.0130175
0.0094329
0.0064809
0.0040237
0.0021228
0.0020670
0.0027118
0.0035993
0.0052121
0.0066232
0.0072566
0.0081935
0.0096312
0.0095370
0.0084564
0.0083597
0.0076391
0.0059969
0.0061093
0.0072414
0.0074820
0.0085266
0.0106833
0.0121646
0.0126039
0.0143318
0.0160615
0.0155978
0.0145873
0.0128119
0.0109456
0.0069972
-0.0001106
-0.0038985
-0.0072299
-0.0126980
-0.0143624
-0.0141897
-0.0153965
-0.0119668
-0.0082683
-0.0077307
-0.0053961
-0.0044232
-0.0069443
-0.0070658
-0.0074371
-0.0097513
-0.0080333
-0.0054115
-0.0051855
-0.0017663
0.0024315
0.0030797
0.0036978
0.0042026
0.0032544
0.0021405
0.0016059
0.0001193
0.0002041
0.0011422
0.0017641
0.0033173
0.0051076
0.0047257
0.0040641
0.0046495
0.0025782
0.0007919
0.0006605
-0.0011149
-0.0029806
-0.0030492
-0.0047724
-0.0067575
-0.0060611
-0.0062673
-0.0080285
-0.0065868
-0.0044478
-0.0046663
-0.0041484
-0.0024151
-0.0025227
-0.0030373
-0.0024726
-0.0008321
-0.0016126
-0.0012194
0.0001035
0.0000624
0.0004943
0.0013006
0.0018424
0.0016492
0.0008248
0.0003495
-0.0002104
-0.0002609
-0.0004514
-0.0005365
0.0001302
-0.0000358
-0.0003629
-0.0009798
-0.0024811
-0.0037697
-0.0049517
-0.0055533
-0.0058439
-0.0053302
-0.0046009
-0.0039015
-0.0034151
-0.0038110
-0.0054343
-0.0064339
-0.0067418
-0.0078933
-0.0087505
-0.0076980
-0.0064794
-0.0051807
-0.0035973
-0.0029311
-0.0025140
-0.0019612
-0.0012473
-0.0001174
0.0012475
0.0025185
0.0037731
0.0044800
0.0045321
0.0042986
0.0044573
0.0032089
0.0016915
0.0010347
0.0004059
-0.0017274
-0.0029263
-0.0031422
-0.0043388
-0.0047856
-0.0046523
-0.0044894
-0.0035631
-0.0028381
-0.0022648
-0.0018445
-0.0015654
-0.0004899
-0.0001945
-0.0007966
-0.0009030
-0.0002985
-0.0001211
-0.0009009
-0.0010836
-0.0007607
-0.0007562
-0.0006544
0.0003046
0.0012473
0.0024027
0.0037581
0.0040219
0.0031203
0.0015161
-0.0008555
-0.0034928
-0.0058645
-0.0080854
-0.0095047
-0.0095078
-0.0095146
-0.0095641
-0.0075996
-0.0039349
-0.0019098
0.0003826
0.0030844
0.0035577
0.0036424
0.0036938
0.0026751
0.0003294
-0.0012533
-0.0023421
-0.0036567
-0.0036359
-0.0035332
-0.0037400
-0.0023110
-0.0008475
-0.0003880
0.0006343
0.0010883
0.0002024
-0.0005117
-0.0017039
-0.0044781
-0.0059283
-0.0063273
-0.0067836
-0.0080021
-0.0065653
-0.0038791
-0.0028846
-0.0006873
0.0032892
0.0049413
0.0055867
0.0075127
0.0077344
0.0061429
0.0057969
0.0060206
0.0050809
0.0048899
0.0054249
0.0047838
0.0046640
0.0049147
0.0034515
0.0022890
0.0019387
0.0016816
0.0015350
0.0012798
0.0018303
0.0015892
0.0003332
-0.0002112
-0.0012423
-0.0022865
-0.0034114
-0.0031697
-0.0031853
-0.0025250
-0.0009316
0.0003236
0.0012978
0.0017102
0.0022469
0.0027576
0.0033330
0.0032008
0.0033683
0.0043206
0.0046161
0.0051073
0.0051718
0.0047338
0.0050213
0.0052637
0.0044239
0.0030943
0.0021143
0.0012582
0.0004126
-0.0007211
-0.0014575
-0.0019572
-0.0022367
-0.0024165
-0.0025217
-0.0022967
-0.0023150
-0.0034486
-0.0040947
-0.0035626
-0.0047064
-0.0059548
-0.0060628
-0.0065615
-0.0073102
-0.0064624
-0.0060908
-0.0065084
-0.0057041
-0.0045966
-0.0041855
-0.0028007
-0.0017646
-0.0017547
-0.0012065
-0.0007390
-0.0005536
-0.0003246
-0.0001183
-0.0001079
0.0005990
0.0010074
0.0010799
0.0012058
0.0011427
0.0007350
0.0005564
0.0004052
0.0005038
0.0008906
0.0011248
0.0014386
0.0015390
0.0006877
0.0003202
-0.0003167
-0.0015428
-0.0022444
-0.0026555
-0.0030687
-0.0032649
-0.0030372
-0.0022759
-0.0012944
-0.0006858
0.0001893
0.0010227
0.0016438
0.0021579
0.0032090
0.0037067
0.0032195
0.0033634
0.0031823
0.0027848
0.0025021
0.0015473
0.0006755
-0.0002804
-0.0013935
-0.0021259
-0.0030437
-0.0040389
-0.0042885
-0.0040012
-0.0038149
-0.0028307
-0.0018382
-0.0027217
-0.0039690
-0.0048137
-0.0059592
-0.0076071
-0.0083980
-0.0087036
-0.0094001
-0.0095900
-0.0091879
-0.0089556
-0.0081212
-0.0066620
-0.0053059
-0.0038386
-0.0018094
0.0002307
0.0014894
0.0018232
0.0022646
0.0024639
0.0020620
0.0018978
0.0019369
0.0018095
0.0016824
0.0012859
0.0009313
0.0005683
0.0008218
0.0015807
0.0014033
0.0013768
0.0024494
0.0027900
0.0027800
0.0036930
0.0039072
0.0032584
0.0035968
0.0033459
0.0024980
0.0032396
0.0040583
0.0037569
0.0048310
0.0064552
0.0064376
0.0067959
0.0072620
0.0076881
0.0072043
0.0077707
0.0077280
0.0070552
0.0075280
0.0079652
0.0076562
0.0080095
0.0084777
0.0085798
0.0089129
0.0094743
0.0097114
0.0102987
0.0109753
0.0110434
0.0110071
0.0112941
0.0107569
0.0099396
0.0093570
0.0078389
0.0060029
0.0043801
0.0025849
0.0009519
-0.0005077
-0.0019851
-0.0026088
-0.0034295
-0.0038105
-0.0043654
-0.0042892
-0.0035532
-0.0034392
-0.0031525
-0.0026756
-0.0029530
-0.0034535
-0.0039358
-0.0049205
-0.0058431
-0.0059788
-0.0056786
-0.0052590
-0.0044808
-0.0040707
-0.0038499
-0.0037052
-0.0038930
-0.0038978
-0.0037521
-0.0038774
-0.0036526
-0.0034638
-0.0038382
-0.0039142
-0.0044298
-0.0048190
-0.0054125
-0.0056216
-0.0060110
-0.0059904
-0.0057108
-0.0057514
-0.0053448
-0.0046874
-0.0047771
-0.0043360
-0.0036239
-0.0036865
-0.0031584
-0.0023121
-0.0021658
-0.0016000
-0.0008209
-0.0012121
-0.0014154
-0.0013206
-0.0020744
-0.0029708
-0.0033578
-0.0034391
-0.0035872
-0.0032489
-0.0024379
-0.0019468
-0.0016086
-0.0006483
-0.0001356
0.0000369
0.0000920
0.0001528
-0.0003124
-0.0004940
-0.0002961
-0.0005367
-0.0006087
-0.0005438
-0.0003576
0.0002062
0.0007707
0.0012310
0.0014533
0.0012785
0.0014616
0.0019963
0.0017486
0.0016773
0.0022560
0.0020887
0.0021046
0.0030202
0.0027751
0.0020542
0.0025353
0.0023273
0.0020537
0.0025329
0.0025980
0.0022679
0.0026327
0.0032071
0.0030836
0.0031643
0.0030242
0.0024810
0.0023558
0.0021062
0.0017124
0.0013769
0.0011266
0.0009256
0.0009604
0.0011542
0.0008641
0.0007433
0.0011590
0.0012043
0.0011935
0.0015087
0.0017357
0.0016127
0.0014447
0.0013546
0.0011104
0.0006979
0.0004212
0.0002456
0.0002091
0.0001864
0.0002732
0.0005285
0.0005680
0.0006947
0.0010369
0.0009816
0.0009418
0.0011106
0.0009607
0.0010301
0.0013397
0.0012917
0.0013117
0.0015382
0.0014699
0.0014288
0.0014755
0.0012185
0.0010150
0.0009848
0.0006876
0.0004880
0.0005771
0.0003508
0.0001635
0.0002335
0.0001261
0.0000954
0.0001851
0.0001441
0.0001046
0.0001875
0.0002678
0.0001710
0.0001401
0.0000860
0.0000078
-0.0000394
-0.0000771
-0.0001385
-0.0000997
-0.0000196
0.0000271
0.0001811
0.0002567
0.0003051
0.0003830
0.0003885
0.0003662
0.0003241
0.0002663
0.0002181
0.0001674
0.0001178
0.0000657
-0.0000576
-0.0001693
-0.0002858
-0.0004130
-0.0005295
-0.0005640
-0.0006645
-0.0007902
-0.0008776
-0.0008966
-0.0009192
-0.0009212
-0.0009119
-0.0008801
-0.0008398
-0.0008127
-0.0007398
-0.0006523
-0.0005656
-0.0004577
-0.0003909
-0.0003522
-0.0003229
-0.0002803
-0.0002410
-0.0001882
-0.0001168
-0.0000672
-0.0000395
0.0000005
0.0000523
0.0000589
0.0000507
0.0000660
0.0000822
0.0000786
0.0000879
0.0001110
0.0000957
0.0000687
0.0000700
0.0000443
0.0000271
0.0000532
0.0000416
0.0000248
0.0000670
0.0000671
0.0000288
0.0000330
0.0000168
-0.0000260
-0.0000294
-0.0000248
-0.0000406
-0.0000449
-0.0000382
-0.0000418
-0.0000462
-0.0000527
-0.0000614
-0.0000791
-0.0000844
-0.0000818
-0.0000868
-0.0000877
-0.0000860
-0.0000838
-0.0000889
-0.0000877
-0.0000805
-0.0000863
-0.0000927
-0.0000885
-0.0000917
-0.0000866
-0.0000767
-0.0000735
-0.0000731
-0.0000742
-0.0000744
-0.0000798
-0.0000857
-0.0000880
-0.0000922
-0.0000970
-0.0000990
-0.0000984
-0.0001005
-0.0001007
-0.0000990
-0.0000958
-0.0000910
-0.0000839
-0.0000750
-0.0000670
-0.0000627
-0.0000615
-0.0000616
-0.0000658
-0.0000701
-0.0000723
-0.0000730
-0.0000716
-0.0000682
-0.0000643
-0.0000607
-0.0000566
-0.0000530
-0.0000502
-0.0000472
-0.0000449
-0.0000436
-0.0000424
-0.0000415
-0.0000411
-0.0000407
-0.0000398
-0.0000386
-0.0000371
-0.0000353
-0.0000334
-0.0000315
-0.0000297
-0.0000279
-0.0000264
-0.0000249
-0.0000236
-0.0000223
-0.0000210
-0.0000197
-0.0000185
-0.0000172
-0.0000159
-0.0000146
-0.0000134
-0.0000121
-0.0000109
-0.0000097
-0.0000086
-0.0000074
-0.0000063
-0.0000052
-0.0000041
-0.0000030
-0.0000019
-0.0000009
0.0000002
0.0000012
