-0.0000138
-0.0000111
0.0000023
0.0000510
0.0000893
0.0000738
0.0000911
0.0002187
0.0003616
0.0002612
0.0000651
0.0000753
0.0000792
-0.0000955
-0.0005446
-0.0008229
-0.0004091
0.0000768
-0.0004199
-0.0017471
-0.0026147
-0.0015912
0.0007751
0.0017904
0.0018323
0.0023301
0.0025739
0.0014015
0.0006653
0.0024964
0.0027153
0.0003683
-0.0007269
0.0004475
0.0036743
0.0062058
0.0050579
0.0015283
-0.0016974
-0.0011727
0.0002477
-0.0054550
-0.0128266
-0.0128386
-0.0078912
-0.0028558
0.0008530
0.0041773
0.0066474
0.0051144
0.0013968
0.0010395
0.0026715
0.0026303
-0.0004144
-0.0026724
0.0010774
0.0076160
0.0126318
0.0123056
0.0061103
0.0021609
0.0012905
-0.0021238
-0.0047757
-0.0054951
-0.0072035
-0.0068495
-0.0031174
0.0026652
0.0085802
0.0113861
0.0075667
-0.0018374
-0.0065736
-0.0055326
-0.0077090
-0.0105695
-0.0092794
-0.0055172
0.0014323
0.0076857
0.0085584
0.0085922
0.0071679
0.0029438
0.0019615
0.0025760
0.0005523
-0.0028447
-0.0052727
-0.0020166
0.0064998
0.0105194
0.0070909
0.0045300
0.0037282
-0.0000283
-0.0055129
-0.0088961
-0.0068228
-0.0060519
-0.0104733
-0.0080224
0.0023037
0.0089507
0.0078414
0.0053388
0.0088031
0.0101906
0.0035527
-0.0034450
-0.0050483
-0.0021236
-0.0019846
-0.0036594
-0.0024176
0.0029887
0.0110580
0.0108301
0.0057070
0.0051400
0.0018983
-0.0030551
-0.0023415
0.0011620
0.0056678
0.0089083
0.0080691
0.0049728
0.0023836
0.0046967
0.0050613
-0.0017309
-0.0058985
-0.0085801
-0.0157866
-0.0251255
-0.0252142
-0.0098680
0.0033576
0.0093342
0.0140028
0.0138074
0.0175364
0.0223170
0.0156265
0.0072466
0.0075509
0.0078704
-0.0000377
-0.0080283
-0.0144679
-0.0176507
-0.0045099
0.0143624
0.0237285
0.0253704
0.0150631
-0.0001496
-0.0113935
-0.0255778
-0.0325811
-0.0216004
-0.0078065
-0.0047237
-0.0042196
0.0045574
0.0137946
0.0220134
0.0360276
0.0425830
0.0325077
0.0063050
-0.0230518
-0.0346132
-0.0347812
-0.0263960
-0.0112345
-0.0031744
0.0047027
0.0163324
0.0246323
0.0291465
0.0311390
0.0328433
0.0306810
0.0181983
0.0009177
-0.0079211
-0.0096722
-0.0141628
-0.0132409
-0.0049972
-0.0019932
-0.0064309
-0.0185727
-0.0308437
-0.0289643
-0.0185115
-0.0128662
-0.0099034
-0.0017763
0.0128905
0.0266129
0.0306178
0.0233889
0.0160710
0.0124950
0.0056347
0.0057859
0.0053879
-0.0062291
-0.0120920
-0.0118786
-0.0165835
-0.0201469
-0.0141355
-0.0048009
0.0023440
-0.0005651
-0.0076730
-0.0000685
0.0096807
0.0122845
0.0174937
0.0222177
0.0198664
0.0134337
0.0090439
0.0079204
0.0080008
0.0115938
0.0183622
0.0147022
0.0008019
-0.0163477
-0.0315342
-0.0313370
-0.0210024
-0.0092835
0.0002084
0.0021619
-0.0049678
-0.0181001
-0.0213571
-0.0115660
-0.0066754
-0.0036620
0.0110507
0.0200039
0.0123009
0.0005410
-0.0091918
-0.0051295
0.0147654
0.0305664
0.0269151
0.0027392
-0.0120402
-0.0121733
-0.0291270
-0.0377580
-0.0219337
-0.0037362
0.0210857
0.0363867
0.0380747
0.0333729
0.0091754
-0.0087135
-0.0115189
-0.0070657
0.0006573
-0.0102548
-0.0151537
0.0036032
0.0145429
0.0072954
0.0049871
0.0176372
0.0277284
0.0268769
0.0080431
-0.0224812
-0.0345709
-0.0302608
-0.0277339
-0.0217970
-0.0061666
0.0041325
0.0027238
0.0062007
0.0076655
0.0011380
-0.0046911
-0.0104235
-0.0075061
-0.0011170
0.0063932
0.0291231
0.0429405
0.0293088
0.0199789
0.0276035
0.0330893
0.0224099
-0.0008884
-0.0250589
-0.0426310
-0.0333292
-0.0025282
0.0060268
-0.0217747
-0.0471109
-0.0372439
-0.0057281
0.0156657
0.0091892
0.0052529
0.0166776
0.0165033
0.0077467
-0.0011140
0.0038231
0.0269075
0.0496108
0.0483630
0.0162695
-0.0337637
-0.0902849
-0.1006918
-0.0543200
-0.0197160
-0.0141866
0.0015106
0.0327282
0.0521742
0.0646737
0.0617646
0.0302345
0.0009654
0.0001733
0.0197974
-0.0019527
-0.0547250
-0.0606383
-0.0343568
-0.0067051
0.0074349
0.0074676
0.0040536
-0.0145153
-0.0243361
-0.0184411
-0.0271026
-0.0446571
-0.0481532
-0.0424313
-0.0266540
0.0135232
0.0377638
0.0338124
0.0370312
0.0226742
-0.0177320
-0.0430061
-0.0396574
-0.0270422
-0.0308146
-0.0525454
-0.0745280
-0.0758784
-0.0555774
-0.0331875
-0.0169006
-0.0328427
-0.0648168
-0.0532218
-0.0133427
0.0098820
0.0051604
0.0173563
0.0633151
0.0883904
0.0978645
0.1005633
0.0752166
0.0426613
0.0256698
0.0064701
-0.0280022
-0.0209019
0.0257944
0.0452291
0.0413024
0.0290185
0.0027604
-0.0230551
-0.0160360
0.0087000
0.0197503
0.0308403
0.0363867
0.0202485
-0.0110429
-0.0269339
-0.0109770
0.0133264
0.0222953
0.0173306
0.0230910
0.0425722
0.0504867
0.0352212
0.0257690
0.0263799
0.0086562
-0.0166789
-0.0499197
-0.1035392
-0.1377355
-0.1225273
-0.1020702
-0.0988260
-0.0927840
-0.0822592
-0.0682641
-0.0517998
-0.0216139
0.0218432
0.0557269
0.0689155
0.0652329
0.0522665
0.0328691
0.0114587
-0.0170361
-0.0461821
-0.0567017
-0.0617119
-0.0846339
-0.1081694
-0.1081227
-0.0992328
-0.0883722
-0.0877400
-0.1034632
-0.1020440
-0.0855349
-0.0783066
-0.0979223
-0.1294372
-0.1351890
-0.1304896
-0.1338860
-0.1355534
-0.1359114
-0.1408054
-0.1497641
-0.1553693
-0.1410525
-0.1098090
-0.0837564
-0.0622046
-0.0392173
-0.0220982
-0.0105445
0.0027693
0.0164568
0.0372298
0.0766075
0.1273239
0.1798115
0.2167283
0.2139091
0.1747381
0.1204175
0.0668567
0.0278550
0.0007699
-0.0219602
-0.0339311
-0.0479613
-0.0663989
-0.0728779
-0.0775634
-0.0792973
-0.0713417
-0.0652313
-0.0530721
-0.0232649
0.0080460
0.0101463
-0.0148102
-0.0202885
0.0155556
0.0614270
0.0854124
0.0939546
0.1054675
0.1259968
0.1496876
0.1655190
0.1740199
0.1749866
0.1685881
0.1635075
0.1602288
0.1547349
0.1484564
0.1405585
0.1276952
0.1076547
0.0918533
0.1046372
0.1328417
0.1488278
0.1659814
0.1981745
0.2428135
0.2934434
0.3350276
0.3578557
0.3614711
0.3491944
0.3185026
0.2673250
0.2018694
0.1295823
0.0586673
-0.0118339
-0.0815744
-0.1408166
-0.1691344
-0.1354104
-0.0513709
0.0006701
-0.0324625
-0.0608221
-0.0280132
-0.0166012
-0.0132181
-0.0023786
-0.0366812
-0.0863671
-0.1377124
-0.1787566
-0.2074615
-0.2421863
-0.2664031
-0.2661054
-0.2370190
-0.2172196
-0.2137993
-0.1965056
-0.1555701
-0.0937663
-0.0369593
-0.0004047
0.0273047
0.0453622
0.0462998
0.0439920
0.0510282
0.0731046
0.0989941
0.1127581
0.1074644
0.0744395
0.0232099
-0.0110098
-0.0034114
-0.0014495
-0.0556137
-0.1247010
-0.1612461
-0.1640942
-0.1478278
-0.1416731
-0.1472036
-0.1419298
-0.1233926
-0.0962022
-0.0879294
-0.1188843
-0.1622186
-0.1876188
-0.2001079
-0.2251743
-0.2615927
-0.2859771
-0.2813964
-0.2607372
-0.2523577
-0.2589599
-0.2740356
-0.2886388
-0.2874105
-0.2743520
-0.2585033
-0.2420129
-0.2308951
-0.2203336
-0.2022653
-0.1775471
-0.1581133
-0.1519230
-0.1405122
-0.1196828
-0.0946250
-0.0485743
0.0064459
0.0509747
0.0891819
0.1153461
0.1331474
0.1533940
0.1803938
0.2258058
0.2836448
0.3233534
0.3283502
0.2986136
0.2430606
0.1953365
0.1775313
0.1807883
0.1959449
0.2130595
0.2298749
0.2463638
0.2566623
0.2598861
0.2517291
0.2361867
0.2115653
0.1743234
0.1236312
0.0569791
0.0012513
-0.0200167
-0.0075230
0.0478796
0.1434297
0.1862316
0.1482498
0.1535645
0.1920246
0.1927428
0.1956487
0.1958293
0.1887300
0.1917616
0.1957700
0.2088748
0.2138456
0.1993508
0.1830266
0.1743349
0.1685795
0.1463048
0.1067972
0.0892410
0.1062933
0.1016972
0.0626527
0.0388026
0.0352369
0.0357139
0.0503796
0.0765714
0.0986591
0.1184367
0.1442711
0.1707846
0.1876405
0.1881665
0.1640350
0.1232516
0.0853931
0.0595451
0.0510270
0.0549088
0.0529759
0.0366219
0.0119503
-0.0225476
-0.0707999
-0.1205053
-0.1611984
-0.1868082
-0.1924538
-0.1855221
-0.1775602
-0.1722007
-0.1684567
-0.1731847
-0.1872185
-0.1948250
-0.1861767
-0.1599008
-0.1224661
-0.0933048
-0.0829258
-0.0862250
-0.0893039
-0.0809262
-0.0651448
-0.0421531
-0.0126657
0.0083750
0.0132863
0.0129851
0.0200998
0.0177783
-0.0113668
-0.0535524
-0.0895201
-0.1074788
-0.0988462
-0.0596286
-0.0244855
-0.0255697
-0.0329268
-0.0130213
0.0267254
0.0639928
0.0953687
0.1223179
0.1429315
0.1619773
0.1722151
0.1704927
0.1578431
0.1185806
0.0525106
-0.0103278
-0.0479004
-0.0789828
-0.1210037
-0.1526180
-0.1637575
-0.1686763
-0.1618776
-0.1477541
-0.1526440
-0.1683685
-0.1647835
-0.1217472
-0.0584073
-0.0121544
0.0121245
0.0312614
0.0637759
0.1046135
0.1329270
0.1321451
0.1064185
0.0749205
0.0556517
0.0616210
0.0776289
0.0707661
0.0221218
-0.0592472
-0.1375487
-0.1742280
-0.1689234
-0.1494853
-0.1368791
-0.1400823
-0.1507554
-0.1474911
-0.1171633
-0.0762953
-0.0518311
-0.0450168
-0.0319540
-0.0053873
0.0149052
0.0215895
0.0105900
-0.0205350
-0.0539083
-0.0754138
-0.0713251
-0.0288036
0.0158071
0.0203956
0.0230492
0.0522311
0.0574528
0.0520223
0.0881553
0.1373419
0.1760863
0.1939363
0.1918382
0.1826494
0.1362473
0.0295818
-0.1189033
-0.2608644
-0.3686744
-0.3924158
-0.2831478
-0.1889049
-0.2435157
-0.2858961
-0.2366549
-0.2109527
-0.1781830
-0.1523651
-0.1564603
-0.1221300
-0.0965899
-0.0697175
-0.0460233
-0.0444970
-0.0391036
-0.0328527
-0.0151498
-0.0347618
-0.0878147
-0.1350988
-0.1723249
-0.2205735
-0.2711730
-0.2823487
-0.2662109
-0.2206472
-0.1452023
-0.0596136
-0.0011003
0.0195137
0.0462033
0.0862573
0.1308784
0.2035774
0.3067417
0.4118568
0.4822240
0.4866312
0.4295190
0.3353007
0.2375681
0.1620264
0.1262658
0.1299948
0.1259705
0.1054168
0.0964845
0.0915416
0.0841964
0.0780060
0.0778039
0.0842532
0.0814684
0.0680357
0.0449872
0.0166058
0.0041917
0.0079574
0.0129432
-0.0112289
-0.0704458
-0.1078489
-0.0846389
-0.0152806
0.0247208
-0.0111078
-0.0409032
-0.0078741
0.0366422
0.0421180
0.0164782
-0.0095857
-0.0109298
0.0218962
0.0530087
0.0494021
0.0333616
0.0204069
0.0026807
-0.0220612
-0.0449385
-0.0434656
-0.0246637
-0.0096300
-0.0100732
-0.0242702
-0.0253366
0.0034894
0.0405122
0.0521394
0.0579299
0.0783566
0.0944377
0.1020213
0.1004165
0.0927119
0.0855323
0.0688389
0.0362224
0.0010646
-0.0188406
-0.0266812
-0.0323368
-0.0346800
-0.0413680
-0.0632823
-0.0905813
-0.1068202
-0.1131519
-0.1086522
-0.0859342
-0.0750810
-0.1016638
-0.1339594
-0.1469363
-0.1547653
-0.1652632
-0.1669784
-0.1586798
-0.1443465
-0.1251023
-0.1077690
-0.0979623
-0.0987318
-0.1007677
-0.0957785
-0.0829437
-0.0596953
-0.0385595
-0.0248239
-0.0102098
0.0023045
0.0003455
-0.0228326
-0.0511266
-0.0628261
-0.0546105
-0.0549142
-0.0836953
-0.1106623
-0.1098009
-0.0883302
-0.0679167
-0.0697113
-0.0849234
-0.0932369
-0.0876525
-0.0631861
-0.0372933
-0.0204690
0.0070561
0.0446449
0.0816714
0.1206650
0.1488350
0.1472209
0.1273016
0.1149142
0.1188972
0.1222886
0.1164209
0.1237327
0.1520675
0.1765096
0.1682746
0.1302688
0.0861892
0.0542905
0.0475444
0.0587950
0.0764359
0.0989030
0.1218699
0.1404247
0.1446777
0.1256412
0.0899566
0.0521122
0.0267852
0.0164338
0.0068404
-0.0114411
-0.0332695
-0.0455892
-0.0397658
-0.0223833
-0.0183105
-0.0437734
-0.0790795
-0.1021605
-0.1141073
-0.1220395
-0.1279558
-0.1255410
-0.1171947
-0.1084919
-0.0814414
-0.0372816
-0.0065383
0.0092394
0.0304579
0.0608472
0.0883735
0.1093491
0.1298046
0.1488755
0.1634151
0.1767827
0.1953279
0.2210142
0.2525903
0.2828168
0.2981454
0.2887948
0.2491007
0.1833084
0.1136107
0.0598146
0.0249078
0.0087563
0.0039328
-0.0065869
-0.0275864
-0.0454867
-0.0514387
-0.0519407
-0.0531165
-0.0625698
-0.0805722
-0.0810891
-0.0435676
0.0022344
0.0099895
-0.0188035
-0.0442385
-0.0360532
-0.0114920
-0.0076804
-0.0228712
-0.0344186
-0.0352418
-0.0348749
-0.0396099
-0.0419155
-0.0414981
-0.0423238
-0.0335452
-0.0108268
0.0050589
-0.0069253
-0.0331184
-0.0555272
-0.0821965
-0.1087055
-0.1228191
-0.1156780
-0.0839335
-0.0530798
-0.0460154
-0.0441569
-0.0248670
-0.0127838
-0.0312386
-0.0515452
-0.0438021
-0.0144241
0.0189203
0.0475726
0.0745403
0.1093719
0.1335466
0.1254250
0.1079854
0.0911140
0.0512245
-0.0168647
-0.0875089
-0.1517207
-0.2030774
-0.2104787
-0.1835179
-0.1485272
-0.1085546
-0.0672478
-0.0314845
-0.0199098
-0.0402905
-0.0702140
-0.0907359
-0.0901417
-0.0704040
-0.0471006
-0.0228059
-0.0140715
-0.0376709
-0.0716632
-0.0820709
-0.0763148
-0.0884100
-0.1157832
-0.1387700
-0.1515068
-0.1515198
-0.1378698
-0.1268622
-0.1362220
-0.1522322
-0.1579833
-0.1362765
-0.0850859
-0.0434897
-0.0255943
-0.0049173
0.0337082
0.0810001
0.1254298
0.1554574
0.1649887
0.1790355
0.2173352
0.2633599
0.2984489
0.3218752
0.3350016
0.3350984
0.3203666
0.2841477
0.2206876
0.1427696
0.0762054
0.0235197
-0.0275098
-0.0813156
-0.1341901
-0.1556525
-0.1392906
-0.1139799
-0.1016102
-0.1015465
-0.0812924
-0.0616749
-0.0749672
-0.0958521
-0.1222954
-0.1476039
-0.1668094
-0.1959145
-0.2225632
-0.2223725
-0.1853111
-0.1351850
-0.0952670
-0.0787654
-0.0865071
-0.1058874
-0.1278459
-0.1457918
-0.1727917
-0.1978032
-0.2005024
-0.1805614
-0.1473336
-0.1209478
-0.1002093
-0.0782755
-0.0541713
-0.0218452
0.0174823
0.0518550
0.0765997
0.1019653
0.1411839
0.1953886
0.2433756
0.2700864
0.2897413
0.3268171
0.3759037
0.4078354
0.4103872
0.3878481
0.3487377
0.2965227
0.2313373
0.1607808
0.1015126
0.0577376
0.0179819
-0.0240681
-0.0674647
-0.1040592
-0.1292226
-0.1490705
-0.1671171
-0.1816712
-0.1842563
-0.1763290
-0.1804718
-0.1948438
-0.1912790
-0.1613227
-0.1201019
-0.0780346
-0.0302898
0.0189230
0.0362270
0.0069177
-0.0197708
-0.0005496
0.0490130
0.0938908
0.1255514
0.1642821
0.2050758
0.2262942
0.2328430
0.2366202
0.2429406
0.2462323
0.2427716
0.2362286
0.2262408
0.2138412
0.1993392
0.1848935
0.1707947
0.1496803
0.1308845
0.1287991
0.1440836
0.1722671
0.1974751
0.2090250
0.2110596
0.2015255
0.1684032
0.1182046
0.0617129
0.0010653
-0.0582988
-0.1114456
-0.1506427
-0.1660305
-0.1510993
-0.1402855
-0.1617779
-0.1873544
-0.2035687
-0.2181242
-0.2233594
-0.2376404
-0.2838977
-0.3376069
-0.3677771
-0.3624710
-0.3378583
-0.3172599
-0.3067981
-0.2936659
-0.2640203
-0.2223335
-0.1721255
-0.1227127
-0.0909743
-0.0855751
-0.0782811
-0.0349707
0.0385564
0.1252400
0.2022523
0.2515976
0.2813169
0.3045800
0.3209966
0.3273460
0.3257753
0.3234806
0.3217943
0.3185401
0.3152556
0.3070900
0.2897138
0.2636836
0.2275904
0.1627056
0.0679409
-0.0212987
-0.0961301
-0.1658701
-0.2430895
-0.3447337
-0.4387295
-0.4657119
-0.4286116
-0.3758878
-0.3534210
-0.3665690
-0.3472826
-0.2925359
-0.2356333
-0.1746600
-0.1413025
-0.1190629
-0.0788801
-0.0412823
-0.0104571
0.0036707
0.0019137
0.0249218
0.0603188
0.0779832
0.0835726
0.0861805
0.0942942
0.1164238
0.1599947
0.1975315
0.2066914
0.2073142
0.2172297
0.2266193
0.2324991
0.2390131
0.2385146
0.2338631
0.2280311
0.2224072
0.2176791
0.2143441
0.2149611
0.2157313
0.2158006
0.2072361
0.1801814
0.1584630
0.1581841
0.1623327
0.1610135
0.1453294
0.1211104
0.0940662
0.0578500
0.0102869
-0.0606345
-0.1343062
-0.1848444
-0.2140970
-0.2234620
-0.2547665
-0.3033445
-0.3262203
-0.3460804
-0.3408625
-0.2982971
-0.2542087
-0.2292940
-0.2110018
-0.1718813
-0.1331173
-0.0982344
-0.0564897
-0.0129748
0.0254902
0.0484465
0.0597630
0.0766263
0.0971595
0.1091898
0.1118070
0.1039562
0.0805140
0.0375696
-0.0108963
-0.0350229
-0.0237025
-0.0116566
-0.0264071
-0.0524695
-0.0680871
-0.0685416
-0.0567008
-0.0510358
-0.0785778
-0.1244456
-0.1482209
-0.1330172
-0.0982341
-0.0802108
-0.0937480
-0.1234069
-0.1410639
-0.1377365
-0.1222747
-0.1120413
-0.1140612
-0.1044010
-0.0683940
-0.0201765
0.0231207
0.0545622
0.0734449
0.0898943
0.1015873
0.1108972
0.1236255
0.1222203
0.1092364
0.1036462
0.1116773
0.1149528
0.1063062
0.0984779
0.0916149
0.0848399
0.0824867
0.0896716
0.0965066
0.0880034
0.0736320
0.0762493
0.1026193
0.1348410
0.1488769
0.1399017
0.1148025
0.0809722
0.0499422
0.0331948
0.0343031
0.0406161
0.0319238
-0.0000773
-0.0368335
-0.0574090
-0.0679831
-0.0795039
-0.0952579
-0.1099816
-0.1087267
-0.0868426
-0.0505104
-0.0182778
-0.0190376
-0.0420733
-0.0443466
-0.0298495
-0.0305392
-0.0366348
-0.0285435
-0.0212863
-0.0267631
-0.0253761
-0.0084279
0.0013872
-0.0062341
-0.0124966
-0.0078846
-0.0042246
-0.0133293
-0.0321268
-0.0412660
-0.0341945
-0.0276900
-0.0275299
-0.0185976
0.0051083
0.0211301
0.0044754
-0.0324621
-0.0543213
-0.0529559
-0.0487448
-0.0482659
-0.0458088
-0.0467583
-0.0518256
-0.0533766
-0.0588697
-0.0806914
-0.1073577
-0.1160204
-0.1024070
-0.0823875
-0.0700220
-0.0660439
-0.0617194
-0.0510202
-0.0320015
-0.0079980
0.0059421
0.0095601
0.0115487
0.0134808
0.0185139
0.0259291
0.0307945
0.0232707
-0.0005409
-0.0296092
-0.0442218
-0.0370706
-0.0190598
-0.0023937
-0.0013071
-0.0197849
-0.0347640
-0.0288293
-0.0244178
-0.0396326
-0.0492800
-0.0314363
-0.0003603
0.0244546
0.0365909
0.0380073
0.0254788
-0.0000240
-0.0182339
-0.0217598
-0.0166149
-0.0032849
0.0188444
0.0390660
0.0522654
0.0661801
0.0702221
0.0613122
0.0551197
0.0553642
0.0541566
0.0530753
0.0582494
0.0608406
0.0547180
0.0496738
0.0586499
0.0721039
0.0686070
0.0481803
0.0245900
0.0084037
0.0020378
-0.0035860
-0.0220393
-0.0449496
-0.0532250
-0.0434569
-0.0230334
-0.0043796
0.0038456
0.0049192
0.0050226
0.0037567
0.0100829
0.0295553
0.0552052
0.0778468
0.0809879
0.0695879
0.0592632
0.0561689
0.0678841
0.0779400
0.0648276
0.0369247
0.0147422
0.0085204
0.0058600
-0.0070885
-0.0201447
-0.0250395
-0.0266136
-0.0220855
-0.0110400
-0.0015813
0.0023261
0.0033645
0.0026703
-0.0043157
-0.0075778
0.0085346
0.0361364
0.0545606
0.0581078
0.0531724
0.0366933
0.0105484
-0.0121828
-0.0226206
-0.0272606
-0.0386043
-0.0532456
-0.0574841
-0.0512838
-0.0554831
-0.0721314
-0.0819737
-0.0796222
-0.0708121
-0.0631573
-0.0574120
-0.0525129
-0.0537300
-0.0615491
-0.0638782
-0.0546704
-0.0468313
-0.0491550
-0.0546750
-0.0489093
-0.0384830
-0.0404203
-0.0457156
-0.0477351
-0.0525883
-0.0550418
-0.0473159
-0.0358450
-0.0298388
-0.0262422
-0.0245727
-0.0329476
-0.0489476
-0.0636536
-0.0731907
-0.0758410
-0.0745621
-0.0708820
-0.0638033
-0.0580536
-0.0519953
-0.0428986
-0.0395226
-0.0432866
-0.0462373
-0.0441838
-0.0354995
-0.0157577
0.0110871
0.0328755
0.0473420
0.0543313
0.0596672
0.0671162
0.0667428
0.0574989
0.0536898
0.0666774
0.0809792
0.0818184
0.0803023
0.0775523
0.0691015
0.0664516
0.0685254
0.0695536
0.0723594
0.0640884
0.0392507
0.0180255
0.0108447
0.0044825
-0.0029685
-0.0000167
0.0057476
0.0045899
0.0059528
0.0142732
0.0195178
0.0167685
0.0048543
-0.0072924
-0.0023620
0.0051257
-0.0035798
-0.0118468
-0.0062174
0.0045357
0.0062298
0.0038389
0.0139924
0.0325085
0.0458496
0.0484962
0.0443517
0.0422576
0.0488602
0.0621613
0.0745200
0.0792333
0.0786157
0.0836941
0.0812210
0.0576046
0.0341271
0.0223068
0.0101535
-0.0013012
-0.0066410
-0.0109028
-0.0176907
-0.0341225
-0.0554393
-0.0639258
-0.0591021
-0.0515079
-0.0440037
-0.0367588
-0.0347421
-0.0364061
-0.0356140
-0.0389481
-0.0501461
-0.0518345
-0.0329638
-0.0117432
-0.0062660
-0.0068502
-0.0005552
0.0003420
-0.0147277
-0.0233610
-0.0103665
0.0036847
0.0034388
-0.0043695
-0.0082189
-0.0024281
-0.0014633
-0.0192113
-0.0313883
-0.0125285
0.0199461
0.0373849
0.0367693
0.0311230
0.0292394
0.0301501
0.0211177
-0.0042443
-0.0232336
-0.0222371
-0.0223507
-0.0313045
-0.0422269
-0.0601383
-0.0808660
-0.0902849
-0.0885438
-0.0823874
-0.0665738
-0.0436000
-0.0289277
-0.0281831
-0.0361371
-0.0399067
-0.0331256
-0.0314270
-0.0454885
-0.0612686
-0.0686216
-0.0664845
-0.0511091
-0.0267449
-0.0037188
0.0142766
0.0302173
0.0383707
0.0357416
0.0349326
0.0391975
0.0450330
0.0547856
0.0626043
0.0631079
0.0628553
0.0667161
0.0687063
0.0585146
0.0337931
0.0016925
-0.0219568
-0.0284571
-0.0295880
-0.0309557
-0.0244559
-0.0076126
0.0115679
0.0174394
0.0109658
0.0095054
0.0146020
0.0220792
0.0300151
0.0353287
0.0423884
0.0508325
0.0493004
0.0373876
0.0303303
0.0272468
0.0162837
0.0079781
0.0171380
0.0332263
0.0408561
0.0422382
0.0392820
0.0317084
0.0310337
0.0420407
0.0586712
0.0762966
0.0835746
0.0716041
0.0518112
0.0371780
0.0231816
0.0117857
0.0177699
0.0395917
0.0540248
0.0441579
0.0206483
0.0066462
0.0064485
0.0055583
0.0078284
0.0275888
0.0514661
0.0573382
0.0477330
0.0376216
0.0264681
0.0099286
-0.0046158
-0.0112057
-0.0137915
-0.0199570
-0.0254450
-0.0270583
-0.0324757
-0.0410811
-0.0401246
-0.0226020
-0.0040892
0.0002038
0.0017234
0.0164204
0.0342715
0.0414052
0.0404330
0.0323154
0.0235850
0.0196391
0.0143128
0.0084252
0.0010854
-0.0115466
-0.0243212
-0.0315795
-0.0383123
-0.0528195
-0.0672343
-0.0680446
-0.0588015
-0.0541999
-0.0569605
-0.0537615
-0.0397644
-0.0249228
-0.0158157
-0.0133517
-0.0163908
-0.0176712
-0.0128647
-0.0066294
0.0007822
0.0086689
0.0059897
-0.0070650
-0.0158990
-0.0169116
-0.0126601
-0.0045225
0.0001511
-0.0000526
0.0004027
0.0029957
0.0048383
0.0019142
-0.0061470
-0.0126183
-0.0116980
-0.0074964
-0.0055854
-0.0060110
-0.0093617
-0.0177786
-0.0253645
-0.0261302
-0.0264540
-0.0347277
-0.0482840
-0.0545248
-0.0499505
-0.0461676
-0.0500976
-0.0519371
-0.0397287
-0.0206162
-0.0157547
-0.0270732
-0.0299047
-0.0168467
-0.0050502
-0.0038181
-0.0118933
-0.0213720
-0.0221466
-0.0145798
-0.0128982
-0.0200654
-0.0182108
-0.0065223
-0.0019261
-0.0057587
-0.0051018
-0.0046726
-0.0169998
-0.0289149
-0.0281996
-0.0220527
-0.0192948
-0.0203218
-0.0157905
0.0002064
0.0167030
0.0226330
0.0222796
0.0264205
0.0391060
0.0515405
0.0573992
0.0589384
0.0620568
0.0672532
0.0702091
0.0678907
0.0491034
0.0196563
0.0093515
0.0183376
0.0209116
0.0137194
0.0037233
-0.0028428
0.0010842
0.0104834
0.0179651
0.0209495
0.0249511
0.0260122
0.0148378
0.0029446
-0.0067935
-0.0169251
-0.0205038
-0.0173549
-0.0138516
-0.0173485
-0.0236548
-0.0264919
-0.0218048
-0.0078360
0.0037627
0.0045295
-0.0004292
-0.0003647
0.0063382
0.0102049
0.0096484
0.0085797
0.0125495
0.0278899
0.0425755
0.0416664
0.0257633
0.0028568
-0.0157609
-0.0216619
-0.0124524
-0.0000337
-0.0002755
-0.0070943
-0.0045717
0.0040047
0.0064137
0.0018124
-0.0026240
0.0000029
0.0069725
0.0107186
0.0107150
0.0123280
0.0159188
0.0184089
0.0209798
0.0211133
0.0124014
0.0008818
-0.0039135
-0.0062672
-0.0103822
-0.0132412
-0.0149786
-0.0219605
-0.0299771
-0.0300791
-0.0242212
-0.0171136
-0.0076674
0.0116858
0.0294693
0.0266402
0.0126203
0.0037969
0.0038995
0.0092659
0.0093995
0.0024425
-0.0017228
-0.0024538
-0.0071005
-0.0159532
-0.0233785
-0.0207018
-0.0074245
0.0033108
0.0052727
0.0050299
0.0093958
0.0150375
0.0161474
0.0127823
0.0086534
0.0061688
0.0050189
0.0061095
0.0073767
0.0075953
0.0062361
0.0064425
0.0123795
0.0189734
0.0243152
0.0254340
0.0183259
0.0111104
0.0084874
0.0042873
-0.0016682
-0.0014811
0.0024892
-0.0009641
-0.0088581
-0.0072891
0.0025795
0.0087353
0.0030943
-0.0111518
-0.0179949
-0.0171701
-0.0172139
-0.0181358
-0.0224959
-0.0266402
-0.0255080
-0.0221585
-0.0227060
-0.0228209
-0.0137939
-0.0018056
0.0051429
0.0072078
0.0083489
0.0091601
0.0061539
0.0005547
-0.0049935
-0.0127244
-0.0203931
-0.0205496
-0.0153939
-0.0122323
-0.0130992
-0.0144941
-0.0147558
-0.0188260
-0.0256956
-0.0278129
-0.0226563
-0.0134501
-0.0033759
0.0075075
0.0148008
0.0100328
-0.0023035
-0.0075054
-0.0073332
-0.0149407
-0.0278418
-0.0346397
-0.0324124
-0.0268234
-0.0256626
-0.0273118
-0.0230300
-0.0114364
0.0038956
0.0183642
0.0254313
0.0236438
0.0176046
0.0107991
0.0030909
-0.0046106
-0.0084279
-0.0086795
-0.0096870
-0.0084270
-0.0034536
-0.0095662
-0.0276914
-0.0364621
-0.0318138
-0.0260937
-0.0282745
-0.0309574
-0.0217374
-0.0064702
0.0063352
0.0110817
0.0098947
0.0106829
0.0098387
0.0046322
-0.0038684
-0.0162782
-0.0275775
-0.0341370
-0.0400865
-0.0448434
-0.0433803
-0.0369427
-0.0281863
-0.0194292
-0.0155846
-0.0149062
-0.0101351
-0.0027120
0.0028357
0.0060552
0.0049209
-0.0007906
-0.0044117
-0.0015409
-0.0014559
-0.0082391
-0.0127883
-0.0152774
-0.0147602
-0.0031972
0.0121274
0.0185054
0.0168607
0.0125024
0.0104330
0.0159571
0.0219020
0.0167487
0.0066536
0.0034402
0.0080492
0.0134340
0.0116624
0.0051756
0.0032838
0.0054881
0.0047896
-0.0009370
-0.0047503
0.0005236
0.0033832
-0.0028715
-0.0031829
0.0084549
0.0182779
0.0166101
0.0104914
0.0085716
0.0150427
0.0248510
0.0295896
0.0354626
0.0501968
0.0618954
0.0583261
0.0472472
0.0336883
0.0175611
0.0029999
-0.0033247
0.0037275
0.0143675
0.0188685
0.0172316
0.0123134
0.0104602
0.0139026
0.0174257
0.0187856
0.0235169
0.0324478
0.0408415
0.0456815
0.0440809
0.0386142
0.0357783
0.0370290
0.0394208
0.0385932
0.0353722
0.0347203
0.0333341
0.0228803
0.0057154
-0.0056718
-0.0048013
0.0012661
0.0033868
0.0046376
0.0086190
0.0084789
0.0023106
-0.0057221
-0.0131050
-0.0161789
-0.0133395
-0.0071066
-0.0039782
-0.0049136
-0.0051205
-0.0079701
-0.0135391
-0.0145857
-0.0109066
-0.0061251
0.0013574
0.0108453
0.0177166
0.0232379
0.0263311
0.0240413
0.0253264
0.0341445
0.0372337
0.0307034
0.0207118
0.0077356
-0.0018873
-0.0037200
-0.0059783
-0.0108477
-0.0126050
-0.0126924
-0.0142964
-0.0136714
-0.0093515
-0.0079921
-0.0121684
-0.0156164
-0.0160745
-0.0170312
-0.0202475
-0.0247917
-0.0300645
-0.0366078
-0.0423742
-0.0444744
-0.0442343
-0.0458504
-0.0493758
-0.0511586
-0.0495878
-0.0475404
-0.0484867
-0.0499610
-0.0503504
-0.0515372
-0.0525766
-0.0487349
-0.0394121
-0.0310075
-0.0253762
-0.0203888
-0.0154933
-0.0116343
-0.0097640
-0.0069452
-0.0020093
0.0007187
0.0016420
0.0045511
0.0076556
0.0085780
0.0053696
0.0015914
0.0053031
0.0122622
0.0148198
0.0157267
0.0178495
0.0207060
0.0249722
0.0277996
0.0255667
0.0173091
0.0051381
-0.0054654
-0.0150631
-0.0245251
-0.0272107
-0.0218259
-0.0153354
-0.0106282
-0.0062719
-0.0008892
0.0087842
0.0197971
0.0226560
0.0187899
0.0177890
0.0197987
0.0197573
0.0185177
0.0187338
0.0205485
0.0268297
0.0372183
0.0451444
0.0505656
0.0554402
0.0587325
0.0590376
0.0530689
0.0428479
0.0345985
0.0291371
0.0232943
0.0172897
0.0136635
0.0102719
0.0045697
-0.0001226
0.0005068
0.0064736
0.0106406
0.0058027
-0.0013085
-0.0004460
0.0033382
-0.0014271
-0.0129223
-0.0209126
-0.0224752
-0.0197205
-0.0147088
-0.0099059
-0.0089238
-0.0099784
-0.0054812
0.0015198
-0.0007934
-0.0106499
-0.0157496
-0.0158908
-0.0159343
-0.0136468
-0.0073526
0.0011619
0.0082426
0.0101491
0.0080400
0.0071389
0.0090864
0.0112257
0.0125879
0.0156466
0.0164000
0.0095790
0.0006667
-0.0076618
-0.0175965
-0.0258031
-0.0269792
-0.0252262
-0.0299482
-0.0374586
-0.0353236
-0.0208053
-0.0067854
-0.0049694
-0.0083655
-0.0083389
-0.0085145
-0.0088002
-0.0072479
-0.0037526
0.0026882
0.0064458
0.0074169
0.0111177
0.0179167
0.0240741
0.0273001
0.0279106
0.0234349
0.0165282
0.0105203
0.0060193
0.0069695
0.0130417
0.0191892
0.0218829
0.0223828
0.0223414
0.0214188
0.0207472
0.0202228
0.0197956
0.0206480
0.0232175
0.0251664
0.0217353
0.0149714
0.0133070
0.0186589
0.0235434
0.0239175
0.0210867
0.0141783
0.0066850
0.0018287
-0.0020295
-0.0046132
-0.0064732
-0.0071639
-0.0085135
-0.0120589
-0.0134583
-0.0126796
-0.0095748
-0.0017820
0.0092280
0.0198177
0.0244862
0.0194754
0.0077514
-0.0014798
-0.0015454
0.0075986
0.0196306
0.0243831
0.0203020
0.0137975
0.0063048
-0.0037341
-0.0141075
-0.0223410
-0.0253268
-0.0208421
-0.0125791
-0.0059021
-0.0023885
0.0003945
0.0010698
-0.0039838
-0.0077406
-0.0041523
-0.0015277
-0.0066904
-0.0171701
-0.0276028
-0.0325934
-0.0320375
-0.0324324
-0.0356077
-0.0336727
-0.0232464
-0.0134866
-0.0119234
-0.0161126
-0.0199277
-0.0171844
-0.0083973
0.0007295
0.0060735
0.0076725
0.0070636
0.0010918
-0.0081791
-0.0164022
-0.0226670
-0.0258776
-0.0298262
-0.0380416
-0.0472545
-0.0483798
-0.0414896
-0.0368484
-0.0370397
-0.0349222
-0.0239981
-0.0127980
-0.0098294
-0.0081728
-0.0030831
0.0016379
0.0021791
-0.0012883
-0.0055490
-0.0054779
-0.0036388
-0.0058562
-0.0083975
-0.0100211
-0.0086349
-0.0029631
-0.0016747
-0.0036402
-0.0025686
-0.0005384
0.0006802
0.0006761
0.0005463
0.0025308
0.0062275
0.0097570
0.0097559
0.0035027
-0.0052202
-0.0078473
-0.0037144
0.0020479
0.0094466
0.0163779
0.0175313
0.0124183
0.0051002
-0.0012004
-0.0047284
-0.0054608
-0.0068490
-0.0074107
-0.0042510
-0.0006043
0.0008412
0.0005591
0.0015426
0.0065793
0.0144630
0.0224089
0.0276291
0.0278058
0.0250998
0.0246550
0.0277297
0.0292955
0.0272825
0.0244006
0.0188590
0.0095676
-0.0004948
-0.0073256
-0.0063612
0.0001843
0.0053725
0.0092638
0.0135483
0.0123618
0.0035155
-0.0043780
-0.0048834
-0.0018618
-0.0019705
-0.0018855
0.0025629
0.0048438
0.0055115
0.0093082
0.0145217
0.0204155
0.0242893
0.0248640
0.0245149
0.0245230
0.0237817
0.0212837
0.0205243
0.0234755
0.0289354
0.0344803
0.0360832
0.0338169
0.0325265
0.0311960
0.0215906
0.0072675
0.0000550
-0.0029720
-0.0072887
-0.0083598
-0.0066156
-0.0054232
-0.0047959
-0.0076220
-0.0144681
-0.0221758
-0.0289910
-0.0336529
-0.0356499
-0.0336262
-0.0306057
-0.0323106
-0.0359227
-0.0362085
-0.0325323
-0.0287585
-0.0279125
-0.0248182
-0.0157777
-0.0077457
-0.0055369
-0.0038201
0.0007870
0.0049479
0.0068387
0.0094769
0.0146449
0.0181048
0.0155116
0.0084691
-0.0004083
-0.0103227
-0.0175306
-0.0197445
-0.0188958
-0.0157150
-0.0120266
-0.0112961
-0.0135807
-0.0146910
-0.0121012
-0.0087800
-0.0081427
-0.0105706
-0.0129945
-0.0123427
-0.0096872
-0.0070208
-0.0049356
-0.0048378
-0.0078009
-0.0103409
-0.0102138
-0.0103176
-0.0099528
-0.0075748
-0.0064827
-0.0068227
-0.0054717
-0.0040113
-0.0053895
-0.0064572
-0.0046090
-0.0028908
-0.0004667
0.0028096
0.0018992
-0.0005978
-0.0010872
-0.0016283
-0.0000541
0.0034888
0.0056802
0.0081324
0.0097530
0.0086971
0.0074099
0.0075272
0.0112193
0.0172150
0.0191330
0.0164116
0.0121262
0.0078866
0.0085502
0.0129209
0.0127391
0.0100134
0.0103207
0.0106263
0.0092474
0.0064218
-0.0006614
-0.0085938
-0.0143284
-0.0213997
-0.0263529
-0.0257646
-0.0245345
-0.0235633
-0.0169759
-0.0046939
0.0020763
-0.0019902
-0.0093440
-0.0150257
-0.0186695
-0.0203108
-0.0202520
-0.0180388
-0.0181820
-0.0225044
-0.0257080
-0.0273767
-0.0279336
-0.0252171
-0.0188166
-0.0116625
-0.0070014
-0.0036902
-0.0012364
0.0019659
0.0078758
0.0132491
0.0169305
0.0209255
0.0254895
0.0292488
0.0300749
0.0255662
0.0157632
0.0061116
0.0026570
0.0043255
0.0072266
0.0110018
0.0142143
0.0155284
0.0156436
0.0145283
0.0135408
0.0153468
0.0206752
0.0246357
0.0225586
0.0178553
0.0144801
0.0119673
0.0080143
0.0019513
-0.0029899
-0.0045333
-0.0014633
0.0053795
0.0115459
0.0147176
0.0154384
0.0159002
0.0159531
0.0149458
0.0175385
0.0233352
0.0254608
0.0229761
0.0179726
0.0122778
0.0096486
0.0087543
0.0061297
0.0047901
0.0077592
0.0116002
0.0121604
0.0111208
0.0108554
0.0099132
0.0107845
0.0191259
0.0290371
0.0290004
0.0190333
0.0085409
0.0028549
-0.0020007
-0.0078385
-0.0119500
-0.0140556
-0.0166594
-0.0196344
-0.0189153
-0.0154498
-0.0141346
-0.0156541
-0.0149747
-0.0094475
-0.0037075
-0.0017772
-0.0026922
-0.0027512
-0.0008682
0.0007481
0.0031647
0.0074630
0.0097385
0.0080638
0.0057176
0.0050846
0.0049918
0.0046334
0.0042089
0.0021623
-0.0026628
-0.0075943
-0.0085740
-0.0057640
-0.0034413
-0.0030993
-0.0029663
-0.0040768
-0.0059798
-0.0049189
-0.0022177
-0.0012860
-0.0009200
0.0019514
0.0078075
0.0121386
0.0111600
0.0083571
0.0057144
0.0014510
-0.0011033
-0.0006160
-0.0022977
-0.0060541
-0.0056716
0.0002840
0.0061010
0.0073919
0.0064357
0.0061979
0.0075108
0.0093584
0.0074473
0.0029295
0.0031517
0.0081235
0.0122594
0.0121294
0.0087526
0.0072159
0.0072849
0.0054429
0.0025308
0.0005546
-0.0005468
-0.0036090
-0.0084810
-0.0133181
-0.0195949
-0.0258768
-0.0302499
-0.0328888
-0.0316386
-0.0257336
-0.0179414
-0.0123877
-0.0110722
-0.0124583
-0.0139454
-0.0125550
-0.0090189
-0.0065644
-0.0058163
-0.0091114
-0.0167158
-0.0225076
-0.0243251
-0.0252761
-0.0254587
-0.0231160
-0.0211640
-0.0223081
-0.0223787
-0.0202962
-0.0195110
-0.0187679
-0.0152287
-0.0098165
-0.0049229
0.0011683
0.0105583
0.0194822
0.0232060
0.0213637
0.0171000
0.0141341
0.0126799
0.0100400
0.0082164
0.0091507
0.0086238
0.0050420
-0.0013382
-0.0094894
-0.0138717
-0.0120410
-0.0073241
-0.0024251
0.0047689
0.0154196
0.0239571
0.0265753
0.0263822
0.0265405
0.0283210
0.0315871
0.0322114
0.0280648
0.0217471
0.0174572
0.0170319
0.0159058
0.0138860
0.0149339
0.0151663
0.0126985
0.0122753
0.0131022
0.0110088
0.0082751
0.0092878
0.0139020
0.0188155
0.0191279
0.0138693
0.0080732
0.0043279
0.0025171
0.0025577
0.0020524
0.0019897
0.0067619
0.0143367
0.0198859
0.0236876
0.0257519
0.0240581
0.0206015
0.0177739
0.0139762
0.0084817
0.0024108
-0.0036960
-0.0079670
-0.0100695
-0.0116884
-0.0112518
-0.0081226
-0.0040560
-0.0001643
0.0026152
0.0030252
-0.0003727
-0.0061036
-0.0112552
-0.0128187
-0.0094871
-0.0053733
-0.0017640
0.0029062
0.0048382
0.0027670
-0.0006697
-0.0046970
-0.0073533
-0.0065424
-0.0037832
-0.0040284
-0.0082251
-0.0118099
-0.0136341
-0.0158806
-0.0198465
-0.0247105
-0.0275187
-0.0279792
-0.0284370
-0.0271296
-0.0215988
-0.0139651
-0.0072584
-0.0042725
-0.0035215
0.0002723
0.0040329
0.0022275
-0.0018304
-0.0027738
-0.0014703
-0.0031396
-0.0079468
-0.0107055
-0.0095949
-0.0083980
-0.0113788
-0.0172893
-0.0201611
-0.0195182
-0.0224108
-0.0292782
-0.0318422
-0.0288951
-0.0252488
-0.0218873
-0.0200609
-0.0180683
-0.0140482
-0.0131921
-0.0161435
-0.0178193
-0.0167968
-0.0139648
-0.0103573
-0.0070273
-0.0041293
-0.0023194
-0.0009087
0.0010546
0.0017529
0.0012851
0.0008837
-0.0016082
-0.0063379
-0.0091092
-0.0088643
-0.0070658
-0.0058881
-0.0082375
-0.0120914
-0.0143167
-0.0142706
-0.0109340
-0.0058902
-0.0023118
-0.0002098
0.0022331
0.0056851
0.0091916
0.0107822
0.0095153
0.0083074
0.0104971
0.0140943
0.0154427
0.0152430
0.0151657
0.0147893
0.0146468
0.0147654
0.0133815
0.0105090
0.0076298
0.0053873
0.0051075
0.0076715
0.0101024
0.0107472
0.0120089
0.0137964
0.0141368
0.0129656
0.0098589
0.0060141
0.0049896
0.0063038
0.0074177
0.0082731
0.0093505
0.0107533
0.0116774
0.0119163
0.0113793
0.0081709
0.0039207
0.0024202
0.0018118
0.0011066
0.0044048
0.0118103
0.0192568
0.0233482
0.0224015
0.0173792
0.0112458
0.0063179
0.0036322
0.0046054
0.0076769
0.0089825
0.0082248
0.0064571
0.0035688
0.0006392
-0.0013638
-0.0023319
-0.0000178
0.0058084
0.0088830
0.0057766
0.0024399
0.0028887
0.0025772
-0.0018052
-0.0083250
-0.0121694
-0.0091238
-0.0028643
0.0014458
0.0039811
0.0051940
0.0054634
0.0048923
0.0048130
0.0061683
0.0065212
0.0055431
0.0050830
0.0048538
0.0031203
0.0017855
0.0030701
0.0054598
0.0068942
0.0060613
0.0046346
0.0031724
0.0009467
-0.0010755
-0.0041544
-0.0075738
-0.0079970
-0.0068392
-0.0063562
-0.0053516
-0.0041348
-0.0040021
-0.0044625
-0.0040091
-0.0026711
-0.0030185
-0.0047506
-0.0055831
-0.0053791
-0.0049645
-0.0049010
-0.0048968
-0.0048664
-0.0036282
-0.0000933
0.0036080
0.0044642
0.0020326
0.0001709
0.0014903
0.0036910
0.0041346
0.0028531
0.0015319
-0.0000282
-0.0019705
-0.0041333
-0.0067593
-0.0068771
-0.0051025
-0.0054841
-0.0069751
-0.0071602
-0.0048470
-0.0015393
-0.0014547
-0.0030305
-0.0017056
0.0011071
0.0021828
0.0005705
-0.0032361
-0.0063936
-0.0066357
-0.0065244
-0.0101846
-0.0151433
-0.0155551
-0.0111884
-0.0060418
-0.0046340
-0.0060895
-0.0057691
-0.0041543
-0.0024271
-0.0018796
-0.0053081
-0.0088587
-0.0090607
-0.0086776
-0.0081782
-0.0071989
-0.0064477
-0.0057787
-0.0064325
-0.0096104
-0.0121957
-0.0106577
-0.0078966
-0.0080134
-0.0097476
-0.0096287
-0.0069347
-0.0038858
-0.0034986
-0.0061811
-0.0082656
-0.0061778
-0.0005863
0.0035925
0.0044861
0.0055818
0.0072281
0.0060817
0.0023786
-0.0013648
-0.0035713
-0.0045482
-0.0065266
-0.0075643
-0.0061406
-0.0035668
-0.0002778
0.0016913
0.0038925
0.0081759
0.0110049
0.0115729
0.0125018
0.0130584
0.0123661
0.0119708
0.0118002
0.0114907
0.0114781
0.0113907
0.0101954
0.0086170
0.0082748
0.0080042
0.0067867
0.0050863
0.0023516
-0.0012226
-0.0040989
-0.0062469
-0.0081174
-0.0086488
-0.0076169
-0.0067110
-0.0070575
-0.0067125
-0.0041113
-0.0011328
0.0016487
0.0045002
0.0070694
0.0101725
0.0133905
0.0155547
0.0156047
0.0139804
0.0123192
0.0101963
0.0081196
0.0075388
0.0081080
0.0082992
0.0064609
0.0036796
0.0025957
0.0033895
0.0040868
0.0037195
0.0030195
0.0010954
-0.0028458
-0.0070263
-0.0106438
-0.0132049
-0.0141681
-0.0149757
-0.0156291
-0.0149368
-0.0138311
-0.0143879
-0.0167256
-0.0167883
-0.0128572
-0.0087196
-0.0061425
-0.0046083
-0.0032619
-0.0006704
0.0024556
0.0043711
0.0047943
0.0044038
0.0036865
0.0034103
0.0031694
0.0018122
-0.0002160
-0.0030291
-0.0061965
-0.0090688
-0.0123266
-0.0149943
-0.0154859
-0.0137556
-0.0103919
-0.0065444
-0.0039329
-0.0031227
-0.0025450
-0.0012443
-0.0005244
-0.0000118
0.0015355
0.0030329
0.0040710
0.0047049
0.0030850
-0.0013306
-0.0059646
-0.0096993
-0.0133866
-0.0159240
-0.0163928
-0.0158290
-0.0147160
-0.0132978
-0.0119182
-0.0103249
-0.0090178
-0.0082373
-0.0069563
-0.0064486
-0.0069148
-0.0052612
-0.0020751
0.0008340
0.0033218
0.0061088
0.0086137
0.0081997
0.0061331
0.0047036
0.0048303
0.0071632
0.0108793
0.0143652
0.0152712
0.0125344
0.0083810
0.0062029
0.0069977
0.0101822
0.0136969
0.0143340
0.0124778
0.0110896
0.0097199
0.0067222
0.0049515
0.0065017
0.0087471
0.0101917
0.0121337
0.0147195
0.0158346
0.0145903
0.0128525
0.0126751
0.0144491
0.0166506
0.0168754
0.0142633
0.0102052
0.0063299
0.0037532
0.0029220
0.0033626
0.0045267
0.0063177
0.0078286
0.0084848
0.0098131
0.0120229
0.0130742
0.0115907
0.0091509
0.0080792
0.0075187
0.0062297
0.0043911
0.0019869
-0.0001219
-0.0010611
-0.0012680
-0.0005561
0.0004662
-0.0002469
-0.0020109
-0.0025483
-0.0017341
-0.0007882
-0.0008149
-0.0020336
-0.0036144
-0.0046959
-0.0054485
-0.0070942
-0.0101801
-0.0135536
-0.0153673
-0.0143102
-0.0112939
-0.0092403
-0.0088889
-0.0080532
-0.0065967
-0.0071661
-0.0102025
-0.0130567
-0.0142206
-0.0146809
-0.0157475
-0.0178702
-0.0197536
-0.0189642
-0.0164048
-0.0150894
-0.0142206
-0.0123243
-0.0111643
-0.0117976
-0.0128714
-0.0122199
-0.0095246
-0.0080857
-0.0087303
-0.0094349
-0.0108633
-0.0128167
-0.0141945
-0.0148435
-0.0140027
-0.0120070
-0.0102300
-0.0091336
-0.0082365
-0.0069494
-0.0047892
-0.0031357
-0.0030943
-0.0025689
-0.0010588
-0.0004928
-0.0006270
0.0000585
0.0023726
0.0064095
0.0096244
0.0102794
0.0102949
0.0096282
0.0071581
0.0043896
0.0030395
0.0036578
0.0050658
0.0062496
0.0084710
0.0123137
0.0163948
0.0191058
0.0199063
0.0189876
0.0170449
0.0152211
0.0133399
0.0104268
0.0075615
0.0074205
0.0094258
0.0105995
0.0106387
0.0112357
0.0133238
0.0154192
0.0155764
0.0148919
0.0155645
0.0163003
0.0143774
0.0115191
0.0103909
0.0100300
0.0098986
0.0101276
0.0094018
0.0079683
0.0064100
0.0040502
0.0018717
0.0013858
0.0030426
0.0060745
0.0084024
0.0091503
0.0091472
0.0086528
0.0082034
0.0090182
0.0102633
0.0110961
0.0121004
0.0136126
0.0158480
0.0171841
0.0164626
0.0153554
0.0146087
0.0137880
0.0123583
0.0095823
0.0060754
0.0031558
0.0009227
-0.0016865
-0.0041553
-0.0050609
-0.0049943
-0.0047718
-0.0047861
-0.0045122
-0.0037280
-0.0038286
-0.0050637
-0.0064242
-0.0064345
-0.0053038
-0.0045078
-0.0048408
-0.0068258
-0.0088839
-0.0092062
-0.0083874
-0.0083151
-0.0096570
-0.0112487
-0.0121602
-0.0121963
-0.0119398
-0.0113969
-0.0100573
-0.0082713
-0.0060457
-0.0033388
-0.0012071
-0.0008068
-0.0020113
-0.0030481
-0.0023794
-0.0008967
0.0000908
0.0005952
0.0005679
-0.0003210
-0.0020369
-0.0042233
-0.0061133
-0.0074789
-0.0090074
-0.0102753
-0.0114496
-0.0138255
-0.0155494
-0.0144967
-0.0123909
-0.0109432
-0.0098077
-0.0078507
-0.0051105
-0.0042418
-0.0062621
-0.0090790
-0.0108090
-0.0105306
-0.0095849
-0.0090035
-0.0075988
-0.0069557
-0.0087955
-0.0114077
-0.0137516
-0.0147319
-0.0139283
-0.0141857
-0.0159438
-0.0163519
-0.0155612
-0.0162288
-0.0180395
-0.0181791
-0.0159206
-0.0127031
-0.0108251
-0.0108761
-0.0104511
-0.0093573
-0.0087194
-0.0060001
-0.0002841
0.0042464
0.0056723
0.0058803
0.0059355
0.0060926
0.0061094
0.0053937
0.0046253
0.0048492
0.0054748
0.0049954
0.0024086
-0.0012433
-0.0030236
-0.0021303
-0.0009856
-0.0009454
-0.0010477
-0.0011703
-0.0016132
-0.0019062
-0.0018741
-0.0013759
-0.0002759
0.0018577
0.0050811
0.0076604
0.0087283
0.0091173
0.0082673
0.0061704
0.0048860
0.0046977
0.0052699
0.0072698
0.0098422
0.0118913
0.0124759
0.0111019
0.0088876
0.0059702
0.0028215
0.0011224
0.0012635
0.0028978
0.0046371
0.0050601
0.0054238
0.0071122
0.0090281
0.0105696
0.0123781
0.0135134
0.0122826
0.0099855
0.0089552
0.0080263
0.0063836
0.0051742
0.0044832
0.0044267
0.0043230
0.0030404
0.0018257
0.0015494
0.0008857
0.0002200
0.0008916
0.0016397
0.0008664
-0.0014911
-0.0042815
-0.0055034
-0.0044678
-0.0023421
-0.0006625
0.0005710
0.0025763
0.0045597
0.0052078
0.0058140
0.0069931
0.0071069
0.0054182
0.0030485
0.0012507
0.0000095
-0.0010858
-0.0026553
-0.0044410
-0.0047873
-0.0043447
-0.0054126
-0.0079652
-0.0104870
-0.0124702
-0.0136362
-0.0132157
-0.0108728
-0.0071261
-0.0030547
0.0000240
0.0005554
-0.0005990
-0.0011322
-0.0011545
-0.0011149
-0.0006606
0.0004589
0.0022421
0.0041967
0.0052839
0.0041448
0.0015412
-0.0008027
-0.0032961
-0.0060686
-0.0083809
-0.0099299
-0.0102433
-0.0098569
-0.0091683
-0.0073714
-0.0053532
-0.0051460
-0.0063204
-0.0072900
-0.0078259
-0.0080746
-0.0096737
-0.0130679
-0.0147913
-0.0136926
-0.0116975
-0.0103306
-0.0102917
-0.0104133
-0.0089868
-0.0051970
-0.0007075
0.0013407
0.0014310
0.0020900
0.0034816
0.0043831
0.0045269
0.0051001
0.0062670
0.0054036
0.0016492
-0.0023988
-0.0054439
-0.0078068
-0.0090852
-0.0085073
-0.0055708
-0.0012347
0.0017419
0.0023828
0.0028005
0.0039237
0.0039311
0.0024281
0.0011113
0.0006154
0.0011762
0.0015736
-0.0009928
-0.0051350
-0.0069502
-0.0067573
-0.0069617
-0.0078267
-0.0082011
-0.0070047
-0.0041539
-0.0004887
0.0028040
0.0050801
0.0070133
0.0094237
0.0115959
0.0120196
0.0114934
0.0110113
0.0095361
0.0078284
0.0068371
0.0056144
0.0041537
0.0031639
0.0023431
0.0017961
0.0025207
0.0043717
0.0062786
0.0070574
0.0067147
0.0063719
0.0063865
0.0062728
0.0051798
0.0031987
0.0015781
0.0004426
-0.0014023
-0.0030679
-0.0021205
0.0002990
0.0010395
0.0004408
0.0003513
0.0011212
0.0026956
0.0038558
0.0038382
0.0039419
0.0038267
0.0029437
0.0024886
0.0024930
0.0025612
0.0029697
0.0041680
0.0063301
0.0090789
0.0120769
0.0154177
0.0183995
0.0196040
0.0199953
0.0205689
0.0201494
0.0188114
0.0175566
0.0169792
0.0168642
0.0158206
0.0137816
0.0121986
0.0111141
0.0095058
0.0077193
0.0061447
0.0043406
0.0027783
0.0019216
0.0019130
0.0023825
0.0018048
0.0000327
-0.0016161
-0.0019949
-0.0011472
-0.0006012
-0.0005310
0.0005885
0.0032287
0.0056741
0.0070442
0.0085718
0.0100873
0.0107642
0.0106824
0.0102516
0.0100022
0.0101890
0.0100939
0.0083471
0.0058706
0.0041264
0.0027680
0.0018554
0.0017451
0.0021783
0.0023220
0.0010564
-0.0011691
-0.0018691
-0.0004918
-0.0000382
-0.0017779
-0.0030271
-0.0028270
-0.0029617
-0.0034060
-0.0038024
-0.0047108
-0.0060061
-0.0076207
-0.0087758
-0.0083872
-0.0077482
-0.0082922
-0.0094819
-0.0112230
-0.0133072
-0.0151670
-0.0163000
-0.0159019
-0.0152786
-0.0153111
-0.0145525
-0.0130174
-0.0121141
-0.0117144
-0.0109173
-0.0100951
-0.0097191
-0.0097130
-0.0092627
-0.0072056
-0.0048522
-0.0049726
-0.0073959
-0.0098002
-0.0105597
-0.0097650
-0.0090813
-0.0085125
-0.0079804
-0.0092766
-0.0116097
-0.0130349
-0.0136464
-0.0137603
-0.0138008
-0.0137025
-0.0130350
-0.0132309
-0.0144187
-0.0158180
-0.0179826
-0.0187717
-0.0164753
-0.0127389
-0.0102817
-0.0093615
-0.0079767
-0.0065514
-0.0052070
-0.0042379
-0.0047617
-0.0058777
-0.0055959
-0.0040442
-0.0048010
-0.0073676
-0.0083448
-0.0078771
-0.0068668
-0.0061551
-0.0056642
-0.0047754
-0.0042101
-0.0048959
-0.0067287
-0.0079576
-0.0079675
-0.0072887
-0.0054020
-0.0029064
-0.0011281
0.0009436
0.0032151
0.0033372
0.0021452
0.0010235
-0.0001132
-0.0006640
-0.0005326
-0.0002391
-0.0003305
-0.0006002
-0.0012338
-0.0019788
-0.0013560
0.0006449
0.0029126
0.0044515
0.0054454
0.0065738
0.0079460
0.0096590
0.0112836
0.0122238
0.0121002
0.0112808
0.0104353
0.0091696
0.0077988
0.0073686
0.0073460
0.0061410
0.0029535
-0.0006967
-0.0031124
-0.0048437
-0.0055152
-0.0035016
0.0007561
0.0048135
0.0070841
0.0086029
0.0099329
0.0100205
0.0077687
0.0034819
0.0005725
0.0001937
0.0001288
0.0000363
0.0001188
0.0006397
0.0020649
0.0038751
0.0051727
0.0052821
0.0053892
0.0069447
0.0084325
0.0089905
0.0083715
0.0074571
0.0080903
0.0089942
0.0087616
0.0088185
0.0096201
0.0108822
0.0116766
0.0111399
0.0106210
0.0105947
0.0105311
0.0107859
0.0110476
0.0109186
0.0103920
0.0097030
0.0100437
0.0114586
0.0124067
0.0127438
0.0129361
0.0127038
0.0125969
0.0123157
0.0106905
0.0089934
0.0082060
0.0079091
0.0081921
0.0070069
0.0033657
0.0000871
-0.0013165
-0.0010631
-0.0001926
0.0005255
0.0014650
0.0018510
0.0018667
0.0021866
0.0019154
0.0006560
-0.0011162
-0.0019754
-0.0010490
0.0010801
0.0030518
0.0040907
0.0060830
0.0091533
0.0100937
0.0085984
0.0063379
0.0033523
0.0002611
-0.0018722
-0.0035407
-0.0051857
-0.0059884
-0.0059856
-0.0064239
-0.0076055
-0.0083703
-0.0082406
-0.0078554
-0.0070611
-0.0059161
-0.0042883
-0.0024788
-0.0022170
-0.0027307
-0.0017288
0.0005600
0.0021106
0.0016688
-0.0002823
-0.0023260
-0.0035179
-0.0050837
-0.0078811
-0.0091805
-0.0079774
-0.0069016
-0.0071165
-0.0079144
-0.0078621
-0.0064814
-0.0047844
-0.0035187
-0.0030215
-0.0027843
-0.0031244
-0.0042838
-0.0045088
-0.0040517
-0.0041303
-0.0046161
-0.0052131
-0.0052694
-0.0052437
-0.0055837
-0.0056527
-0.0051132
-0.0043356
-0.0038219
-0.0032511
-0.0030062
-0.0037101
-0.0046858
-0.0054425
-0.0061838
-0.0063264
-0.0051564
-0.0036794
-0.0038357
-0.0060096
-0.0077268
-0.0079787
-0.0081243
-0.0075763
-0.0063429
-0.0055434
-0.0047333
-0.0034886
-0.0015984
0.0005025
0.0020996
0.0032591
0.0036353
0.0035907
0.0036514
0.0037689
0.0041816
0.0039779
0.0030185
0.0025368
0.0023225
0.0023406
0.0029235
0.0030170
0.0022577
0.0017749
0.0019941
0.0020219
0.0015866
0.0013897
0.0013223
0.0014023
0.0022315
0.0032231
0.0038289
0.0039641
0.0032698
0.0026999
0.0031322
0.0035493
0.0030261
0.0019725
0.0011774
0.0009243
0.0008233
0.0007496
0.0011730
0.0017102
0.0019676
0.0018492
0.0010101
0.0003166
0.0004314
0.0010732
0.0021131
0.0027278
0.0029552
0.0037732
0.0043815
0.0041108
0.0033613
0.0024529
0.0022676
0.0027207
0.0029278
0.0031376
0.0032182
0.0025831
0.0017793
0.0012239
0.0004626
-0.0004572
-0.0011389
-0.0015778
-0.0018473
-0.0020435
-0.0018586
-0.0011817
-0.0007056
-0.0003140
0.0007347
0.0021434
0.0030547
0.0030719
0.0026974
0.0030321
0.0037989
0.0036793
0.0027102
0.0015936
0.0009299
0.0010398
0.0009366
-0.0001072
-0.0011514
-0.0012097
-0.0006322
-0.0006338
-0.0013720
-0.0022072
-0.0032021
-0.0039058
-0.0038054
-0.0035380
-0.0034414
-0.0032413
-0.0030798
-0.0030193
-0.0025074
-0.0017616
-0.0016894
-0.0021214
-0.0023132
-0.0022775
-0.0023696
-0.0026513
-0.0028455
-0.0024184
-0.0015314
-0.0009039
-0.0005655
-0.0002981
-0.0004356
-0.0011378
-0.0018732
-0.0025854
-0.0031662
-0.0032708
-0.0035117
-0.0037816
-0.0036670
-0.0035433
-0.0032822
-0.0029550
-0.0028066
-0.0025611
-0.0021957
-0.0019179
-0.0017881
-0.0017268
-0.0016912
-0.0018705
-0.0022446
-0.0023089
-0.0016996
-0.0008772
-0.0004723
-0.0001728
0.0003093
0.0005767
0.0006044
0.0005452
0.0003210
0.0001182
-0.0000462
-0.0003531
-0.0003659
0.0000997
0.0006487
0.0012270
0.0017762
0.0022705
0.0028471
0.0032886
0.0034048
0.0033625
0.0032956
0.0030663
0.0025217
0.0017827
0.0011446
0.0007627
0.0005410
0.0003674
0.0002124
0.0001239
0.0001585
0.0001969
0.0002316
0.0004455
0.0008150
0.0011074
0.0011682
0.0011787
0.0013400
0.0015849
0.0018146
0.0019519
0.0019965
0.0020228
0.0020524
0.0020211
0.0019067
0.0017879
0.0016743
0.0015584
0.0014702
0.0013547
0.0011683
0.0010381
0.0010205
0.0009882
0.0009377
0.0008811
0.0007598
0.0006343
0.0004982
0.0003018
0.0002362
0.0003871
0.0005030
0.0005211
0.0005688
0.0006450
0.0007457
0.0007986
0.0007426
0.0006619
0.0005935
0.0005639
0.0005754
0.0005553
0.0005018
0.0004519
0.0004017
0.0003255
0.0002441
0.0002092
0.0001986
0.0001760
0.0001570
0.0001714
0.0002367
0.0003157
0.0003708
0.0004356
0.0005055
0.0005048
0.0004337
0.0003465
0.0002492
0.0001357
0.0000384
0.0000182
0.0000594
0.0000786
0.0000420
-0.0000311
-0.0000863
-0.0000998
-0.0001093
-0.0001187
-0.0001198
-0.0001272
-0.0001308
-0.0001270
-0.0001243
-0.0001213
-0.0001206
-0.0001154
-0.0001009
-0.0000947
-0.0001084
-0.0001313
-0.0001497
-0.0001588
-0.0001611
-0.0001683
-0.0001841
-0.0001926
-0.0001922
-0.0001966
-0.0002062
-0.0002116
-0.0002087
-0.0002051
-0.0002095
-0.0002187
-0.0002240
-0.0002241
-0.0002263
-0.0002340
-0.0002426
-0.0002492
-0.0002569
-0.0002645
-0.0002679
-0.0002741
-0.0002874
-0.0003012
-0.0003091
-0.0003123
-0.0003180
-0.0003263
-0.0003317
-0.0003342
-0.0003368
-0.0003411
-0.0003459
-0.0003510
-0.0003560
-0.0003599
-0.0003640
-0.0003686
-0.0003731
-0.0003773
-0.0003816
-0.0003858
-0.0003902
-0.0003947
-0.0003989
-0.0004027
-0.0004065
-0.0004101
-0.0004137
-0.0004171
-0.0004205
-0.0004237
-0.0004268
-0.0004297
-0.0004326
-0.0004355
-0.0004382
-0.0004408
-0.0004433
-0.0004457
-0.0004481
-0.0004503
-0.0004524
-0.0004544
-0.0004564
-0.0004582
