0.0004948
0.0004942
0.0004980
0.0005054
0.0005227
0.0005289
0.0004795
0.0004730
0.0004688
0.0002307
-0.0000132
0.0000014
0.0000479
-0.0000107
-0.0001260
-0.0000402
0.0002972
0.0005926
0.0007976
0.0010366
0.0013391
0.0011343
0.0010321
0.0015054
0.0013985
0.0013268
0.0019292
0.0017310
-0.0001227
-0.0013293
-0.0001956
0.0004714
-0.0011072
-0.0034704
-0.0049379
-0.0043777
-0.0033861
-0.0029372
-0.0027120
-0.0031699
-0.0026844
-0.0004943
0.0028056
0.0043235
0.0020357
-0.0001721
0.0007061
0.0024927
0.0036065
0.0042350
0.0030131
0.0025109
0.0044934
0.0053898
0.0033471
0.0003285
0.0004180
0.0017455
0.0002743
-0.0003743
0.0010753
0.0019731
0.0026510
0.0027824
0.0019292
0.0010696
0.0020927
0.0036972
0.0018936
-0.0021380
-0.0037269
-0.0009489
0.0027892
0.0040371
0.0027882
0.0012194
0.0009859
0.0001795
-0.0015380
-0.0035231
-0.0043098
-0.0029976
-0.0036192
-0.0047210
-0.0028182
-0.0016539
-0.0028156
-0.0032445
-0.0026105
-0.0019566
-0.0023642
-0.0044413
-0.0041604
-0.0005008
0.0031677
0.0055543
0.0064875
0.0066920
0.0058811
0.0037889
0.0030291
0.0047014
0.0054633
0.0026714
-0.0019357
-0.0037515
-0.0025694
-0.0036032
-0.0050534
-0.0030073
0.0010140
0.0041884
0.0032102
0.0011336
0.0014079
0.0022293
0.0021358
0.0002316
-0.0004871
0.0006946
0.0003035
-0.0005964
-0.0018677
-0.0032870
-0.0037645
-0.0058047
-0.0049093
-0.0021239
-0.0051751
-0.0114560
-0.0177748
-0.0185083
-0.0142752
-0.0106514
-0.0054574
-0.0014384
0.0004812
0.0028536
0.0046700
0.0039528
0.0031318
0.0065919
0.0107950
0.0112979
0.0077747
0.0043141
0.0032679
0.0022366
0.0030893
0.0055200
0.0040609
0.0008848
-0.0002380
0.0008670
0.0047112
0.0059736
0.0057085
0.0113158
0.0175624
0.0178525
0.0135085
0.0016281
-0.0100183
-0.0099236
-0.0038064
0.0035655
0.0046273
0.0011233
0.0002269
-0.0016536
-0.0051402
-0.0123775
-0.0149722
-0.0102935
-0.0085879
-0.0098471
-0.0098770
-0.0075189
-0.0037718
-0.0004537
0.0011873
0.0048138
0.0074994
0.0081781
0.0046412
-0.0042326
-0.0070491
-0.0072214
-0.0116370
-0.0188386
-0.0216686
-0.0142910
-0.0047793
-0.0000577
0.0023464
0.0058871
0.0101759
0.0138235
0.0153242
0.0156106
0.0116813
0.0020015
-0.0052759
-0.0073629
-0.0034043
0.0019825
-0.0000299
-0.0035596
-0.0038715
-0.0061274
-0.0129406
-0.0151751
-0.0084071
-0.0037311
-0.0030110
-0.0056015
-0.0066659
0.0007564
0.0099553
0.0190565
0.0275666
0.0297773
0.0234960
0.0142014
0.0065016
0.0012209
0.0003965
0.0003123
-0.0019874
-0.0099941
-0.0200648
-0.0207121
-0.0131577
-0.0014605
0.0043006
0.0000224
-0.0030519
-0.0056634
-0.0092412
-0.0100726
-0.0052902
0.0057809
0.0146584
0.0173235
0.0153654
0.0096531
0.0051468
0.0024996
-0.0041661
-0.0070041
-0.0002842
0.0039952
0.0065891
0.0106834
0.0111290
0.0054191
-0.0042945
-0.0027000
0.0039991
0.0025090
0.0065269
0.0089441
-0.0005148
-0.0092979
-0.0102140
0.0024618
0.0135188
0.0080003
0.0052870
0.0063223
0.0009577
-0.0037932
-0.0053216
0.0004953
0.0102671
0.0114544
0.0026031
-0.0113877
-0.0247200
-0.0337256
-0.0376155
-0.0309575
-0.0192790
-0.0162239
-0.0151620
-0.0114657
-0.0078940
-0.0028340
-0.0021998
-0.0037156
0.0001195
0.0073888
0.0170045
0.0258635
0.0266550
0.0240803
0.0201697
0.0110969
0.0055146
-0.0011049
-0.0126591
-0.0146114
-0.0049549
0.0088811
0.0214106
0.0268363
0.0211061
0.0092064
0.0072179
0.0191858
0.0254592
0.0169082
0.0075781
0.0082716
0.0171497
0.0214945
0.0201223
0.0227582
0.0278699
0.0317341
0.0250647
0.0075062
-0.0109169
-0.0305307
-0.0422012
-0.0344161
-0.0177134
-0.0101635
-0.0170296
-0.0261218
-0.0234297
-0.0195938
-0.0176706
-0.0109348
-0.0105044
0.0002069
0.0198615
0.0181423
0.0065925
-0.0059205
-0.0103775
-0.0013397
-0.0064360
-0.0212428
-0.0263678
-0.0243524
-0.0208144
-0.0196498
-0.0198110
-0.0196610
-0.0214993
-0.0225364
-0.0073015
0.0196204
0.0336013
0.0290267
0.0232272
0.0268279
0.0287289
0.0185896
0.0053368
0.0132392
0.0370456
0.0516310
0.0607456
0.0614995
0.0476619
0.0320235
0.0194312
0.0166068
0.0211132
0.0174385
0.0098154
0.0001429
-0.0168767
-0.0195035
0.0067741
0.0324644
0.0285425
0.0050055
-0.0115954
-0.0072107
0.0105815
0.0187002
0.0136905
0.0069155
0.0011644
-0.0055766
-0.0102662
0.0040187
0.0155021
0.0009630
-0.0082613
-0.0008438
0.0079571
0.0088467
-0.0058063
-0.0363982
-0.0662453
-0.0765892
-0.0755203
-0.0746309
-0.0711859
-0.0625556
-0.0512700
-0.0458130
-0.0413559
-0.0387929
-0.0364929
-0.0144101
0.0113188
0.0150588
0.0046219
-0.0060447
-0.0156645
-0.0194944
-0.0118808
-0.0057805
-0.0104118
-0.0275433
-0.0536725
-0.0716641
-0.0769023
-0.0752208
-0.0745939
-0.0873527
-0.0964727
-0.0862951
-0.0771058
-0.0774907
-0.0722449
-0.0530302
-0.0306849
-0.0179635
-0.0244127
-0.0433480
-0.0520061
-0.0532673
-0.0592907
-0.0575400
-0.0378896
-0.0101664
0.0179436
0.0340008
0.0373388
0.0498302
0.0747133
0.1093400
0.1381920
0.1425998
0.1350295
0.1255832
0.1200169
0.1121191
0.0886544
0.0609602
0.0427505
0.0232862
-0.0108878
-0.0364734
-0.0333398
-0.0144516
-0.0021872
-0.0018489
0.0166317
0.0616381
0.1056075
0.1255717
0.1147655
0.0977873
0.0929097
0.0888974
0.0846439
0.0841783
0.0849016
0.0845728
0.0783355
0.0719989
0.0759795
0.0845079
0.0831374
0.0711717
0.0561878
0.0351251
0.0136694
-0.0050986
-0.0267228
-0.0330116
-0.0133276
0.0202459
0.0539242
0.0769395
0.0915371
0.1030843
0.1102305
0.1134614
0.1149710
0.1141658
0.1165560
0.1247375
0.1274133
0.1125935
0.0755531
0.0192594
-0.0528606
-0.1342565
-0.2119425
-0.2784486
-0.3258403
-0.3455978
-0.3425546
-0.3223188
-0.2779819
-0.2024532
-0.1169756
-0.0523463
0.0015981
0.0621903
0.1070966
0.1211869
0.1117605
0.0734476
0.0158752
-0.0435588
-0.1026545
-0.1568215
-0.2020341
-0.2291047
-0.2344325
-0.2288894
-0.2291813
-0.2476614
-0.2667297
-0.2541220
-0.1997915
-0.1309514
-0.0852559
-0.0527347
0.0061541
0.0715131
0.0873237
0.0719324
0.0523828
0.0268045
0.0213528
0.0312324
0.0430091
0.0550922
0.0686219
0.0923549
0.1060523
0.0937552
0.0661335
0.0388696
0.0085296
-0.0297767
-0.0728729
-0.1129620
-0.1290108
-0.1185435
-0.0953687
-0.0627305
-0.0229462
0.0108052
0.0356583
0.0488303
0.0453132
0.0363029
0.0162797
-0.0161406
-0.0434319
-0.0661943
-0.0937773
-0.1113708
-0.0972894
-0.0595431
-0.0062071
0.0317240
0.0343874
0.0365296
0.0481499
0.0581370
0.0568615
0.0512549
0.0427424
0.0230710
0.0056319
-0.0099690
-0.0226427
-0.0195826
0.0027348
0.0398892
0.0865217
0.1384920
0.1983017
0.2622545
0.3168683
0.3598758
0.3827473
0.3837631
0.3623280
0.3083283
0.2316133
0.1542465
0.1150432
0.1116056
0.0943534
0.0896206
0.1148685
0.1065672
0.0707764
0.0559374
0.0480439
0.0379561
0.0326347
0.0144662
-0.0165755
-0.0554631
-0.0963104
-0.1248861
-0.1368307
-0.1150720
-0.0588577
0.0153171
0.0868718
0.1280237
0.1346341
0.1288889
0.1095134
0.0563869
-0.0081841
-0.0702325
-0.1320889
-0.1869397
-0.2353096
-0.2629322
-0.2632660
-0.2305223
-0.1667255
-0.1013907
-0.0604493
-0.0414991
-0.0304839
-0.0499596
-0.0994685
-0.1325509
-0.1351419
-0.1379140
-0.1508912
-0.1550976
-0.1538622
-0.1414977
-0.1179844
-0.0940240
-0.0770458
-0.0797364
-0.0889477
-0.1045151
-0.1274957
-0.1502843
-0.1722050
-0.1831639
-0.1799617
-0.1669654
-0.1622619
-0.1681879
-0.1596841
-0.1282234
-0.0837409
-0.0458802
-0.0295914
-0.0220283
-0.0107650
-0.0057167
-0.0183320
-0.0422989
-0.0629779
-0.0724306
-0.0739837
-0.0766914
-0.0771646
-0.0743866
-0.0729484
-0.0722040
-0.0671713
-0.0490825
-0.0260971
-0.0142639
-0.0130199
-0.0127180
-0.0063023
0.0072901
0.0262379
0.0539523
0.0995475
0.1636968
0.2257870
0.2688451
0.2940358
0.2923553
0.2539443
0.1935809
0.1466111
0.1397928
0.1574443
0.1749476
0.1951458
0.2069139
0.1889858
0.1555066
0.1316314
0.1271828
0.1313498
0.1233334
0.0957489
0.0519928
0.0021079
-0.0349616
-0.0438459
-0.0437823
-0.0548630
-0.0642076
-0.0608182
-0.0393966
-0.0058405
0.0234464
0.0382340
0.0402193
0.0498899
0.0744620
0.0942591
0.0916105
0.0569927
-0.0090163
-0.0849216
-0.1366497
-0.1541338
-0.1625798
-0.1730474
-0.1688035
-0.1354560
-0.0813359
-0.0427944
-0.0335499
-0.0447373
-0.0712482
-0.0863870
-0.0735482
-0.0471899
-0.0261821
-0.0062205
0.0231807
0.0541892
0.0765422
0.0809121
0.0711178
0.0555084
0.0496680
0.0628035
0.0804417
0.0936700
0.0969076
0.0814036
0.0443621
0.0027463
-0.0246748
-0.0349861
-0.0311500
-0.0132421
0.0189558
0.0574727
0.0971793
0.1188976
0.1045127
0.0694018
0.0259954
-0.0216694
-0.0562937
-0.0683884
-0.0708473
-0.0725426
-0.0759505
-0.0886711
-0.1077651
-0.1329147
-0.1693049
-0.2012625
-0.1955938
-0.1347382
-0.0646580
-0.0341361
-0.0061850
0.0330974
0.0514067
0.0582071
0.0601351
0.0625866
0.0645318
0.0445915
0.0009866
-0.0469275
-0.0638134
-0.0520681
-0.0459370
-0.0390468
-0.0266142
-0.0544180
-0.1035270
-0.1004814
-0.0721253
-0.0616035
-0.0316231
0.0195303
0.0684926
0.1312335
0.1887387
0.2382039
0.2719259
0.2656589
0.2179725
0.1240469
0.0365748
-0.0067721
-0.0202887
-0.0326202
-0.0407136
-0.0183391
0.0229436
0.0605789
0.0750010
0.0755161
0.0763089
0.0715409
0.0670272
0.0840676
0.1168820
0.1385483
0.1417818
0.1390603
0.1310853
0.1153044
0.1016722
0.0726940
0.0206203
-0.0384808
-0.0735005
-0.0748761
-0.0654052
-0.0520440
-0.0419479
-0.0354966
-0.0485029
-0.0713337
-0.0760230
-0.0784082
-0.0811535
-0.0808675
-0.0769788
-0.0679121
-0.0635858
-0.0647947
-0.0632758
-0.0523045
-0.0424080
-0.0409296
-0.0356967
-0.0219688
-0.0054593
0.0029689
-0.0103952
-0.0331513
-0.0330511
-0.0183147
-0.0205616
-0.0320618
-0.0321209
-0.0291679
-0.0360101
-0.0505594
-0.0639485
-0.0736792
-0.0818059
-0.0839531
-0.0833092
-0.0814138
-0.0830262
-0.0982945
-0.1175961
-0.1285297
-0.1267719
-0.1117762
-0.0859687
-0.0557193
-0.0234018
0.0074699
0.0254936
0.0296458
0.0209044
0.0030582
-0.0115044
-0.0181652
-0.0258843
-0.0351733
-0.0388065
-0.0382335
-0.0273947
-0.0134989
-0.0046535
0.0091456
0.0207594
0.0253125
0.0287354
0.0275531
0.0138110
-0.0055487
-0.0153495
-0.0189695
-0.0146899
0.0067370
0.0267773
0.0250611
0.0168822
0.0226985
0.0329665
0.0326969
0.0288958
0.0259083
0.0200890
0.0156394
0.0195416
0.0358515
0.0554824
0.0734274
0.0907785
0.1067750
0.1222759
0.1330050
0.1464320
0.1640682
0.1789387
0.1879381
0.1840887
0.1738769
0.1665594
0.1619874
0.1522842
0.1328917
0.1114131
0.0978278
0.0969037
0.0984971
0.0954152
0.0937130
0.0969112
0.1065909
0.1135355
0.1070012
0.0938237
0.0853349
0.0816674
0.0773780
0.0730878
0.0574885
0.0240734
-0.0175500
-0.0584280
-0.0929174
-0.1271127
-0.1544546
-0.1629657
-0.1563837
-0.1416574
-0.1249662
-0.1113339
-0.1019595
-0.0919500
-0.0783647
-0.0653881
-0.0560930
-0.0455211
-0.0317651
-0.0148500
0.0097847
0.0416013
0.0779400
0.1192871
0.1650190
0.2046178
0.2256700
0.2270196
0.2063908
0.1641722
0.1144920
0.0720097
0.0383687
0.0107419
-0.0012337
-0.0023433
-0.0129782
-0.0338497
-0.0612979
-0.0885438
-0.1056376
-0.1102038
-0.0958587
-0.0698647
-0.0502052
-0.0328859
-0.0067345
0.0245127
0.0630715
0.1045856
0.1314569
0.1406299
0.1286825
0.0928912
0.0424788
-0.0094230
-0.0505970
-0.0684871
-0.0616954
-0.0431922
-0.0153021
0.0097567
0.0087637
-0.0136586
-0.0450880
-0.0857579
-0.1291290
-0.1599615
-0.1673585
-0.1530082
-0.1294492
-0.1090988
-0.0953697
-0.0900264
-0.0988286
-0.1139770
-0.1215482
-0.1130029
-0.0902705
-0.0758236
-0.0687937
-0.0468839
-0.0143185
0.0173670
0.0404442
0.0587868
0.0807949
0.0997813
0.1129668
0.1172727
0.1064614
0.0858379
0.0717418
0.0676858
0.0611475
0.0469206
0.0270711
0.0096409
-0.0018739
-0.0210271
-0.0545368
-0.0921893
-0.1196081
-0.1368929
-0.1531267
-0.1523073
-0.1243891
-0.0808343
-0.0417387
-0.0228327
-0.0142142
-0.0076967
0.0010409
0.0120770
0.0218981
0.0324259
0.0374077
0.0337551
0.0298851
0.0358218
0.0478252
0.0581626
0.0735342
0.0921708
0.1078984
0.1243813
0.1436844
0.1716617
0.1977743
0.2084297
0.2147501
0.2142733
0.2049487
0.1919379
0.1645060
0.1296042
0.1034939
0.0898741
0.0844722
0.0803056
0.0741389
0.0687168
0.0720850
0.0835065
0.0971238
0.1043413
0.0940457
0.0706088
0.0444482
0.0155978
-0.0171404
-0.0409608
-0.0413007
-0.0238818
0.0001004
0.0251391
0.0496464
0.0681085
0.0720152
0.0664743
0.0646782
0.0660627
0.0613216
0.0563713
0.0555166
0.0534595
0.0410853
0.0075868
-0.0490619
-0.1185737
-0.1808201
-0.2197686
-0.2268086
-0.2171373
-0.2035730
-0.1626738
-0.1022874
-0.0673629
-0.0667343
-0.0776913
-0.0810837
-0.0729768
-0.0614066
-0.0587790
-0.0590462
-0.0488569
-0.0427028
-0.0455603
-0.0532994
-0.0603370
-0.0607682
-0.0664395
-0.0769909
-0.0881171
-0.0921465
-0.0790705
-0.0542676
-0.0231853
0.0151198
0.0528315
0.0832953
0.1135725
0.1403778
0.1521628
0.1463626
0.1369023
0.1338004
0.1323569
0.1261143
0.1153710
0.1132299
0.1205776
0.1253020
0.1232858
0.1125703
0.0926356
0.0747306
0.0627965
0.0404042
0.0008057
-0.0456090
-0.0880499
-0.1199823
-0.1388911
-0.1509722
-0.1617591
-0.1596205
-0.1317658
-0.0845348
-0.0411731
-0.0162401
-0.0028999
0.0152216
0.0374905
0.0431191
0.0377414
0.0373186
0.0395479
0.0500983
0.0681786
0.0787492
0.0764843
0.0603220
0.0297843
-0.0018872
-0.0247047
-0.0480052
-0.0727308
-0.0873576
-0.0924567
-0.0891733
-0.0800784
-0.0741669
-0.0618281
-0.0448266
-0.0361553
-0.0290261
-0.0326722
-0.0468712
-0.0452008
-0.0387046
-0.0490812
-0.0713288
-0.0969927
-0.1149854
-0.1223508
-0.1250769
-0.1238981
-0.1093033
-0.0843033
-0.0603889
-0.0384082
-0.0231363
-0.0113829
-0.0097080
-0.0241085
-0.0455026
-0.0674129
-0.0827512
-0.0995037
-0.1161367
-0.1282193
-0.1346733
-0.1225359
-0.0989504
-0.0642245
-0.0195017
0.0100230
0.0260142
0.0524243
0.0864255
0.0999954
0.0917144
0.0732004
0.0470843
0.0239036
0.0031525
-0.0102710
-0.0175381
-0.0295244
-0.0435312
-0.0507691
-0.0361925
-0.0141935
-0.0021655
0.0016768
-0.0040058
-0.0055509
-0.0004113
0.0003312
-0.0062464
-0.0144776
-0.0172546
-0.0161703
-0.0063362
0.0129382
0.0292130
0.0353552
0.0403668
0.0569928
0.0856985
0.1147886
0.1276066
0.1199870
0.0970296
0.0624411
0.0204537
-0.0223789
-0.0588537
-0.0949713
-0.1444156
-0.2002192
-0.2475834
-0.2785454
-0.2523042
-0.1475634
-0.0508516
-0.0252820
-0.0293042
-0.0240046
0.0283935
0.0879827
0.0798903
0.0617284
0.0463839
0.0177943
0.0111986
0.0030050
-0.0251348
-0.0458133
-0.0289714
-0.0057394
-0.0017149
-0.0043018
-0.0077567
0.0008613
0.0019898
-0.0151117
-0.0427271
-0.0683143
-0.0767013
-0.0768510
-0.0821111
-0.0951080
-0.1027284
-0.1016472
-0.0937577
-0.0831657
-0.0786789
-0.0780255
-0.0792080
-0.0824833
-0.0885224
-0.0930092
-0.0914567
-0.0863633
-0.0751438
-0.0487729
-0.0232803
-0.0219045
-0.0261645
-0.0271735
-0.0311626
-0.0342115
-0.0394082
-0.0419299
-0.0512364
-0.0566693
-0.0341001
-0.0085727
0.0071511
0.0148769
0.0243345
0.0550229
0.0802700
0.0949570
0.1134509
0.1157517
0.1078941
0.1071663
0.1113562
0.1085698
0.1015841
0.1004765
0.0977444
0.0971608
0.0954092
0.0831319
0.0628441
0.0320744
0.0052247
-0.0065375
-0.0077135
0.0068106
0.0264650
0.0412146
0.0505806
0.0500237
0.0464724
0.0481364
0.0569407
0.0657498
0.0718640
0.0790805
0.0818264
0.0758320
0.0646029
0.0499048
0.0273978
0.0002536
-0.0210255
-0.0324639
-0.0282513
-0.0085761
0.0136761
0.0305995
0.0363444
0.0345406
0.0356775
0.0339449
0.0223708
0.0119936
0.0093014
0.0076942
0.0052345
0.0004973
-0.0048294
-0.0093642
-0.0148867
-0.0235434
-0.0392118
-0.0553322
-0.0655904
-0.0667635
-0.0602604
-0.0527341
-0.0427404
-0.0326738
-0.0231686
-0.0123007
-0.0044614
-0.0028601
-0.0064593
-0.0089343
-0.0100115
-0.0063374
0.0110796
0.0349817
0.0535722
0.0649776
0.0679958
0.0580485
0.0331817
0.0046271
-0.0127836
-0.0171062
-0.0117418
-0.0041722
0.0050932
0.0214970
0.0385816
0.0547993
0.0667958
0.0632637
0.0458342
0.0218951
-0.0023097
-0.0181618
-0.0206522
-0.0167421
-0.0093933
-0.0028264
-0.0165808
-0.0419384
-0.0567015
-0.0686859
-0.0810811
-0.0803534
-0.0663173
-0.0514180
-0.0415400
-0.0313933
-0.0199163
-0.0137744
-0.0093444
-0.0063822
-0.0050078
-0.0001334
0.0014738
0.0038486
0.0136799
0.0256740
0.0368520
0.0411985
0.0359006
0.0248014
0.0066586
-0.0157108
-0.0306976
-0.0330642
-0.0258635
-0.0061503
0.0227267
0.0459516
0.0611760
0.0699594
0.0742269
0.0754010
0.0721215
0.0618298
0.0425612
0.0268586
0.0216614
0.0256154
0.0354515
0.0390507
0.0300645
0.0161565
0.0052739
-0.0059138
-0.0179603
-0.0297526
-0.0400791
-0.0527766
-0.0705235
-0.0771636
-0.0678763
-0.0499249
-0.0240572
0.0003156
0.0120689
0.0174907
0.0176491
0.0106466
0.0057805
-0.0005633
-0.0132952
-0.0276239
-0.0369479
-0.0349821
-0.0256161
-0.0199127
-0.0203882
-0.0259548
-0.0380694
-0.0504055
-0.0586284
-0.0680461
-0.0800351
-0.0877748
-0.0916062
-0.0963663
-0.0997884
-0.0967469
-0.0850961
-0.0663540
-0.0470772
-0.0353740
-0.0281249
-0.0252339
-0.0262213
-0.0246289
-0.0250774
-0.0297491
-0.0368677
-0.0444364
-0.0462488
-0.0425076
-0.0414007
-0.0407390
-0.0363666
-0.0352850
-0.0371648
-0.0374515
-0.0318110
-0.0212937
-0.0124119
-0.0091522
-0.0093305
-0.0040678
0.0056662
0.0181986
0.0297119
0.0336069
0.0333401
0.0264682
0.0129617
0.0015119
-0.0053329
-0.0106669
-0.0153202
-0.0158239
-0.0106542
-0.0042908
-0.0037807
-0.0066482
-0.0125370
-0.0202005
-0.0235055
-0.0283038
-0.0273445
-0.0160487
-0.0018448
0.0138529
0.0259120
0.0362896
0.0435277
0.0487693
0.0540601
0.0551846
0.0512063
0.0413750
0.0326686
0.0225040
0.0114478
0.0055654
0.0028188
0.0067299
0.0198088
0.0404262
0.0582082
0.0663233
0.0698876
0.0664506
0.0515170
0.0346317
0.0229498
0.0162365
0.0169559
0.0195335
0.0208587
0.0254395
0.0310257
0.0307807
0.0283578
0.0353255
0.0473444
0.0590780
0.0686551
0.0688398
0.0665240
0.0644067
0.0600471
0.0593089
0.0634186
0.0749910
0.0899800
0.0994985
0.1015756
0.0990628
0.0914149
0.0729526
0.0502357
0.0314212
0.0167402
0.0069441
0.0008037
-0.0048470
-0.0113727
-0.0186519
-0.0238730
-0.0227153
-0.0174055
-0.0118261
-0.0063410
0.0013389
0.0135323
0.0296251
0.0476258
0.0597073
0.0583130
0.0485825
0.0419596
0.0349973
0.0188720
-0.0034556
-0.0288473
-0.0524310
-0.0697241
-0.0804735
-0.0832595
-0.0799974
-0.0724166
-0.0618655
-0.0532111
-0.0428914
-0.0268280
-0.0128688
-0.0041534
0.0028079
0.0064414
0.0046861
-0.0009206
-0.0082957
-0.0138387
-0.0196152
-0.0306151
-0.0391137
-0.0395992
-0.0376961
-0.0362994
-0.0343628
-0.0292134
-0.0254899
-0.0248926
-0.0202167
-0.0120905
-0.0018070
0.0075796
0.0142302
0.0203245
0.0235185
0.0249210
0.0248949
0.0197913
0.0080042
-0.0073832
-0.0235123
-0.0402693
-0.0539878
-0.0626254
-0.0662836
-0.0634424
-0.0558112
-0.0515827
-0.0541556
-0.0540559
-0.0505967
-0.0470928
-0.0364819
-0.0198358
-0.0033223
0.0124612
0.0295942
0.0472401
0.0593709
0.0595363
0.0468511
0.0277939
0.0139499
0.0133999
0.0174698
0.0177102
0.0162385
0.0119560
0.0028801
-0.0088241
-0.0197641
-0.0299184
-0.0424055
-0.0535469
-0.0516375
-0.0354412
-0.0123281
0.0060209
0.0079095
0.0027000
0.0009171
-0.0043933
-0.0140518
-0.0228856
-0.0308744
-0.0337363
-0.0307603
-0.0301267
-0.0325342
-0.0314248
-0.0274592
-0.0217236
-0.0120960
-0.0000171
0.0155236
0.0323465
0.0426057
0.0451690
0.0464825
0.0484984
0.0484536
0.0412640
0.0247329
0.0088716
-0.0020358
-0.0132911
-0.0259562
-0.0388977
-0.0500814
-0.0588463
-0.0676845
-0.0738401
-0.0708257
-0.0616284
-0.0480812
-0.0272856
-0.0081708
0.0034333
0.0129555
0.0212731
0.0275479
0.0283509
0.0205401
0.0113148
0.0081863
0.0119934
0.0193718
0.0276213
0.0322914
0.0326269
0.0388621
0.0475003
0.0459555
0.0390787
0.0347011
0.0366688
0.0451802
0.0517794
0.0568082
0.0616066
0.0580207
0.0505295
0.0477142
0.0470248
0.0474911
0.0490336
0.0487868
0.0479517
0.0466851
0.0412282
0.0315663
0.0250820
0.0281515
0.0365084
0.0434131
0.0447860
0.0398865
0.0346784
0.0351074
0.0385501
0.0420056
0.0487647
0.0547268
0.0516602
0.0376450
0.0189932
0.0047955
-0.0049080
-0.0082941
-0.0039271
-0.0016843
-0.0061260
-0.0115631
-0.0145517
-0.0188994
-0.0282401
-0.0387730
-0.0443836
-0.0455010
-0.0473925
-0.0489716
-0.0461818
-0.0397827
-0.0308015
-0.0234628
-0.0217607
-0.0236612
-0.0270429
-0.0299527
-0.0321687
-0.0378652
-0.0477586
-0.0529643
-0.0494321
-0.0431064
-0.0403171
-0.0386611
-0.0297354
-0.0160993
-0.0020258
0.0104306
0.0185080
0.0234013
0.0219410
0.0133443
0.0011019
-0.0103168
-0.0175906
-0.0229871
-0.0248794
-0.0216441
-0.0145655
-0.0029055
0.0087847
0.0120018
0.0063127
-0.0032583
-0.0110525
-0.0107218
-0.0039165
0.0038969
0.0108308
0.0126496
0.0050082
-0.0070189
-0.0156622
-0.0203329
-0.0206649
-0.0166939
-0.0129319
-0.0093657
-0.0040519
-0.0014432
-0.0014669
0.0019118
0.0112009
0.0244218
0.0325797
0.0327118
0.0286792
0.0196965
0.0085548
-0.0016674
-0.0115144
-0.0229745
-0.0350217
-0.0437102
-0.0471527
-0.0428097
-0.0305443
-0.0161753
-0.0089682
-0.0086605
-0.0080921
-0.0049328
0.0002932
0.0015463
-0.0017218
-0.0020166
0.0013248
0.0007688
-0.0060843
-0.0100431
-0.0062691
0.0022375
0.0089456
0.0107857
0.0098167
0.0080983
0.0097447
0.0111108
0.0098499
0.0075187
0.0007951
-0.0087591
-0.0174961
-0.0223424
-0.0237909
-0.0238478
-0.0216838
-0.0180525
-0.0146451
-0.0102996
-0.0027355
0.0087217
0.0251679
0.0399427
0.0435160
0.0335512
0.0177855
0.0070973
0.0009560
-0.0063776
-0.0172170
-0.0292916
-0.0359412
-0.0320702
-0.0250689
-0.0236841
-0.0212041
-0.0113816
-0.0007857
0.0067825
0.0126352
0.0162749
0.0172279
0.0146805
0.0123380
0.0123170
0.0156629
0.0248627
0.0350830
0.0438721
0.0480350
0.0440553
0.0365238
0.0259035
0.0158178
0.0093903
0.0057947
0.0079208
0.0159397
0.0309474
0.0447914
0.0502827
0.0504463
0.0462384
0.0400001
0.0324777
0.0242890
0.0144104
0.0046614
0.0017048
0.0026080
0.0028021
0.0041872
0.0063025
0.0078332
0.0074553
0.0053998
0.0093484
0.0166481
0.0160279
0.0091801
0.0007848
-0.0075797
-0.0151466
-0.0241954
-0.0329112
-0.0347323
-0.0296777
-0.0264610
-0.0309496
-0.0375751
-0.0392906
-0.0362743
-0.0278233
-0.0198920
-0.0192571
-0.0220152
-0.0228294
-0.0175476
-0.0114437
-0.0096361
-0.0092069
-0.0088684
-0.0067369
-0.0009922
0.0029121
-0.0016036
-0.0074732
-0.0065577
-0.0031375
-0.0021915
-0.0016554
-0.0001099
0.0018145
0.0051678
0.0056245
0.0006742
-0.0035533
-0.0053351
-0.0055312
-0.0049239
-0.0057868
-0.0054261
-0.0037304
-0.0036634
-0.0056557
-0.0077089
-0.0071804
-0.0033731
0.0009312
0.0025842
0.0036306
0.0037106
0.0027563
0.0019836
-0.0002736
-0.0046601
-0.0120290
-0.0201861
-0.0269099
-0.0335478
-0.0391815
-0.0414664
-0.0410056
-0.0375726
-0.0307232
-0.0258769
-0.0242734
-0.0226734
-0.0240160
-0.0274569
-0.0276518
-0.0253983
-0.0201101
-0.0112826
-0.0081155
-0.0121644
-0.0160779
-0.0195722
-0.0212419
-0.0195896
-0.0178300
-0.0171624
-0.0141944
-0.0084046
-0.0053216
-0.0039417
-0.0000412
0.0022044
0.0010107
0.0019948
0.0065965
0.0138977
0.0213945
0.0234641
0.0193202
0.0108552
0.0013582
-0.0016230
0.0028426
0.0084854
0.0134587
0.0182254
0.0249367
0.0333955
0.0388248
0.0410149
0.0401674
0.0353058
0.0273921
0.0184706
0.0136930
0.0133781
0.0143283
0.0169059
0.0190331
0.0184164
0.0153604
0.0116789
0.0115924
0.0125310
0.0071393
-0.0008737
-0.0045660
-0.0027005
0.0056482
0.0155135
0.0184197
0.0164921
0.0154199
0.0136594
0.0093249
0.0040781
0.0018997
0.0029655
0.0039704
0.0069072
0.0117464
0.0138625
0.0152401
0.0180335
0.0204605
0.0199790
0.0124114
0.0020087
-0.0038829
-0.0056693
-0.0080828
-0.0137992
-0.0201284
-0.0264653
-0.0339595
-0.0379301
-0.0361267
-0.0340763
-0.0320118
-0.0259301
-0.0173361
-0.0108682
-0.0077454
-0.0031285
0.0058473
0.0157820
0.0242997
0.0311817
0.0345355
0.0365519
0.0375375
0.0309968
0.0152458
-0.0031073
-0.0145368
-0.0172537
-0.0131848
-0.0055036
-0.0035676
-0.0069469
-0.0069944
-0.0034871
-0.0008974
-0.0012380
-0.0030487
-0.0034737
-0.0016415
0.0027257
0.0094440
0.0148662
0.0148417
0.0122157
0.0146702
0.0188483
0.0159394
0.0077951
-0.0020583
-0.0120677
-0.0181843
-0.0199333
-0.0184472
-0.0137814
-0.0103136
-0.0097294
-0.0050128
0.0068268
0.0189597
0.0272250
0.0303196
0.0269666
0.0215481
0.0163145
0.0106985
0.0069254
0.0053308
0.0047217
0.0057294
0.0077130
0.0091536
0.0090657
0.0046694
-0.0027515
-0.0069326
-0.0044450
0.0009851
0.0042787
0.0057440
0.0055889
0.0040860
0.0018338
-0.0006408
-0.0002801
0.0043463
0.0115127
0.0150218
0.0130468
0.0110083
0.0107487
0.0123845
0.0136475
0.0133482
0.0152320
0.0190952
0.0209814
0.0191015
0.0176781
0.0195007
0.0189768
0.0125623
0.0027337
-0.0050625
-0.0068657
-0.0040139
-0.0000177
0.0016113
0.0007134
-0.0006114
-0.0020698
-0.0039764
-0.0049247
-0.0046296
-0.0053690
-0.0069578
-0.0091833
-0.0114945
-0.0115165
-0.0094127
-0.0056234
-0.0011872
0.0015022
0.0002343
-0.0064828
-0.0149734
-0.0223195
-0.0298234
-0.0327577
-0.0284652
-0.0232362
-0.0204267
-0.0182820
-0.0166273
-0.0174280
-0.0192740
-0.0195136
-0.0194913
-0.0205670
-0.0183847
-0.0104152
-0.0046753
-0.0069349
-0.0119842
-0.0147747
-0.0153755
-0.0132104
-0.0089429
-0.0042124
0.0020399
0.0087622
0.0142219
0.0159524
0.0111215
0.0034097
-0.0015902
-0.0013692
0.0039561
0.0121689
0.0205532
0.0274937
0.0308798
0.0262217
0.0145945
0.0037787
-0.0023295
-0.0059266
-0.0074377
-0.0046753
0.0006213
0.0052753
0.0089844
0.0123162
0.0144136
0.0145626
0.0139476
0.0165965
0.0235941
0.0294777
0.0328791
0.0349752
0.0335412
0.0265685
0.0144883
0.0024611
-0.0059163
-0.0125586
-0.0160791
-0.0127371
-0.0059492
-0.0012228
0.0014537
0.0032395
0.0063382
0.0110471
0.0114742
0.0054788
-0.0036556
-0.0131147
-0.0189201
-0.0180820
-0.0131085
-0.0092119
-0.0088459
-0.0093851
-0.0063462
-0.0011523
0.0019364
0.0032633
0.0016895
-0.0050583
-0.0142277
-0.0229784
-0.0311468
-0.0392611
-0.0457545
-0.0486977
-0.0483497
-0.0452177
-0.0414462
-0.0388971
-0.0376359
-0.0361975
-0.0327868
-0.0292406
-0.0265126
-0.0234983
-0.0189938
-0.0116443
-0.0062264
-0.0073036
-0.0098872
-0.0079567
-0.0029546
0.0025897
0.0085578
0.0120235
0.0138617
0.0163873
0.0179481
0.0176946
0.0141915
0.0091583
0.0072479
0.0098559
0.0137774
0.0158476
0.0159525
0.0142607
0.0115227
0.0104131
0.0122985
0.0147217
0.0166551
0.0176557
0.0163755
0.0124671
0.0063338
0.0011020
-0.0011133
-0.0015101
-0.0006581
0.0009395
0.0008597
-0.0000621
-0.0000516
0.0017790
0.0062623
0.0100109
0.0107471
0.0076880
0.0043925
0.0048531
0.0061092
0.0059235
0.0033608
0.0000930
-0.0009964
0.0016392
0.0069023
0.0107850
0.0108068
0.0057057
-0.0010316
-0.0061027
-0.0084786
-0.0056324
-0.0004027
0.0019850
-0.0002924
-0.0057369
-0.0114135
-0.0153726
-0.0154627
-0.0129885
-0.0109387
-0.0078247
-0.0042238
-0.0010775
0.0012601
0.0006203
-0.0004080
-0.0014350
-0.0030885
-0.0026014
-0.0023621
-0.0030622
-0.0007720
0.0059204
0.0158623
0.0237364
0.0278927
0.0290209
0.0244991
0.0179697
0.0135619
0.0120228
0.0114453
0.0108151
0.0121243
0.0133147
0.0135628
0.0115064
0.0064532
0.0016197
0.0026180
0.0126804
0.0243105
0.0300963
0.0295001
0.0223267
0.0086248
-0.0044759
-0.0130214
-0.0216957
-0.0292667
-0.0335468
-0.0340175
-0.0279287
-0.0178663
-0.0090973
-0.0028702
0.0011707
0.0028161
0.0013520
-0.0018832
-0.0016403
0.0039078
0.0109086
0.0164333
0.0208256
0.0239172
0.0247713
0.0239234
0.0204726
0.0151294
0.0118388
0.0116701
0.0104936
0.0044384
-0.0026726
-0.0066352
-0.0094863
-0.0097725
-0.0060244
-0.0014720
0.0025672
0.0051023
0.0052681
0.0036319
0.0022507
0.0030647
0.0070498
0.0101713
0.0093262
0.0087185
0.0096663
0.0115343
0.0097608
0.0064403
0.0092407
0.0152079
0.0211912
0.0231927
0.0204226
0.0147312
0.0054337
-0.0050025
-0.0131321
-0.0146890
-0.0118615
-0.0098469
-0.0096592
-0.0097316
-0.0079557
-0.0062905
-0.0060138
-0.0075134
-0.0100391
-0.0099041
-0.0066407
-0.0019926
0.0035435
0.0073331
0.0075646
0.0052116
0.0003713
-0.0032523
-0.0043919
-0.0033274
0.0014815
0.0050215
0.0035239
-0.0017229
-0.0075324
-0.0099330
-0.0077755
-0.0061012
-0.0085691
-0.0122408
-0.0162866
-0.0201041
-0.0203390
-0.0150643
-0.0085524
-0.0048684
-0.0022841
0.0011643
0.0065088
0.0104647
0.0108377
0.0101304
0.0107008
0.0137765
0.0159596
0.0155465
0.0135002
0.0100466
0.0081292
0.0087405
0.0114326
0.0145676
0.0162586
0.0161474
0.0116707
0.0047552
0.0007192
-0.0000936
-0.0007057
-0.0042754
-0.0080419
-0.0061040
-0.0010606
0.0022597
0.0043783
0.0067023
0.0095203
0.0108650
0.0108199
0.0108199
0.0089887
0.0043639
-0.0020756
-0.0081933
-0.0118991
-0.0118357
-0.0093859
-0.0077228
-0.0064446
-0.0062670
-0.0077943
-0.0084521
-0.0064055
-0.0013181
0.0030226
0.0031850
0.0004723
-0.0026573
-0.0039618
-0.0044574
-0.0058747
-0.0052940
-0.0034299
-0.0045481
-0.0071268
-0.0085361
-0.0084975
-0.0097936
-0.0152000
-0.0205483
-0.0234151
-0.0250215
-0.0234456
-0.0188327
-0.0134728
-0.0103195
-0.0116923
-0.0152797
-0.0183697
-0.0199484
-0.0200164
-0.0182704
-0.0139787
-0.0092459
-0.0077738
-0.0098311
-0.0113111
-0.0110826
-0.0112597
-0.0126745
-0.0154680
-0.0175096
-0.0158501
-0.0112958
-0.0068213
-0.0024908
0.0032895
0.0100305
0.0150112
0.0161168
0.0143286
0.0106878
0.0058458
0.0023754
0.0032131
0.0076370
0.0101220
0.0099244
0.0107897
0.0101577
0.0053363
-0.0004186
-0.0033511
-0.0015115
0.0040115
0.0098502
0.0150576
0.0192750
0.0208865
0.0216425
0.0232008
0.0237902
0.0218988
0.0171491
0.0122468
0.0093038
0.0079258
0.0093463
0.0134252
0.0178151
0.0202852
0.0211929
0.0222763
0.0215675
0.0189905
0.0169574
0.0134473
0.0093888
0.0074275
0.0075715
0.0096072
0.0094919
0.0068344
0.0058296
0.0075252
0.0115073
0.0159996
0.0185002
0.0189217
0.0175724
0.0145477
0.0111130
0.0075198
0.0048410
0.0037800
0.0028149
0.0022411
0.0037265
0.0065843
0.0080272
0.0081855
0.0090628
0.0088783
0.0059922
0.0030903
0.0034580
0.0072219
0.0093632
0.0061992
0.0005599
-0.0044665
-0.0091322
-0.0141139
-0.0164578
-0.0146311
-0.0126230
-0.0112738
-0.0087321
-0.0059368
-0.0049736
-0.0061073
-0.0072657
-0.0088616
-0.0107457
-0.0103973
-0.0079170
-0.0044408
-0.0006149
0.0020026
0.0014858
-0.0011964
-0.0037230
-0.0060020
-0.0091914
-0.0146709
-0.0231196
-0.0316930
-0.0352618
-0.0333578
-0.0278764
-0.0193722
-0.0114566
-0.0065122
-0.0040025
-0.0046151
-0.0074757
-0.0105789
-0.0119888
-0.0115444
-0.0114754
-0.0109996
-0.0090341
-0.0070948
-0.0064172
-0.0081858
-0.0102091
-0.0094401
-0.0075679
-0.0050173
-0.0025377
-0.0033416
-0.0070895
-0.0120551
-0.0164721
-0.0200520
-0.0231271
-0.0235509
-0.0224195
-0.0213512
-0.0202005
-0.0188302
-0.0154329
-0.0113147
-0.0068152
-0.0004974
0.0058717
0.0106658
0.0134366
0.0135475
0.0106167
0.0068412
0.0049527
0.0054983
0.0056614
0.0044369
0.0033521
0.0017342
0.0001513
-0.0013298
-0.0026343
-0.0039120
-0.0068332
-0.0099696
-0.0119190
-0.0122604
-0.0108333
-0.0102114
-0.0107509
-0.0088132
-0.0032310
0.0025972
0.0062186
0.0082480
0.0087521
0.0070904
0.0053569
0.0065359
0.0084929
0.0087032
0.0070737
0.0039290
0.0017408
0.0013898
0.0031927
0.0065415
0.0079897
0.0065318
0.0043385
0.0042849
0.0056441
0.0064403
0.0085425
0.0126696
0.0172081
0.0207055
0.0221828
0.0213389
0.0174779
0.0117640
0.0081867
0.0089191
0.0117274
0.0136591
0.0136229
0.0116163
0.0099404
0.0099054
0.0095905
0.0096114
0.0115011
0.0139192
0.0158726
0.0165441
0.0148318
0.0115146
0.0091991
0.0096266
0.0117033
0.0130012
0.0122737
0.0115747
0.0126698
0.0140001
0.0141464
0.0132696
0.0124548
0.0107308
0.0067049
0.0019606
-0.0027390
-0.0065999
-0.0083506
-0.0087141
-0.0085374
-0.0080018
-0.0063571
-0.0041155
-0.0031189
-0.0037520
-0.0051778
-0.0067126
-0.0099138
-0.0143006
-0.0176726
-0.0207121
-0.0233857
-0.0249278
-0.0244279
-0.0217522
-0.0178786
-0.0123946
-0.0062450
-0.0013146
0.0006488
-0.0000226
-0.0019778
-0.0066163
-0.0109040
-0.0113861
-0.0093089
-0.0054152
-0.0008239
0.0027476
0.0030093
0.0005146
-0.0016841
-0.0023469
-0.0017106
-0.0009644
-0.0010559
-0.0020414
-0.0023805
-0.0023354
-0.0039902
-0.0066236
-0.0083897
-0.0083248
-0.0067341
-0.0031244
0.0028939
0.0076515
0.0090051
0.0092552
0.0099186
0.0109869
0.0130012
0.0155382
0.0154418
0.0111194
0.0054600
0.0028493
0.0026151
0.0013086
-0.0007549
-0.0034595
-0.0060165
-0.0068085
-0.0059186
-0.0033351
0.0007043
0.0052881
0.0082122
0.0076933
0.0045047
0.0003510
-0.0028211
-0.0037574
-0.0025664
0.0008245
0.0036891
0.0034788
0.0021541
0.0017190
0.0029636
0.0049056
0.0064595
0.0078545
0.0073672
0.0035118
-0.0027497
-0.0090588
-0.0121847
-0.0114576
-0.0082272
-0.0036311
0.0008381
0.0037144
0.0037408
0.0026269
0.0028426
0.0034876
0.0034824
0.0020994
-0.0014724
-0.0057804
-0.0087465
-0.0098065
-0.0091975
-0.0079289
-0.0070297
-0.0067292
-0.0075083
-0.0085203
-0.0071556
-0.0031559
0.0016913
0.0055161
0.0046929
-0.0013608
-0.0085102
-0.0144477
-0.0180950
-0.0195000
-0.0195813
-0.0173693
-0.0125363
-0.0061685
0.0000665
0.0043193
0.0063418
0.0073539
0.0076698
0.0077779
0.0088815
0.0103635
0.0116503
0.0115953
0.0078286
0.0019326
-0.0016282
-0.0012270
0.0011437
0.0025688
0.0023399
0.0011816
-0.0011980
-0.0037884
-0.0036599
0.0010849
0.0079379
0.0118639
0.0116741
0.0097427
0.0085966
0.0076083
0.0058932
0.0057821
0.0071892
0.0077770
0.0064478
0.0035777
0.0007430
-0.0008782
-0.0015620
-0.0021588
-0.0022992
-0.0014783
0.0003074
0.0029879
0.0053375
0.0051329
0.0030418
0.0018126
0.0013917
0.0010309
0.0002838
-0.0015166
-0.0041017
-0.0056363
-0.0038605
0.0002366
0.0039323
0.0047495
0.0024452
-0.0002305
-0.0024737
-0.0041624
-0.0042877
-0.0030825
-0.0014707
-0.0008617
-0.0012401
-0.0018196
-0.0024311
-0.0032644
-0.0053484
-0.0066853
-0.0047170
-0.0011764
0.0014141
0.0021654
0.0015988
0.0010274
0.0014837
0.0025342
0.0035646
0.0044333
0.0041931
0.0031917
0.0023096
0.0011521
0.0003295
0.0007829
0.0025738
0.0059709
0.0101767
0.0130709
0.0137936
0.0131688
0.0122513
0.0114508
0.0106498
0.0091075
0.0063690
0.0040094
0.0033132
0.0038991
0.0059224
0.0093844
0.0135122
0.0171831
0.0191194
0.0191038
0.0175560
0.0157428
0.0137938
0.0106123
0.0070724
0.0035273
0.0001453
-0.0016847
-0.0012795
0.0004759
0.0019233
0.0021258
0.0017178
0.0019430
0.0025871
0.0042012
0.0059136
0.0055423
0.0045478
0.0040514
0.0040023
0.0040340
0.0034142
0.0028886
0.0019364
-0.0011845
-0.0064781
-0.0115168
-0.0139008
-0.0132481
-0.0099336
-0.0056456
-0.0022289
-0.0006899
-0.0012733
-0.0025608
-0.0030216
-0.0019908
-0.0007436
-0.0006126
-0.0012537
-0.0025546
-0.0039825
-0.0050638
-0.0056909
-0.0051185
-0.0048235
-0.0065959
-0.0090965
-0.0120586
-0.0152910
-0.0172693
-0.0164445
-0.0123582
-0.0085068
-0.0067997
-0.0067148
-0.0081425
-0.0107132
-0.0139182
-0.0151567
-0.0132640
-0.0096698
-0.0061345
-0.0032917
-0.0009965
-0.0003471
-0.0013279
-0.0031071
-0.0047474
-0.0048414
-0.0038533
-0.0037094
-0.0041943
-0.0043321
-0.0045028
-0.0056267
-0.0083097
-0.0110287
-0.0125234
-0.0120901
-0.0100500
-0.0087034
-0.0086916
-0.0091512
-0.0082459
-0.0062751
-0.0049081
-0.0033915
-0.0013472
0.0023469
0.0067654
0.0087233
0.0089133
0.0087971
0.0091859
0.0106443
0.0117880
0.0119895
0.0128550
0.0144372
0.0153187
0.0160833
0.0166503
0.0170063
0.0183490
0.0188646
0.0167767
0.0131089
0.0097151
0.0073646
0.0044542
0.0010888
-0.0008964
-0.0007281
0.0019036
0.0057532
0.0091518
0.0111049
0.0111507
0.0099358
0.0075874
0.0040745
0.0018659
0.0023851
0.0041008
0.0058283
0.0063741
0.0066719
0.0086301
0.0106287
0.0107985
0.0092961
0.0063559
0.0025663
-0.0007581
-0.0037735
-0.0071074
-0.0093498
-0.0095197
-0.0090456
-0.0088961
-0.0077269
-0.0045757
-0.0002209
0.0038616
0.0062366
0.0069910
0.0072368
0.0072745
0.0063636
0.0043646
0.0027136
0.0012234
-0.0012476
-0.0042877
-0.0080466
-0.0115854
-0.0138655
-0.0145795
-0.0130045
-0.0111308
-0.0106536
-0.0112953
-0.0125389
-0.0139092
-0.0150137
-0.0145204
-0.0129482
-0.0128776
-0.0146675
-0.0168212
-0.0181765
-0.0175114
-0.0145988
-0.0106786
-0.0077302
-0.0069314
-0.0073968
-0.0083276
-0.0083666
-0.0069704
-0.0062299
-0.0064671
-0.0067814
-0.0072807
-0.0079813
-0.0087215
-0.0086850
-0.0072224
-0.0057223
-0.0049625
-0.0042181
-0.0039586
-0.0042263
-0.0048510
-0.0054117
-0.0053338
-0.0057617
-0.0071833
-0.0083821
-0.0078861
-0.0061988
-0.0044024
-0.0021814
0.0007294
0.0040852
0.0072965
0.0104065
0.0133989
0.0155089
0.0162786
0.0152495
0.0124675
0.0099537
0.0097158
0.0113990
0.0131082
0.0130373
0.0117618
0.0107890
0.0096742
0.0078939
0.0057149
0.0032862
0.0010923
0.0000723
0.0006794
0.0019535
0.0024957
0.0021873
0.0013408
0.0002298
-0.0006891
-0.0018711
-0.0029867
-0.0026090
-0.0001864
0.0039748
0.0083206
0.0114756
0.0137121
0.0150586
0.0146415
0.0119513
0.0082941
0.0056279
0.0049984
0.0064173
0.0080827
0.0086058
0.0076742
0.0055701
0.0037361
0.0030819
0.0031322
0.0029877
0.0022492
0.0005859
-0.0013780
-0.0029417
-0.0043471
-0.0041669
-0.0022332
-0.0009174
-0.0003136
-0.0001577
-0.0008462
-0.0020246
-0.0032783
-0.0032752
-0.0028084
-0.0035860
-0.0050141
-0.0066908
-0.0084175
-0.0093327
-0.0086492
-0.0070743
-0.0060461
-0.0055544
-0.0054935
-0.0067677
-0.0090283
-0.0105095
-0.0106271
-0.0103596
-0.0100876
-0.0094460
-0.0088431
-0.0089044
-0.0091732
-0.0085479
-0.0072871
-0.0055832
-0.0029941
-0.0002532
0.0013115
0.0009982
0.0001253
-0.0002238
0.0001624
0.0006793
0.0002663
-0.0010577
-0.0037856
-0.0060244
-0.0064604
-0.0062790
-0.0055632
-0.0050827
-0.0048415
-0.0043919
-0.0039633
-0.0038375
-0.0037765
-0.0030875
-0.0016194
0.0007602
0.0037243
0.0065242
0.0082261
0.0088081
0.0088867
0.0086910
0.0080532
0.0066737
0.0052106
0.0037081
0.0021362
0.0010234
0.0004183
0.0004663
0.0007730
0.0009443
0.0005919
-0.0000433
-0.0005344
-0.0010558
-0.0011875
-0.0011524
-0.0004862
0.0012888
0.0033877
0.0055280
0.0068576
0.0075140
0.0086483
0.0098517
0.0106076
0.0109047
0.0110655
0.0113106
0.0111469
0.0097123
0.0069974
0.0049862
0.0045778
0.0053631
0.0064629
0.0056773
0.0030642
-0.0002178
-0.0038429
-0.0068475
-0.0082028
-0.0075840
-0.0060088
-0.0041032
-0.0014829
0.0018590
0.0049671
0.0069218
0.0081238
0.0087002
0.0078461
0.0052067
0.0015828
-0.0020119
-0.0048956
-0.0067404
-0.0083415
-0.0098652
-0.0106060
-0.0105295
-0.0104412
-0.0121309
-0.0154075
-0.0180898
-0.0194699
-0.0199329
-0.0195350
-0.0180150
-0.0158410
-0.0131937
-0.0096929
-0.0066226
-0.0046496
-0.0030754
-0.0030280
-0.0047390
-0.0065696
-0.0081158
-0.0088397
-0.0080008
-0.0058144
-0.0032697
-0.0023101
-0.0033723
-0.0044073
-0.0036744
-0.0017002
-0.0004132
-0.0006398
-0.0015013
-0.0016670
-0.0007589
0.0000950
0.0003237
0.0008368
0.0016383
0.0018694
0.0015728
0.0010436
-0.0000986
-0.0022525
-0.0042946
-0.0048481
-0.0045078
-0.0037255
-0.0020022
-0.0000918
0.0009160
0.0008979
0.0003133
0.0003080
0.0014756
0.0032690
0.0049931
0.0057553
0.0059674
0.0067901
0.0070810
0.0055530
0.0028746
0.0004308
-0.0006466
-0.0009772
-0.0012996
-0.0009030
0.0004712
0.0025563
0.0041822
0.0041688
0.0027536
0.0001631
-0.0027360
-0.0048184
-0.0056505
-0.0045431
-0.0012911
0.0026920
0.0053191
0.0063128
0.0064766
0.0056808
0.0038371
0.0020349
0.0011375
0.0010642
0.0020130
0.0037907
0.0055998
0.0068903
0.0072161
0.0061598
0.0038927
0.0019815
0.0014682
0.0016527
0.0022668
0.0029825
0.0031736
0.0028190
0.0017263
0.0004764
0.0000934
0.0003782
0.0008418
0.0010566
0.0005469
-0.0004133
-0.0015821
-0.0027954
-0.0037915
-0.0044012
-0.0043516
-0.0040646
-0.0033792
-0.0017683
-0.0002860
0.0003569
0.0009789
0.0016331
0.0016490
0.0010835
0.0003604
0.0002383
0.0006242
0.0010107
0.0020947
0.0036879
0.0042984
0.0033185
0.0018579
0.0011427
0.0005357
-0.0004657
-0.0007728
0.0001299
0.0013591
0.0017495
0.0010726
0.0003448
0.0006617
0.0013506
0.0010800
0.0000040
-0.0013142
-0.0025006
-0.0031494
-0.0032521
-0.0027757
-0.0016520
-0.0002725
0.0007294
0.0006303
-0.0005160
-0.0016690
-0.0019272
-0.0008058
0.0014136
0.0039852
0.0059806
0.0069089
0.0071051
0.0061877
0.0043019
0.0024666
0.0013605
0.0011650
0.0011638
0.0008286
-0.0003877
-0.0021197
-0.0030511
-0.0022813
0.0005901
0.0046086
0.0084523
0.0104457
0.0096446
0.0075191
0.0053584
0.0033054
0.0014929
0.0001585
-0.0005512
-0.0002410
0.0011123
0.0024618
0.0030952
0.0030031
0.0028376
0.0031097
0.0028731
0.0016604
0.0001821
-0.0011177
-0.0017440
-0.0009810
0.0009832
0.0029075
0.0041587
0.0046427
0.0038814
0.0021636
-0.0001595
-0.0027766
-0.0042742
-0.0042096
-0.0033628
-0.0022205
-0.0008705
0.0008719
0.0026097
0.0035556
0.0035975
0.0030255
0.0017639
-0.0001679
-0.0018263
-0.0023550
-0.0022483
-0.0020095
-0.0014094
-0.0007219
-0.0005328
-0.0007648
-0.0009119
-0.0009774
-0.0012021
-0.0017173
-0.0025601
-0.0033678
-0.0041407
-0.0049123
-0.0051461
-0.0048009
-0.0036819
-0.0015898
0.0005747
0.0020107
0.0020602
0.0010983
-0.0000252
-0.0016004
-0.0030651
-0.0040142
-0.0049395
-0.0056526
-0.0055457
-0.0045624
-0.0036694
-0.0030891
-0.0024662
-0.0020323
-0.0016605
-0.0015474
-0.0022257
-0.0033180
-0.0042176
-0.0039696
-0.0020838
0.0002281
0.0020776
0.0030084
0.0030593
0.0026201
0.0012308
-0.0005303
-0.0020769
-0.0035429
-0.0048065
-0.0062086
-0.0068513
-0.0061015
-0.0045891
-0.0027315
-0.0017205
-0.0011826
-0.0004442
-0.0002725
0.0001733
0.0012188
0.0014846
0.0002278
-0.0020569
-0.0035221
-0.0027824
-0.0012488
-0.0008837
-0.0015023
-0.0021456
-0.0020185
-0.0007190
0.0005780
0.0004679
-0.0006290
-0.0019184
-0.0026643
-0.0024706
-0.0021109
-0.0013504
-0.0000546
0.0007355
0.0005390
-0.0006881
-0.0020196
-0.0023402
-0.0020972
-0.0023637
-0.0023276
-0.0006272
0.0011278
0.0016543
0.0023164
0.0039667
0.0055212
0.0053551
0.0036453
0.0015504
-0.0000341
-0.0009486
-0.0022343
-0.0043001
-0.0062450
-0.0068514
-0.0061301
-0.0055687
-0.0058087
-0.0060192
-0.0054597
-0.0042896
-0.0030805
-0.0019353
-0.0008380
0.0003106
0.0018965
0.0031917
0.0031875
0.0019824
0.0002037
-0.0017587
-0.0042102
-0.0069124
-0.0085175
-0.0083095
-0.0072253
-0.0062384
-0.0053754
-0.0044775
-0.0035929
-0.0028891
-0.0023970
-0.0020814
-0.0017430
-0.0014638
-0.0017898
-0.0028133
-0.0039773
-0.0046642
-0.0049720
-0.0046414
-0.0028812
-0.0006965
0.0001279
-0.0005989
-0.0015427
-0.0013590
-0.0003649
0.0001995
0.0002300
0.0003821
0.0007982
0.0013485
0.0013356
0.0003196
-0.0013829
-0.0036397
-0.0058329
-0.0075092
-0.0080052
-0.0067650
-0.0051243
-0.0041423
-0.0037447
-0.0036704
-0.0036787
-0.0035094
-0.0026289
-0.0009205
0.0008775
0.0021686
0.0029646
0.0031086
0.0031301
0.0040917
0.0056199
0.0068505
0.0076865
0.0082228
0.0084333
0.0076441
0.0060263
0.0043826
0.0020313
-0.0010447
-0.0039169
-0.0057596
-0.0062700
-0.0066962
-0.0074168
-0.0074379
-0.0063606
-0.0042015
-0.0018872
-0.0007695
-0.0008089
-0.0011249
-0.0011976
-0.0013190
-0.0020007
-0.0030066
-0.0038467
-0.0044360
-0.0051489
-0.0061947
-0.0069852
-0.0068763
-0.0062512
-0.0055957
-0.0046370
-0.0039258
-0.0039180
-0.0034239
-0.0018717
0.0000010
0.0011835
0.0018627
0.0035791
0.0056659
0.0063793
0.0059471
0.0048942
0.0039188
0.0039453
0.0043819
0.0045248
0.0046871
0.0044651
0.0035940
0.0028820
0.0030574
0.0039657
0.0043990
0.0040531
0.0041940
0.0049849
0.0056836
0.0062566
0.0062415
0.0051799
0.0036570
0.0024028
0.0016581
0.0016752
0.0025090
0.0034355
0.0038234
0.0033952
0.0023315
0.0014015
0.0015254
0.0031043
0.0053791
0.0075038
0.0090259
0.0098198
0.0100056
0.0098450
0.0102063
0.0110769
0.0108611
0.0083576
0.0044860
0.0010872
-0.0010126
-0.0016719
-0.0012512
-0.0005576
0.0003800
0.0019598
0.0032358
0.0033046
0.0029477
0.0033303
0.0043398
0.0048063
0.0044313
0.0037650
0.0030081
0.0021627
0.0011208
-0.0001380
-0.0008836
-0.0008327
-0.0005175
-0.0002573
-0.0001775
-0.0003358
-0.0008694
-0.0014322
-0.0020320
-0.0027220
-0.0030442
-0.0033956
-0.0036448
-0.0033598
-0.0024307
-0.0006443
0.0009984
0.0017396
0.0018396
0.0014384
0.0009984
0.0006659
0.0002015
-0.0000128
0.0005758
0.0012741
0.0011540
0.0006746
0.0002424
-0.0000299
-0.0001335
-0.0004237
-0.0008410
-0.0009185
-0.0008357
-0.0013464
-0.0025331
-0.0040551
-0.0057378
-0.0072615
-0.0081722
-0.0084463
-0.0079784
-0.0070474
-0.0064776
-0.0064707
-0.0067131
-0.0063143
-0.0046968
-0.0021437
0.0006144
0.0026094
0.0036618
0.0042862
0.0041965
0.0029541
0.0014815
0.0004759
-0.0004969
-0.0015852
-0.0023803
-0.0026597
-0.0027359
-0.0029555
-0.0033019
-0.0033202
-0.0027517
-0.0022916
-0.0027544
-0.0042540
-0.0056878
-0.0056994
-0.0049796
-0.0042673
-0.0038004
-0.0031211
-0.0025439
-0.0015268
-0.0012045
-0.0011955
-0.0009704
-0.0010915
-0.0013483
-0.0016256
-0.0014324
-0.0009935
-0.0012417
-0.0015894
-0.0016411
-0.0018267
-0.0021565
-0.0022453
-0.0023657
-0.0028074
-0.0028603
-0.0022312
-0.0009483
0.0003638
0.0007738
0.0001328
-0.0020520
-0.0047218
-0.0058490
-0.0057726
-0.0052280
-0.0048135
-0.0053112
-0.0060226
-0.0058427
-0.0048900
-0.0043201
-0.0044039
-0.0042156
-0.0042224
-0.0052716
-0.0061138
-0.0056779
-0.0044964
-0.0035418
-0.0035492
-0.0037706
-0.0030017
-0.0018479
-0.0016143
-0.0022780
-0.0031341
-0.0037528
-0.0040787
-0.0043478
-0.0043251
-0.0038961
-0.0031274
-0.0022446
-0.0014774
-0.0010501
-0.0013342
-0.0014984
-0.0013955
-0.0012499
-0.0010548
-0.0012867
-0.0009405
0.0000068
0.0010329
0.0023781
0.0031105
0.0031139
0.0032482
0.0037797
0.0041674
0.0037309
0.0028083
0.0025080
0.0033312
0.0040950
0.0035928
0.0023635
0.0017151
0.0021525
0.0026804
0.0024725
0.0024022
0.0032058
0.0044135
0.0051756
0.0052016
0.0047028
0.0035208
0.0019424
0.0006223
-0.0003120
-0.0004949
0.0004774
0.0019273
0.0030900
0.0041088
0.0048265
0.0048971
0.0045484
0.0039031
0.0030120
0.0020702
0.0012388
0.0007493
0.0005740
0.0008737
0.0017417
0.0023533
0.0026790
0.0033818
0.0039587
0.0039064
0.0038915
0.0047366
0.0061770
0.0072175
0.0076933
0.0082842
0.0089489
0.0088172
0.0081104
0.0076683
0.0072229
0.0064514
0.0053955
0.0043627
0.0036453
0.0029369
0.0024283
0.0020813
0.0014878
0.0011053
0.0009634
0.0006740
0.0000441
-0.0010006
-0.0019820
-0.0025952
-0.0025742
-0.0018932
-0.0012254
-0.0006467
0.0001117
0.0009115
0.0015518
0.0018627
0.0018478
0.0016971
0.0014926
0.0012412
0.0008296
0.0001693
-0.0002992
-0.0005271
-0.0009009
-0.0011494
-0.0011714
-0.0012801
-0.0012025
-0.0008241
-0.0006150
-0.0004973
-0.0003766
-0.0002886
0.0001650
0.0007981
0.0011378
0.0011327
0.0008878
0.0007038
0.0006018
0.0004051
0.0004293
0.0010120
0.0018086
0.0024249
0.0028715
0.0030523
0.0028470
0.0020962
0.0008194
-0.0003870
-0.0012823
-0.0018916
-0.0021875
-0.0025723
-0.0028876
-0.0026904
-0.0023407
-0.0021500
-0.0019034
-0.0015947
-0.0014594
-0.0012369
-0.0010709
-0.0013434
-0.0015930
-0.0013333
-0.0003764
0.0008442
0.0017263
0.0022782
0.0025670
0.0026979
0.0028228
0.0027719
0.0024471
0.0022662
0.0024493
0.0025827
0.0023156
0.0019273
0.0017580
0.0015607
0.0010296
0.0004654
0.0003968
0.0007519
0.0011360
0.0013804
0.0015452
0.0015456
0.0012058
0.0009371
0.0010482
0.0013701
0.0017825
0.0020223
0.0019224
0.0018019
0.0020568
0.0025451
0.0029267
0.0031383
0.0032999
0.0035414
0.0037838
0.0039420
0.0039523
0.0039117
0.0038595
0.0036932
0.0035616
0.0034530
0.0034514
0.0035610
0.0035090
0.0033066
0.0029678
0.0025010
0.0019229
0.0012718
0.0006443
0.0000608
-0.0002617
-0.0001773
0.0002277
0.0009656
0.0017994
0.0023413
0.0025761
0.0025684
0.0023180
0.0018810
0.0013268
0.0007883
0.0003843
0.0001200
0.0000735
0.0003305
0.0006671
0.0007965
0.0007104
0.0005325
0.0003775
0.0002285
-0.0000894
-0.0004780
-0.0007435
-0.0009373
-0.0010959
-0.0012319
-0.0013379
-0.0013507
-0.0011979
-0.0009415
-0.0007421
-0.0005290
-0.0001738
0.0001926
0.0004523
0.0007296
0.0010718
0.0013910
0.0016632
0.0018810
0.0019978
0.0019313
0.0016803
0.0013390
0.0010364
0.0009285
0.0010053
0.0011178
0.0012212
0.0013004
0.0012992
0.0012262
0.0011360
0.0010723
0.0010080
0.0008991
0.0008018
0.0006956
0.0005389
0.0004601
0.0005247
0.0006652
0.0008228
0.0008983
0.0008444
0.0007694
0.0007260
0.0006667
0.0005957
0.0005421
0.0005180
0.0004800
0.0003801
0.0002759
0.0002240
0.0001981
0.0001450
0.0000505
-0.0000548
-0.0001386
-0.0001947
-0.0002361
-0.0002520
-0.0002429
-0.0002317
-0.0002078
-0.0001660
-0.0001220
-0.0000919
-0.0000905
-0.0001060
-0.0001392
-0.0001963
-0.0002827
-0.0003941
-0.0004881
-0.0005418
-0.0005470
-0.0005192
-0.0004869
-0.0004639
-0.0004739
-0.0005165
-0.0005722
-0.0006176
-0.0006360
-0.0006407
-0.0006389
-0.0006248
-0.0006001
-0.0005782
-0.0005660
-0.0005585
-0.0005679
-0.0006000
-0.0006297
-0.0006435
-0.0006559
-0.0006799
-0.0007055
-0.0007212
-0.0007330
-0.0007451
-0.0007577
-0.0007724
-0.0007848
-0.0007944
-0.0008064
-0.0008185
-0.0008237
-0.0008217
-0.0008252
-0.0008439
-0.0008667
-0.0008816
-0.0008881
-0.0008910
-0.0008936
-0.0008972
-0.0009040
-0.0009151
-0.0009279
-0.0009401
-0.0009517
-0.0009635
-0.0009746
-0.0009829
-0.0009879
-0.0009927
-0.0009990
-0.0010063
-0.0010137
-0.0010195
-0.0010240
-0.0010290
-0.0010351
-0.0010418
-0.0010475
-0.0010525
-0.0010574
-0.0010622
-0.0010673
-0.0010726
-0.0010777
-0.0010823
-0.0010864
-0.0010905
-0.0010948
-0.0010990
-0.0011032
-0.0011072
-0.0011112
-0.0011150
-0.0011186
-0.0011220
-0.0011253
-0.0011284
-0.0011313
-0.0011340
-0.0011366
-0.0011389
-0.0011411
-0.0011431
-0.0011449
-0.0011466
-0.0011480
-0.0011493
-0.0011503
-0.0011512
-0.0011518
-0.0011523
