0.0039413
0.0043439
0.0017149
-0.0024430
-0.0024335
-0.0024934
-0.0024991
-0.0024881
-0.0024710
-0.0024539
-0.0024402
-0.0024297
-0.0024179
-0.0024007
-0.0023811
-0.0023690
-0.0023722
-0.0023890
-0.0024082
-0.0024210
-0.0024322
-0.0024478
-0.0024678
-0.0024881
-0.0025033
-0.0025126
-0.0025191
-0.0025202
-0.0025102
-0.0024924
-0.0024751
-0.0024639
-0.0024578
-0.0024503
-0.0024382
-0.0024273
-0.0024269
-0.0024362
-0.0024450
-0.0024497
-0.0024514
-0.0024474
-0.0024396
-0.0024319
-0.0024191
-0.0024076
-0.0024176
-0.0024445
-0.0024601
-0.0024555
-0.0024534
-0.0024763
-0.0025205
-0.0025556
-0.0025566
-0.0025374
-0.0025220
-0.0024988
-0.0024534
-0.0024137
-0.0024123
-0.0024347
-0.0024332
-0.0023830
-0.0023044
-0.0022283
-0.0021691
-0.0021197
-0.0020638
-0.0020030
-0.0019559
-0.0019508
-0.0019946
-0.0020268
-0.0020022
-0.0019776
-0.0020031
-0.0020504
-0.0020928
-0.0021221
-0.0021186
-0.0020895
-0.0020630
-0.0020290
-0.0019673
-0.0018902
-0.0018173
-0.0017601
-0.0017305
-0.0017385
-0.0017714
-0.0018123
-0.0018605
-0.0019253
-0.0020225
-0.0021337
-0.0022006
-0.0021935
-0.0021633
-0.0021766
-0.0022230
-0.0022623
-0.0022993
-0.0023479
-0.0023453
-0.0022753
-0.0022816
-0.0024261
-0.0025729
-0.0026170
-0.0025763
-0.0024811
-0.0023331
-0.0021374
-0.0019152
-0.0017011
-0.0015316
-0.0013571
-0.0010902
-0.0008076
-0.0006532
-0.0006302
-0.0006906
-0.0008492
-0.0011157
-0.0014485
-0.0017646
-0.0020377
-0.0023373
-0.0026586
-0.0028910
-0.0029161
-0.0026793
-0.0022218
-0.0016565
-0.0011203
-0.0007501
-0.0006304
-0.0007032
-0.0008197
-0.0008689
-0.0008836
-0.0009683
-0.0011152
-0.0011996
-0.0011268
-0.0009609
-0.0008460
-0.0008582
-0.0009432
-0.0009745
-0.0008993
-0.0007663
-0.0006175
-0.0004232
-0.0001701
0.0000820
0.0002342
0.0001696
-0.0001302
-0.0005775
-0.0011611
-0.0017719
-0.0020975
-0.0021184
-0.0021865
-0.0023736
-0.0023989
-0.0021196
-0.0016068
-0.0010707
-0.0007673
-0.0007526
-0.0008066
-0.0008108
-0.0009025
-0.0011057
-0.0012515
-0.0011842
-0.0009476
-0.0007325
-0.0007445
-0.0010171
-0.0012837
-0.0013167
-0.0011544
-0.0009194
-0.0005985
-0.0000753
0.0005373
0.0008714
0.0008657
0.0006869
0.0002306
-0.0005677
-0.0013874
-0.0019280
-0.0022707
-0.0025025
-0.0026612
-0.0028483
-0.0029431
-0.0026603
-0.0018436
-0.0007750
0.0000271
0.0003304
0.0003500
0.0005311
0.0009553
0.0010683
0.0004527
-0.0005866
-0.0016084
-0.0025150
-0.0034756
-0.0045259
-0.0053636
-0.0057449
-0.0057322
-0.0053906
-0.0045996
-0.0033554
-0.0018279
-0.0003324
0.0007852
0.0013109
0.0012118
0.0006655
-0.0001153
-0.0009740
-0.0017539
-0.0022386
-0.0023174
-0.0020069
-0.0014090
-0.0008985
-0.0006721
-0.0003049
0.0004102
0.0010664
0.0012883
0.0011872
0.0010379
0.0008216
0.0003470
-0.0004742
-0.0013233
-0.0018309
-0.0021755
-0.0028023
-0.0037105
-0.0043852
-0.0043849
-0.0037936
-0.0031249
-0.0027277
-0.0024715
-0.0022147
-0.0019422
-0.0016244
-0.0012924
-0.0008934
-0.0004046
0.0000720
0.0004208
0.0006709
0.0009294
0.0013378
0.0020367
0.0027599
0.0029738
0.0025829
0.0022371
0.0023574
0.0027375
0.0032325
0.0036818
0.0038714
0.0035574
0.0026408
0.0014638
0.0004198
-0.0005023
-0.0016041
-0.0027974
-0.0037269
-0.0043057
-0.0046327
-0.0048514
-0.0048015
-0.0043826
-0.0039199
-0.0034624
-0.0028350
-0.0019422
-0.0010652
-0.0009298
-0.0017645
-0.0033074
-0.0050573
-0.0064748
-0.0075471
-0.0076864
-0.0056946
-0.0019567
0.0017820
0.0045914
0.0066559
0.0080521
0.0085489
0.0083639
0.0078523
0.0070003
0.0059170
0.0045422
0.0021902
-0.0015981
-0.0063427
-0.0108861
-0.0140893
-0.0153713
-0.0148497
-0.0127230
-0.0092754
-0.0054248
-0.0020897
0.0005940
0.0032355
0.0057267
0.0071870
0.0070162
0.0051893
0.0026839
0.0006634
-0.0001740
0.0000829
0.0006519
0.0011215
0.0016402
0.0023133
0.0032603
0.0043965
0.0052932
0.0057070
0.0053753
0.0043651
0.0029842
0.0010346
-0.0016088
-0.0042490
-0.0062064
-0.0075522
-0.0087066
-0.0098743
-0.0109444
-0.0118358
-0.0118656
-0.0105398
-0.0082410
-0.0053950
-0.0023892
0.0004169
0.0026643
0.0042071
0.0053802
0.0064171
0.0070040
0.0069914
0.0063136
0.0050611
0.0035531
0.0019531
0.0003647
-0.0013292
-0.0029713
-0.0039413
-0.0034758
-0.0011477
0.0026284
0.0068824
0.0105893
0.0133395
0.0150310
0.0154654
0.0147143
0.0132274
0.0114784
0.0094871
0.0071686
0.0045984
0.0017789
-0.0016083
-0.0053294
-0.0084989
-0.0105470
-0.0111973
-0.0106313
-0.0092960
-0.0077514
-0.0062670
-0.0044785
-0.0023763
-0.0005612
0.0002961
0.0000877
-0.0005808
-0.0010206
-0.0008401
0.0001308
0.0016431
0.0033271
0.0047820
0.0051479
0.0039362
0.0015382
-0.0010437
-0.0031741
-0.0046468
-0.0054081
-0.0056392
-0.0053442
-0.0047089
-0.0041162
-0.0035258
-0.0022687
-0.0004231
0.0010480
0.0015243
0.0010739
0.0001178
-0.0012709
-0.0030689
-0.0047942
-0.0057873
-0.0057688
-0.0045074
-0.0021157
0.0009520
0.0044492
0.0074082
0.0088280
0.0086973
0.0074493
0.0056917
0.0037139
0.0018525
0.0006836
0.0002695
0.0008013
0.0022066
0.0040188
0.0064428
0.0093771
0.0125392
0.0156833
0.0183307
0.0206613
0.0221991
0.0220903
0.0203108
0.0169926
0.0126576
0.0077305
0.0020937
-0.0038690
-0.0087735
-0.0118786
-0.0132970
-0.0127497
-0.0103622
-0.0068112
-0.0029241
0.0007723
0.0039903
0.0061755
0.0069671
0.0064561
0.0055655
0.0049449
0.0039065
0.0016730
-0.0009983
-0.0026680
-0.0036424
-0.0050911
-0.0069656
-0.0088575
-0.0104484
-0.0117897
-0.0136624
-0.0156641
-0.0165747
-0.0156544
-0.0130685
-0.0106326
-0.0094217
-0.0081667
-0.0056520
-0.0026116
-0.0003002
0.0011524
0.0021804
0.0030253
0.0031601
0.0025076
0.0017698
0.0015039
0.0016622
0.0010494
-0.0003508
-0.0017531
-0.0033961
-0.0057387
-0.0086592
-0.0110758
-0.0129951
-0.0151690
-0.0174865
-0.0192003
-0.0190867
-0.0170308
-0.0141101
-0.0109294
-0.0074297
-0.0036145
0.0003877
0.0046853
0.0088382
0.0124169
0.0152635
0.0167653
0.0172646
0.0171585
0.0163396
0.0147951
0.0125100
0.0102009
0.0085374
0.0077806
0.0077218
0.0080541
0.0090086
0.0101443
0.0111489
0.0120099
0.0127923
0.0143192
0.0164762
0.0186077
0.0201078
0.0205746
0.0199784
0.0180657
0.0144684
0.0091254
0.0032665
-0.0013268
-0.0044583
-0.0068915
-0.0085194
-0.0090029
-0.0082791
-0.0070078
-0.0060271
-0.0051878
-0.0047730
-0.0050118
-0.0056619
-0.0065533
-0.0070801
-0.0071603
-0.0066401
-0.0055515
-0.0034858
-0.0002887
0.0027099
0.0048697
0.0059245
0.0063686
0.0071267
0.0085398
0.0107584
0.0132729
0.0154800
0.0171783
0.0178810
0.0175635
0.0162411
0.0129060
0.0069044
-0.0014638
-0.0107873
-0.0193027
-0.0256050
-0.0279998
-0.0273213
-0.0265796
-0.0269878
-0.0288500
-0.0314020
-0.0333296
-0.0338916
-0.0317683
-0.0264619
-0.0182064
-0.0084067
0.0007193
0.0089127
0.0156691
0.0195214
0.0203739
0.0184220
0.0144413
0.0094532
0.0040444
-0.0007271
-0.0044525
-0.0066765
-0.0072755
-0.0071607
-0.0070362
-0.0074351
-0.0089423
-0.0115783
-0.0151284
-0.0191273
-0.0225491
-0.0243780
-0.0233649
-0.0188859
-0.0118935
-0.0049242
-0.0001814
0.0025999
0.0048694
0.0076628
0.0118383
0.0174890
0.0234956
0.0287314
0.0323830
0.0343209
0.0351947
0.0347784
0.0321606
0.0281148
0.0238159
0.0185198
0.0113434
0.0037115
-0.0021068
-0.0052896
-0.0057387
-0.0040291
-0.0015874
0.0008521
0.0032612
0.0051475
0.0058834
0.0059942
0.0066748
0.0079054
0.0094571
0.0118650
0.0152033
0.0192634
0.0231777
0.0258772
0.0271358
0.0262652
0.0231037
0.0191061
0.0153180
0.0120612
0.0099962
0.0092082
0.0094131
0.0101619
0.0105443
0.0101693
0.0092275
0.0083906
0.0086297
0.0096623
0.0098120
0.0074537
0.0021858
-0.0046950
-0.0116724
-0.0176390
-0.0215197
-0.0222698
-0.0199257
-0.0155629
-0.0096102
-0.0029307
0.0030097
0.0082641
0.0124174
0.0146903
0.0152247
0.0137239
0.0106793
0.0068688
0.0023222
-0.0031999
-0.0090569
-0.0139068
-0.0174930
-0.0200225
-0.0213820
-0.0217756
-0.0212684
-0.0200277
-0.0190987
-0.0192788
-0.0208701
-0.0232680
-0.0248333
-0.0241087
-0.0207282
-0.0153593
-0.0094618
-0.0047254
-0.0020998
-0.0024216
-0.0053016
-0.0084930
-0.0094306
-0.0068977
-0.0021024
0.0030318
0.0068380
0.0082922
0.0076676
0.0050997
0.0021204
0.0002169
-0.0010650
-0.0012912
-0.0010525
-0.0002634
0.0020228
0.0048880
0.0086577
0.0136929
0.0193318
0.0248988
0.0292264
0.0314763
0.0312730
0.0290803
0.0258895
0.0224937
0.0197532
0.0178408
0.0160230
0.0136372
0.0101873
0.0055464
-0.0008675
-0.0088485
-0.0160642
-0.0205678
-0.0215266
-0.0189805
-0.0139454
-0.0071703
0.0007484
0.0084740
0.0147732
0.0189292
0.0203907
0.0190532
0.0156550
0.0110397
0.0071645
0.0059899
0.0074816
0.0108609
0.0139899
0.0154502
0.0156839
0.0148940
0.0139795
0.0135778
0.0141644
0.0160073
0.0182378
0.0206824
0.0227754
0.0231006
0.0206820
0.0155138
0.0071112
-0.0042169
-0.0154903
-0.0250244
-0.0322407
-0.0359467
-0.0360309
-0.0331286
-0.0283483
-0.0228489
-0.0176904
-0.0131158
-0.0083153
-0.0038914
0.0002251
0.0051866
0.0109383
0.0168470
0.0218666
0.0251517
0.0258055
0.0236408
0.0201264
0.0173750
0.0161285
0.0153378
0.0152187
0.0168540
0.0205558
0.0254703
0.0296024
0.0319313
0.0340079
0.0365354
0.0376733
0.0370176
0.0350807
0.0314400
0.0249748
0.0164851
0.0075458
-0.0009392
-0.0074399
-0.0120104
-0.0140105
-0.0131687
-0.0105137
-0.0055855
0.0015509
0.0090587
0.0157963
0.0212159
0.0235626
0.0223044
0.0180579
0.0120640
0.0065125
0.0023989
-0.0002607
-0.0015139
-0.0017981
-0.0012366
0.0004332
0.0029711
0.0055228
0.0071709
0.0071067
0.0050018
0.0011830
-0.0035787
-0.0082240
-0.0118206
-0.0149037
-0.0181543
-0.0199992
-0.0200515
-0.0199057
-0.0199307
-0.0195417
-0.0183334
-0.0161089
-0.0140469
-0.0136405
-0.0144938
-0.0154020
-0.0158813
-0.0164587
-0.0171003
-0.0173637
-0.0177075
-0.0190715
-0.0210843
-0.0217618
-0.0200429
-0.0158574
-0.0105955
-0.0061653
-0.0038074
-0.0037390
-0.0045768
-0.0060637
-0.0084761
-0.0112097
-0.0144694
-0.0181949
-0.0203827
-0.0197598
-0.0164814
-0.0113418
-0.0042576
0.0048575
0.0148237
0.0246937
0.0334312
0.0411948
0.0481749
0.0529078
0.0547129
0.0541433
0.0517372
0.0469349
0.0397949
0.0314092
0.0214786
0.0113709
0.0040845
-0.0000001
-0.0013786
0.0000373
0.0034945
0.0071902
0.0095127
0.0108387
0.0123543
0.0159063
0.0217646
0.0284054
0.0347994
0.0394697
0.0414625
0.0404236
0.0374347
0.0342625
0.0316555
0.0302337
0.0300848
0.0310510
0.0324515
0.0335503
0.0340943
0.0333629
0.0307525
0.0260619
0.0198088
0.0119470
0.0030178
-0.0048449
-0.0107089
-0.0146472
-0.0174725
-0.0194974
-0.0195154
-0.0177258
-0.0152543
-0.0128793
-0.0114931
-0.0106942
-0.0097615
-0.0083700
-0.0063349
-0.0043563
-0.0026460
-0.0012478
-0.0006603
-0.0008489
-0.0013411
-0.0016712
-0.0019238
-0.0017640
-0.0008948
0.0005312
0.0023656
0.0043931
0.0069520
0.0095240
0.0115443
0.0132273
0.0143420
0.0148532
0.0150371
0.0151667
0.0156342
0.0163483
0.0166822
0.0171446
0.0181693
0.0192601
0.0207126
0.0229473
0.0264793
0.0307213
0.0337445
0.0339458
0.0307690
0.0256373
0.0193932
0.0117597
0.0035648
-0.0042599
-0.0120968
-0.0210323
-0.0317306
-0.0430783
-0.0530081
-0.0606352
-0.0651967
-0.0664519
-0.0645091
-0.0590327
-0.0499759
-0.0381701
-0.0250551
-0.0122326
-0.0016093
0.0058493
0.0094076
0.0092549
0.0073660
0.0055178
0.0048641
0.0068070
0.0123642
0.0209836
0.0313124
0.0409679
0.0487861
0.0548932
0.0577980
0.0568269
0.0513972
0.0417767
0.0315610
0.0247443
0.0225398
0.0236473
0.0271216
0.0321830
0.0375258
0.0419397
0.0445758
0.0452172
0.0441888
0.0422225
0.0407554
0.0409091
0.0417910
0.0418434
0.0397281
0.0355132
0.0312650
0.0289814
0.0282893
0.0271511
0.0253212
0.0226603
0.0184548
0.0131180
0.0082635
0.0060542
0.0060421
0.0071863
0.0090338
0.0099560
0.0094613
0.0071757
0.0027090
-0.0037778
-0.0130979
-0.0246387
-0.0361663
-0.0473347
-0.0586281
-0.0689911
-0.0763538
-0.0793363
-0.0781089
-0.0720520
-0.0611421
-0.0474870
-0.0323944
-0.0169205
-0.0033410
0.0053581
0.0085388
0.0089898
0.0096313
0.0110184
0.0127642
0.0155462
0.0198266
0.0253946
0.0292494
0.0281568
0.0226455
0.0147997
0.0079983
0.0046077
0.0050813
0.0085725
0.0136406
0.0208951
0.0304592
0.0410045
0.0509264
0.0587455
0.0644349
0.0691209
0.0731161
0.0762469
0.0795159
0.0833441
0.0878453
0.0932266
0.0985668
0.1030247
0.1061575
0.1070403
0.1052379
0.1000716
0.0911908
0.0804787
0.0676296
0.0510449
0.0326209
0.0160287
0.0030953
-0.0077414
-0.0172186
-0.0238431
-0.0268078
-0.0263293
-0.0231723
-0.0175322
-0.0100128
-0.0021206
0.0047132
0.0097459
0.0132243
0.0159418
0.0182093
0.0190978
0.0190418
0.0186768
0.0179148
0.0171357
0.0153372
0.0121994
0.0084337
0.0040446
-0.0010045
-0.0064637
-0.0114825
-0.0155057
-0.0184002
-0.0193182
-0.0172361
-0.0117116
-0.0026281
0.0086859
0.0192870
0.0272635
0.0321800
0.0351839
0.0386530
0.0434144
0.0490683
0.0555444
0.0620742
0.0687061
0.0762415
0.0843562
0.0929618
0.1009984
0.1067676
0.1094771
0.1069653
0.0956700
0.0731264
0.0399280
0.0005201
-0.0422855
-0.0880161
-0.1334570
-0.1742453
-0.2054631
-0.2258680
-0.2404870
-0.2532623
-0.2635550
-0.2683047
-0.2673048
-0.2635131
-0.2590235
-0.2543995
-0.2480068
-0.2380551
-0.2229577
-0.2009634
-0.1745387
-0.1481168
-0.1207377
-0.0895847
-0.0558992
-0.0222342
0.0093184
0.0383762
0.0658524
0.0902131
0.1092849
0.1223489
0.1286752
0.1284747
0.1220303
0.1108497
0.0982798
0.0868264
0.0782183
0.0723526
0.0680367
0.0633836
0.0560098
0.0441566
0.0270464
0.0055556
-0.0190210
-0.0466349
-0.0776893
-0.1081757
-0.1292830
-0.1381037
-0.1403039
-0.1399389
-0.1365391
-0.1277938
-0.1132457
-0.0958849
-0.0776056
-0.0581550
-0.0386931
-0.0208281
-0.0048760
0.0085514
0.0188123
0.0263065
0.0321920
0.0376694
0.0443595
0.0536897
0.0655238
0.0778900
0.0900695
0.1037444
0.1199505
0.1376241
0.1533304
0.1636535
0.1692500
0.1728697
0.1734881
0.1658788
0.1469001
0.1191061
0.0862120
0.0490621
0.0100087
-0.0225579
-0.0440055
-0.0586176
-0.0703663
-0.0787467
-0.0829359
-0.0842601
-0.0849404
-0.0877304
-0.0949625
-0.1067534
-0.1197276
-0.1298372
-0.1352334
-0.1336691
-0.1237364
-0.1071603
-0.0865608
-0.0642964
-0.0407465
-0.0166970
0.0043056
0.0218286
0.0359400
0.0425499
0.0408532
0.0340092
0.0244753
0.0169013
0.0146208
0.0188960
0.0333755
0.0587885
0.0908120
0.1226554
0.1498479
0.1710909
0.1874223
0.1985358
0.2025919
0.2012018
0.1960894
0.1892574
0.1817160
0.1734303
0.1639396
0.1522799
0.1398451
0.1279402
0.1169333
0.1064367
0.0962013
0.0880381
0.0816161
0.0758944
0.0718822
0.0685684
0.0655654
0.0629582
0.0601994
0.0565835
0.0516969
0.0456795
0.0370622
0.0252963
0.0087411
-0.0133648
-0.0384717
-0.0653407
-0.0925421
-0.1180644
-0.1383863
-0.1486356
-0.1482064
-0.1397202
-0.1249640
-0.1062860
-0.0862435
-0.0652357
-0.0447764
-0.0276674
-0.0165597
-0.0120053
-0.0124148
-0.0175659
-0.0274666
-0.0419632
-0.0596838
-0.0769697
-0.0920503
-0.1062558
-0.1184786
-0.1286115
-0.1377764
-0.1460303
-0.1551338
-0.1632315
-0.1703828
-0.1790658
-0.1869368
-0.1935520
-0.1972107
-0.1920651
-0.1760472
-0.1508941
-0.1174795
-0.0792062
-0.0421720
-0.0079102
0.0227605
0.0507449
0.0777790
0.1026053
0.1231925
0.1368763
0.1455043
0.1522394
0.1571640
0.1590613
0.1556135
0.1440263
0.1240394
0.0974122
0.0653844
0.0262110
-0.0188414
-0.0610517
-0.0979347
-0.1326571
-0.1663802
-0.1983190
-0.2260731
-0.2491527
-0.2677845
-0.2823357
-0.2927830
-0.2980298
-0.2974980
-0.2910389
-0.2800092
-0.2655534
-0.2479721
-0.2230213
-0.1838488
-0.1307167
-0.0712514
-0.0119948
0.0496959
0.1180936
0.1877517
0.2496382
0.2970429
0.3289268
0.3513518
0.3659361
0.3678349
0.3533083
0.3243476
0.2862661
0.2441602
0.1991875
0.1514750
0.1062003
0.0663621
0.0307242
-0.0006436
-0.0246672
-0.0404714
-0.0482672
-0.0512193
-0.0534670
-0.0551805
-0.0589511
-0.0653143
-0.0755062
-0.0917338
-0.1100674
-0.1294412
-0.1517669
-0.1738870
-0.1949869
-0.2168902
-0.2347692
-0.2411792
-0.2338790
-0.2160911
-0.1914914
-0.1584356
-0.1146751
-0.0664921
-0.0219085
0.0144756
0.0401509
0.0601444
0.0799481
0.0983535
0.1117813
0.1178766
0.1212093
0.1262751
0.1328702
0.1407028
0.1479853
0.1542928
0.1591841
0.1629801
0.1689393
0.1762943
0.1825180
0.1841624
0.1795716
0.1706632
0.1541829
0.1275400
0.0909184
0.0446537
-0.0078789
-0.0649948
-0.1226447
-0.1726038
-0.2110408
-0.2428684
-0.2750919
-0.3036956
-0.3211411
-0.3266769
-0.3254429
-0.3236410
-0.3223809
-0.3205732
-0.3186095
-0.3159579
-0.3129220
-0.3079627
-0.2969244
-0.2788778
-0.2517132
-0.2160882
-0.1767929
-0.1366115
-0.0982544
-0.0650091
-0.0370101
-0.0119583
0.0104418
0.0306518
0.0486916
0.0619594
0.0708976
0.0742087
0.0690766
0.0583539
0.0437040
0.0290065
0.0186015
0.0113295
0.0077286
0.0082519
0.0117181
0.0184605
0.0261429
0.0329080
0.0384046
0.0424308
0.0442835
0.0423061
0.0382597
0.0329818
0.0273312
0.0215984
0.0165935
0.0124461
0.0067942
0.0007279
-0.0051294
-0.0122762
-0.0191793
-0.0239988
-0.0270542
-0.0265328
-0.0208840
-0.0105474
0.0049883
0.0243652
0.0440692
0.0639597
0.0805481
0.0900410
0.0950599
0.0971539
0.0970209
0.0949114
0.0922252
0.0922549
0.1007996
0.1186883
0.1398932
0.1624079
0.1856218
0.2092114
0.2321465
0.2509979
0.2646633
0.2750485
0.2798820
0.2733145
0.2493680
0.2062362
0.1498335
0.0844571
0.0177026
-0.0408171
-0.0890847
-0.1298740
-0.1636780
-0.1899727
-0.2134034
-0.2336088
-0.2492827
-0.2627733
-0.2742928
-0.2831275
-0.2869770
-0.2857820
-0.2798922
-0.2689969
-0.2559976
-0.2426372
-0.2292565
-0.2154336
-0.2028231
-0.1944811
-0.1890710
-0.1874685
-0.1886361
-0.1908657
-0.1950360
-0.1974968
-0.1984924
-0.2003883
-0.2018390
-0.2031699
-0.2034054
-0.2008044
-0.1957975
-0.1872633
-0.1771570
-0.1668715
-0.1566293
-0.1495850
-0.1437781
-0.1379286
-0.1326725
-0.1238859
-0.1108117
-0.0963303
-0.0813156
-0.0670854
-0.0544544
-0.0445587
-0.0384400
-0.0365186
-0.0374846
-0.0370579
-0.0339763
-0.0289538
-0.0227852
-0.0179869
-0.0138216
-0.0104626
-0.0088627
-0.0063979
-0.0027585
0.0018967
0.0046425
0.0047180
0.0032783
-0.0020664
-0.0094738
-0.0186590
-0.0300879
-0.0429463
-0.0555912
-0.0651964
-0.0732884
-0.0776685
-0.0769513
-0.0728654
-0.0662732
-0.0587427
-0.0478159
-0.0299472
-0.0065698
0.0172089
0.0388539
0.0589180
0.0781888
0.0954162
0.1107197
0.1223441
0.1291924
0.1354913
0.1416356
0.1479926
0.1564530
0.1641982
0.1688916
0.1707701
0.1644930
0.1489578
0.1280670
0.1030924
0.0785632
0.0579563
0.0384640
0.0167834
-0.0043575
-0.0265136
-0.0511883
-0.0759804
-0.1023837
-0.1328644
-0.1648340
-0.1941155
-0.2200215
-0.2409682
-0.2581030
-0.2712814
-0.2784486
-0.2806479
-0.2792780
-0.2754575
-0.2687079
-0.2600494
-0.2502581
-0.2384120
-0.2259474
-0.2125176
-0.1970937
-0.1800542
-0.1653774
-0.1545254
-0.1429774
-0.1306656
-0.1172141
-0.1035744
-0.0917261
-0.0798295
-0.0680318
-0.0569545
-0.0468765
-0.0380649
-0.0322245
-0.0296562
-0.0285031
-0.0269988
-0.0249492
-0.0216064
-0.0144952
-0.0034635
0.0131119
0.0335431
0.0557941
0.0820351
0.1106747
0.1382689
0.1645190
0.1887271
0.2078647
0.2241253
0.2394509
0.2510268
0.2568444
0.2600928
0.2656936
0.2727495
0.2817013
0.2919897
0.3023446
0.3158380
0.3328861
0.3500036
0.3622991
0.3674837
0.3677814
0.3660041
0.3606864
0.3507275
0.3375838
0.3212986
0.3049225
0.2889552
0.2699592
0.2506685
0.2340235
0.2186458
0.2008882
0.1799516
0.1576177
0.1341593
0.1121853
0.0935770
0.0773654
0.0631679
0.0528048
0.0459844
0.0403084
0.0364417
0.0371151
0.0409176
0.0446015
0.0497159
0.0570690
0.0645633
0.0719230
0.0794868
0.0865593
0.0954723
0.1092801
0.1258953
0.1425731
0.1588908
0.1718567
0.1804978
0.1884396
0.1934523
0.1919668
0.1826090
0.1621174
0.1295940
0.0876349
0.0428522
-0.0013612
-0.0424580
-0.0797572
-0.1166004
-0.1503523
-0.1794155
-0.2022147
-0.2177340
-0.2297651
-0.2404046
-0.2499445
-0.2592590
-0.2671039
-0.2691024
-0.2665953
-0.2601188
-0.2486961
-0.2353804
-0.2112243
-0.1686272
-0.1180027
-0.0701455
-0.0266166
0.0135511
0.0488647
0.0766927
0.0950335
0.1036267
0.1034273
0.0946741
0.0783126
0.0573396
0.0359698
0.0172615
0.0007367
-0.0161613
-0.0322553
-0.0441869
-0.0518849
-0.0558543
-0.0576450
-0.0571711
-0.0539827
-0.0491408
-0.0415842
-0.0312087
-0.0171873
0.0007641
0.0229073
0.0492605
0.0768070
0.1048225
0.1312598
0.1543708
0.1753695
0.1922544
0.2053027
0.2142588
0.2181531
0.2199825
0.2186025
0.2113789
0.1979636
0.1812276
0.1662241
0.1547003
0.1454089
0.1370591
0.1293649
0.1225757
0.1161716
0.1095368
0.1032782
0.0967899
0.0906463
0.0840650
0.0733339
0.0596742
0.0475902
0.0385701
0.0320239
0.0272375
0.0227923
0.0184409
0.0127049
0.0044937
-0.0043196
-0.0129417
-0.0211474
-0.0281248
-0.0312051
-0.0292767
-0.0232894
-0.0124175
0.0021205
0.0183042
0.0349216
0.0490562
0.0598601
0.0648049
0.0611778
0.0524727
0.0418598
0.0302681
0.0164879
0.0016647
-0.0120075
-0.0241247
-0.0328155
-0.0402229
-0.0470863
-0.0525785
-0.0579274
-0.0614004
-0.0642158
-0.0702910
-0.0789821
-0.0878106
-0.0976298
-0.1080711
-0.1171119
-0.1245502
-0.1295531
-0.1333112
-0.1346507
-0.1322074
-0.1278433
-0.1206475
-0.1114270
-0.1012920
-0.0893795
-0.0746581
-0.0572096
-0.0384067
-0.0196186
-0.0036580
0.0067925
0.0116939
0.0097495
0.0028478
-0.0058098
-0.0173101
-0.0284646
-0.0386214
-0.0483825
-0.0598554
-0.0759476
-0.0933943
-0.1112332
-0.1284882
-0.1449942
-0.1633630
-0.1804661
-0.1929610
-0.2004056
-0.1994432
-0.1890652
-0.1669871
-0.1313365
-0.0885914
-0.0474814
-0.0144806
0.0085950
0.0242504
0.0339283
0.0358166
0.0274358
0.0117917
-0.0033184
-0.0140746
-0.0225060
-0.0343267
-0.0543621
-0.0798933
-0.1053967
-0.1289693
-0.1482137
-0.1641809
-0.1794314
-0.1913801
-0.1978740
-0.1994794
-0.1996701
-0.2001787
-0.1966515
-0.1857562
-0.1671764
-0.1406414
-0.1095431
-0.0738365
-0.0315454
0.0146615
0.0630550
0.1114253
0.1618414
0.2145883
0.2644957
0.3097805
0.3476554
0.3743677
0.3924923
0.4060623
0.4121704
0.4109262
0.4038081
0.3900546
0.3689634
0.3349467
0.2861042
0.2211833
0.1451546
0.0758070
0.0199729
-0.0266438
-0.0698796
-0.1149847
-0.1605381
-0.2049068
-0.2423308
-0.2658063
-0.2771091
-0.2781596
-0.2651720
-0.2319196
-0.1854224
-0.1393598
-0.0944313
-0.0502059
-0.0083170
0.0329363
0.0735508
0.1110172
0.1460953
0.1818229
0.2156229
0.2460329
0.2737784
0.2990413
0.3221006
0.3427338
0.3591649
0.3679389
0.3709561
0.3748518
0.3791738
0.3779528
0.3697741
0.3564049
0.3428537
0.3312778
0.3220298
0.3156761
0.3110782
0.3081217
0.3057634
0.3028070
0.2996670
0.2959620
0.2896358
0.2795324
0.2663901
0.2495703
0.2271872
0.2033144
0.1815874
0.1645884
0.1500893
0.1297439
0.1033877
0.0742730
0.0447869
0.0150013
-0.0156401
-0.0447280
-0.0767169
-0.1136625
-0.1526007
-0.1928540
-0.2320424
-0.2702034
-0.3076087
-0.3435531
-0.3762607
-0.4066085
-0.4371313
-0.4643522
-0.4871081
-0.5059335
-0.5204876
-0.5336125
-0.5442520
-0.5484917
-0.5453791
-0.5352338
-0.5166525
-0.4866442
-0.4430818
-0.3884073
-0.3297793
-0.2704592
-0.2040499
-0.1297630
-0.0566882
0.0137651
0.0884158
0.1656996
0.2340640
0.2914030
0.3423494
0.3879449
0.4256536
0.4525596
0.4698027
0.4794972
0.4843900
0.4838900
0.4752302
0.4576633
0.4291896
0.3883871
0.3336924
0.2671848
0.1973682
0.1284809
0.0613829
-0.0014597
-0.0528554
-0.0841568
-0.1011799
-0.1135167
-0.1222419
-0.1265746
-0.1267764
-0.1259135
-0.1259095
-0.1279052
-0.1320177
-0.1356521
-0.1391629
-0.1425335
-0.1458207
-0.1504418
-0.1526238
-0.1501413
-0.1412446
-0.1224626
-0.0940231
-0.0601106
-0.0290007
-0.0023232
0.0227127
0.0424154
0.0524811
0.0558751
0.0579347
0.0587255
0.0576636
0.0508287
0.0360738
0.0159097
-0.0112776
-0.0423694
-0.0699381
-0.0954459
-0.1198552
-0.1354686
-0.1411206
-0.1427570
-0.1434030
-0.1440023
-0.1443844
-0.1444059
-0.1457788
-0.1484911
-0.1500011
-0.1482859
-0.1437236
-0.1371054
-0.1282055
-0.1158215
-0.0995198
-0.0828349
-0.0691866
-0.0596391
-0.0557170
-0.0571430
-0.0589602
-0.0558956
-0.0460601
-0.0324090
-0.0151880
0.0091750
0.0415599
0.0777767
0.1102834
0.1386920
0.1683685
0.1996253
0.2292175
0.2545642
0.2750167
0.2928712
0.3097068
0.3258085
0.3366128
0.3411139
0.3424390
0.3399724
0.3317720
0.3153626
0.2954664
0.2754430
0.2517681
0.2252654
0.1975040
0.1708828
0.1507352
0.1349955
0.1199236
0.1043839
0.0866884
0.0663879
0.0414228
0.0100607
-0.0265539
-0.0666512
-0.1093950
-0.1528564
-0.1929841
-0.2287059
-0.2637645
-0.2970819
-0.3243577
-0.3443016
-0.3601923
-0.3744573
-0.3849220
-0.3901991
-0.3898249
-0.3846922
-0.3750772
-0.3639175
-0.3496221
-0.3244285
-0.2921804
-0.2553734
-0.2081176
-0.1529894
-0.0912906
-0.0275312
0.0309607
0.0886838
0.1464349
0.2014995
0.2555887
0.3028619
0.3361489
0.3602125
0.3809497
0.3992549
0.4124290
0.4170530
0.4164736
0.4150098
0.4097023
0.3937047
0.3646429
0.3287606
0.2936067
0.2629308
0.2336854
0.2021569
0.1677818
0.1310025
0.0967672
0.0686128
0.0453958
0.0212596
-0.0047878
-0.0311171
-0.0570798
-0.0798370
-0.1014576
-0.1206974
-0.1342677
-0.1434686
-0.1481732
-0.1466921
-0.1399300
-0.1281232
-0.1130782
-0.1002373
-0.0895089
-0.0784243
-0.0656073
-0.0498327
-0.0337649
-0.0203960
-0.0096325
-0.0010869
0.0048061
0.0081629
0.0095465
0.0058014
-0.0026138
-0.0112922
-0.0216918
-0.0317511
-0.0393273
-0.0457001
-0.0496882
-0.0502093
-0.0464226
-0.0431926
-0.0442004
-0.0446350
-0.0450573
-0.0474800
-0.0485416
-0.0507348
-0.0526663
-0.0519910
-0.0509066
-0.0477811
-0.0449372
-0.0435113
-0.0411211
-0.0358580
-0.0270732
-0.0147232
0.0000461
0.0139042
0.0260263
0.0376209
0.0480426
0.0556100
0.0610654
0.0645623
0.0662765
0.0694769
0.0759174
0.0827647
0.0883324
0.0936695
0.0991634
0.1047056
0.1102596
0.1146466
0.1166449
0.1134864
0.1053347
0.0949716
0.0813406
0.0651039
0.0475422
0.0295315
0.0129667
0.0004839
-0.0102734
-0.0233959
-0.0362481
-0.0465945
-0.0567819
-0.0703039
-0.0880985
-0.1057710
-0.1208436
-0.1353020
-0.1453945
-0.1508450
-0.1565238
-0.1600829
-0.1600193
-0.1576408
-0.1526382
-0.1452066
-0.1358368
-0.1260156
-0.1185777
-0.1141541
-0.1102914
-0.1067239
-0.1034620
-0.1005291
-0.0967829
-0.0917162
-0.0855902
-0.0791305
-0.0728081
-0.0626078
-0.0464154
-0.0243569
0.0009040
0.0257064
0.0489565
0.0705807
0.0890938
0.1026993
0.1118470
0.1159237
0.1149867
0.1115442
0.1048310
0.0938428
0.0815515
0.0696977
0.0567021
0.0439098
0.0331691
0.0213279
0.0077150
-0.0050454
-0.0169134
-0.0295870
-0.0426944
-0.0550168
-0.0648909
-0.0723744
-0.0791350
-0.0852637
-0.0909172
-0.0950505
-0.0980811
-0.0980690
-0.0922949
-0.0814295
-0.0654039
-0.0448402
-0.0218526
0.0017141
0.0249683
0.0463491
0.0646750
0.0788483
0.0895604
0.0988972
0.1077750
0.1150125
0.1177331
0.1159939
0.1107816
0.1032380
0.0952076
0.0842689
0.0677017
0.0464634
0.0232709
0.0002929
-0.0234762
-0.0466783
-0.0672497
-0.0870435
-0.1063797
-0.1254088
-0.1445173
-0.1597635
-0.1689552
-0.1740604
-0.1779879
-0.1828705
-0.1851782
-0.1828474
-0.1780052
-0.1703597
-0.1619845
-0.1530631
-0.1410662
-0.1285128
-0.1132997
-0.0933067
-0.0693512
-0.0398038
-0.0080427
0.0232678
0.0557345
0.0869183
0.1131676
0.1354653
0.1551236
0.1733595
0.1879468
0.1964391
0.2015255
0.2030442
0.1995140
0.1914061
0.1796467
0.1658282
0.1507019
0.1352802
0.1208300
0.1068875
0.0962288
0.0901898
0.0849445
0.0793707
0.0735212
0.0660560
0.0579309
0.0504637
0.0431338
0.0365887
0.0296534
0.0218337
0.0156482
0.0116482
0.0099183
0.0117128
0.0151865
0.0184892
0.0239370
0.0294660
0.0318336
0.0343985
0.0371882
0.0386637
0.0416083
0.0441356
0.0454025
0.0475740
0.0494031
0.0516092
0.0532576
0.0524755
0.0507753
0.0493385
0.0485309
0.0478744
0.0482553
0.0506003
0.0549418
0.0604033
0.0657835
0.0718731
0.0792123
0.0877098
0.0959087
0.1015943
0.1061269
0.1110777
0.1163533
0.1219006
0.1249272
0.1245892
0.1216040
0.1161650
0.1104770
0.1039221
0.0957567
0.0872294
0.0781657
0.0683598
0.0593714
0.0501629
0.0392333
0.0294611
0.0210401
0.0133063
0.0076578
0.0030345
-0.0021193
-0.0071537
-0.0110467
-0.0143075
-0.0182149
-0.0224738
-0.0272213
-0.0330846
-0.0401158
-0.0468459
-0.0516129
-0.0551438
-0.0565635
-0.0552052
-0.0545756
-0.0565720
-0.0599662
-0.0648637
-0.0701311
-0.0768754
-0.0854894
-0.0917971
-0.0959565
-0.0995183
-0.1023634
-0.1051132
-0.1061230
-0.1043846
-0.1031925
-0.1017527
-0.0986918
-0.0960967
-0.0912246
-0.0855306
-0.0818455
-0.0773712
-0.0714485
-0.0649733
-0.0592605
-0.0541631
-0.0504611
-0.0494623
-0.0487388
-0.0474051
-0.0485919
-0.0533841
-0.0594318
-0.0642849
-0.0685277
-0.0734888
-0.0777780
-0.0810073
-0.0829663
-0.0840661
-0.0845647
-0.0842221
-0.0831689
-0.0814564
-0.0805601
-0.0794512
-0.0767185
-0.0734809
-0.0704427
-0.0667016
-0.0618431
-0.0574685
-0.0549924
-0.0540709
-0.0539634
-0.0529699
-0.0511456
-0.0505777
-0.0493783
-0.0469011
-0.0440557
-0.0407221
-0.0377092
-0.0346348
-0.0313039
-0.0297903
-0.0297180
-0.0283168
-0.0258824
-0.0227304
-0.0194826
-0.0155846
-0.0105821
-0.0060525
-0.0011431
0.0040354
0.0079703
0.0106658
0.0130159
0.0145140
0.0142197
0.0128730
0.0099333
0.0059757
0.0019167
-0.0039134
-0.0096499
-0.0128638
-0.0166870
-0.0219770
-0.0266787
-0.0302245
-0.0327285
-0.0362467
-0.0391542
-0.0405866
-0.0424362
-0.0438039
-0.0439128
-0.0435066
-0.0428945
-0.0412244
-0.0394680
-0.0386811
-0.0387483
-0.0403482
-0.0444508
-0.0485773
-0.0533784
-0.0607695
-0.0683109
-0.0742824
-0.0771266
-0.0802468
-0.0835990
-0.0831543
-0.0796537
-0.0736910
-0.0660362
-0.0580780
-0.0511987
-0.0457439
-0.0417549
-0.0393260
-0.0373582
-0.0365578
-0.0365559
-0.0346767
-0.0318942
-0.0292341
-0.0241740
-0.0168231
-0.0081961
0.0031281
0.0161619
0.0295065
0.0426167
0.0539830
0.0640476
0.0726712
0.0774712
0.0794822
0.0783511
0.0729572
0.0635637
0.0497038
0.0342153
0.0185261
0.0018923
-0.0145370
-0.0266952
-0.0335652
-0.0393676
-0.0431801
-0.0428574
-0.0396940
-0.0354122
-0.0321817
-0.0287046
-0.0254534
-0.0216773
-0.0163534
-0.0118028
-0.0057542
0.0022349
0.0114551
0.0211536
0.0292910
0.0358840
0.0404697
0.0437193
0.0463478
0.0483409
0.0479237
0.0448985
0.0410334
0.0339757
0.0245864
0.0159042
0.0064624
-0.0040342
-0.0137829
-0.0241760
-0.0334208
-0.0402496
-0.0477564
-0.0525259
-0.0553007
-0.0590710
-0.0618379
-0.0641191
-0.0658962
-0.0673447
-0.0676248
-0.0666982
-0.0654163
-0.0628780
-0.0591597
-0.0552577
-0.0507563
-0.0449255
-0.0373254
-0.0288789
-0.0216106
-0.0141182
-0.0071983
-0.0023562
0.0009153
0.0020324
-0.0002027
-0.0047350
-0.0101652
-0.0159372
-0.0213993
-0.0274683
-0.0311987
-0.0326437
-0.0343216
-0.0349642
-0.0359668
-0.0351668
-0.0326446
-0.0315352
-0.0297708
-0.0286387
-0.0284101
-0.0272297
-0.0260529
-0.0266753
-0.0274979
-0.0279755
-0.0305213
-0.0333402
-0.0357512
-0.0390820
-0.0430674
-0.0476223
-0.0530181
-0.0574344
-0.0605131
-0.0652009
-0.0698588
-0.0720478
-0.0741590
-0.0764382
-0.0786029
-0.0798467
-0.0800722
-0.0818770
-0.0828103
-0.0825969
-0.0840111
-0.0847901
-0.0844948
-0.0854022
-0.0865539
-0.0865448
-0.0875153
-0.0890218
-0.0892091
-0.0885120
-0.0859276
-0.0815753
-0.0766009
-0.0699540
-0.0614200
-0.0544973
-0.0491150
-0.0427773
-0.0375986
-0.0350443
-0.0331295
-0.0325041
-0.0322187
-0.0308106
-0.0315676
-0.0332217
-0.0347536
-0.0362470
-0.0378087
-0.0412954
-0.0439661
-0.0457600
-0.0482988
-0.0499839
-0.0523363
-0.0546275
-0.0546691
-0.0550590
-0.0557062
-0.0548758
-0.0529062
-0.0514700
-0.0499152
-0.0468668
-0.0423375
-0.0374560
-0.0318173
-0.0243555
-0.0175170
-0.0101196
-0.0011173
0.0084061
0.0160576
0.0230989
0.0310483
0.0368891
0.0410074
0.0429607
0.0433945
0.0432100
0.0422530
0.0405775
0.0369231
0.0332169
0.0298054
0.0264403
0.0247030
0.0232399
0.0219485
0.0202021
0.0177760
0.0164698
0.0155641
0.0150659
0.0164386
0.0182430
0.0199133
0.0225637
0.0244709
0.0258155
0.0272724
0.0286708
0.0300824
0.0290971
0.0269214
0.0248264
0.0219124
0.0184003
0.0142939
0.0112585
0.0084539
0.0061805
0.0058012
0.0058055
0.0066495
0.0081578
0.0103531
0.0133518
0.0168189
0.0205570
0.0230791
0.0250372
0.0268909
0.0295046
0.0324265
0.0346218
0.0364555
0.0377437
0.0384523
0.0386740
0.0385775
0.0373534
0.0361720
0.0355477
0.0344388
0.0340680
0.0346231
0.0338532
0.0323325
0.0308802
0.0295179
0.0274062
0.0231748
0.0190775
0.0132725
0.0060762
0.0022597
-0.0010108
-0.0029877
0.0009386
0.0065064
0.0116533
0.0179644
0.0235778
0.0271805
0.0297223
0.0319553
0.0324349
0.0319294
0.0304935
0.0276482
0.0252307
0.0225372
0.0196893
0.0178119
0.0172773
0.0168325
0.0158375
0.0163502
0.0186883
0.0216181
0.0244318
0.0276813
0.0301355
0.0315735
0.0331230
0.0339890
0.0333403
0.0313553
0.0290000
0.0257639
0.0198835
0.0130389
0.0076284
0.0018345
-0.0047375
-0.0112771
-0.0165827
-0.0192068
-0.0192441
-0.0171228
-0.0125287
-0.0053014
0.0036648
0.0140207
0.0251901
0.0345021
0.0401846
0.0450349
0.0487482
0.0512404
0.0541229
0.0561534
0.0574531
0.0588207
0.0608228
0.0629033
0.0647202
0.0660193
0.0666006
0.0662400
0.0659416
0.0654334
0.0638183
0.0626968
0.0624032
0.0614407
0.0595227
0.0579604
0.0555016
0.0508627
0.0445041
0.0379538
0.0314968
0.0252787
0.0197870
0.0141638
0.0091748
0.0062534
0.0027984
-0.0025327
-0.0063545
-0.0090026
-0.0109749
-0.0128022
-0.0140207
-0.0134564
-0.0128336
-0.0107933
-0.0107386
-0.0132507
-0.0147160
-0.0160378
-0.0173793
-0.0195243
-0.0215387
-0.0243943
-0.0275015
-0.0294034
-0.0323339
-0.0361678
-0.0391094
-0.0415462
-0.0431379
-0.0426279
-0.0418213
-0.0408116
-0.0391500
-0.0376161
-0.0371131
-0.0367637
-0.0369010
-0.0387829
-0.0405690
-0.0442124
-0.0479004
-0.0495230
-0.0516288
-0.0528360
-0.0529399
-0.0527860
-0.0529406
-0.0529757
-0.0511409
-0.0490241
-0.0478880
-0.0461146
-0.0441475
-0.0413922
-0.0364748
-0.0309509
-0.0260091
-0.0206408
-0.0135497
-0.0051237
0.0036936
0.0124164
0.0200618
0.0256788
0.0301849
0.0340415
0.0375115
0.0399516
0.0417419
0.0443784
0.0466630
0.0484824
0.0498409
0.0501036
0.0499191
0.0502919
0.0498479
0.0488484
0.0485078
0.0472830
0.0457340
0.0444046
0.0435246
0.0425005
0.0408662
0.0411533
0.0409522
0.0396423
0.0392515
0.0394122
0.0404753
0.0408146
0.0407030
0.0405408
0.0399852
0.0378245
0.0355560
0.0334188
0.0278342
0.0205077
0.0117648
0.0005229
-0.0103131
-0.0201401
-0.0293449
-0.0360234
-0.0408221
-0.0423100
-0.0399615
-0.0372241
-0.0340978
-0.0288994
-0.0221042
-0.0158389
-0.0099730
-0.0034215
0.0025428
0.0057580
0.0078147
0.0104223
0.0110834
0.0095779
0.0082815
0.0065755
0.0048549
0.0039247
0.0015806
-0.0011485
-0.0033400
-0.0052525
-0.0072627
-0.0101910
-0.0128964
-0.0165948
-0.0210969
-0.0251748
-0.0301736
-0.0349840
-0.0386951
-0.0422371
-0.0453435
-0.0468816
-0.0476643
-0.0479792
-0.0451447
-0.0397288
-0.0342212
-0.0278739
-0.0205873
-0.0139622
-0.0081938
-0.0033965
-0.0004998
0.0013883
0.0028683
0.0032704
0.0034982
0.0038266
0.0034611
0.0027945
0.0018306
-0.0000101
-0.0013455
-0.0020079
-0.0027706
-0.0032054
-0.0047806
-0.0062433
-0.0056625
-0.0035679
0.0002722
0.0040104
0.0067796
0.0095864
0.0137100
0.0181275
0.0212005
0.0241023
0.0262674
0.0279464
0.0290325
0.0284159
0.0274518
0.0259727
0.0242129
0.0237203
0.0233070
0.0229726
0.0248602
0.0277001
0.0302767
0.0324548
0.0339548
0.0349239
0.0345771
0.0342916
0.0337438
0.0326006
0.0321709
0.0325593
0.0355180
0.0394332
0.0426076
0.0468057
0.0505421
0.0539299
0.0570880
0.0593749
0.0621130
0.0644781
0.0653358
0.0645227
0.0625201
0.0595594
0.0565592
0.0520310
0.0449532
0.0369514
0.0285593
0.0209895
0.0139952
0.0074979
0.0022920
-0.0014151
-0.0029619
-0.0030593
-0.0026351
-0.0012230
0.0017815
0.0047509
0.0065152
0.0077778
0.0084055
0.0082413
0.0074549
0.0067056
0.0057369
0.0047476
0.0047162
0.0048875
0.0056716
0.0075601
0.0102148
0.0135389
0.0166025
0.0200198
0.0220352
0.0215530
0.0210537
0.0200586
0.0180850
0.0163112
0.0157306
0.0146587
0.0111079
0.0061509
0.0009459
-0.0028046
-0.0058674
-0.0101239
-0.0155518
-0.0216889
-0.0258334
-0.0271059
-0.0271190
-0.0278037
-0.0298530
-0.0314689
-0.0324298
-0.0334613
-0.0347479
-0.0364271
-0.0377690
-0.0391128
-0.0411974
-0.0419531
-0.0415409
-0.0412495
-0.0393650
-0.0371095
-0.0353736
-0.0332140
-0.0305021
-0.0279092
-0.0263487
-0.0252940
-0.0246020
-0.0239763
-0.0241938
-0.0257381
-0.0279707
-0.0315224
-0.0358658
-0.0401284
-0.0445967
-0.0492287
-0.0536575
-0.0575191
-0.0608365
-0.0631438
-0.0647311
-0.0658667
-0.0655974
-0.0645523
-0.0625179
-0.0591547
-0.0548151
-0.0504996
-0.0466988
-0.0421460
-0.0387621
-0.0371212
-0.0368453
-0.0384136
-0.0396826
-0.0418875
-0.0454010
-0.0482535
-0.0512919
-0.0536786
-0.0556813
-0.0571204
-0.0576958
-0.0588207
-0.0594784
-0.0594249
-0.0594628
-0.0596519
-0.0588635
-0.0574544
-0.0562880
-0.0542952
-0.0508324
-0.0465770
-0.0400005
-0.0307690
-0.0216452
-0.0120442
-0.0016346
0.0084303
0.0174627
0.0244146
0.0299796
0.0341406
0.0353411
0.0341454
0.0308752
0.0249452
0.0183417
0.0128960
0.0084249
0.0040747
0.0003544
-0.0018636
-0.0034814
-0.0034425
-0.0019655
0.0001018
0.0031182
0.0059171
0.0094115
0.0140649
0.0194077
0.0242201
0.0272039
0.0289513
0.0304070
0.0317436
0.0317727
0.0305821
0.0286387
0.0259404
0.0220406
0.0176647
0.0128707
0.0078477
0.0048241
0.0027546
0.0010151
-0.0001202
-0.0011567
-0.0010073
0.0003745
0.0022350
0.0042757
0.0061429
0.0082557
0.0109045
0.0131191
0.0152650
0.0171389
0.0178492
0.0186380
0.0200161
0.0202955
0.0185697
0.0166551
0.0152528
0.0146561
0.0159686
0.0176394
0.0196400
0.0228226
0.0251911
0.0271732
0.0293685
0.0310330
0.0318575
0.0320096
0.0317245
0.0299137
0.0280370
0.0265603
0.0245039
0.0216988
0.0186253
0.0160281
0.0136639
0.0125974
0.0113647
0.0095496
0.0088100
0.0082233
0.0075834
0.0075754
0.0084520
0.0101301
0.0121203
0.0140939
0.0162282
0.0199245
0.0256133
0.0318430
0.0383947
0.0447437
0.0501575
0.0563012
0.0633563
0.0692063
0.0746067
0.0801751
0.0845786
0.0880213
0.0904882
0.0916668
0.0919008
0.0903388
0.0867621
0.0816247
0.0745737
0.0659024
0.0563992
0.0473925
0.0379034
0.0273300
0.0191289
0.0141729
0.0107808
0.0077388
0.0047521
0.0035565
0.0033864
0.0037544
0.0055505
0.0068085
0.0066712
0.0068370
0.0075453
0.0075289
0.0078953
0.0081821
0.0080069
0.0075379
0.0053687
0.0019161
-0.0028054
-0.0075292
-0.0118129
-0.0164416
-0.0205505
-0.0233498
-0.0251413
-0.0258440
-0.0247870
-0.0227434
-0.0194052
-0.0156259
-0.0114933
-0.0064690
-0.0021213
0.0019923
0.0067185
0.0123769
0.0182313
0.0240325
0.0291485
0.0339231
0.0395057
0.0454584
0.0514864
0.0557350
0.0589842
0.0619272
0.0631131
0.0628800
0.0616123
0.0588118
0.0551275
0.0512484
0.0465862
0.0429979
0.0406120
0.0375973
0.0348105
0.0327553
0.0318414
0.0325769
0.0335431
0.0332957
0.0331107
0.0335658
0.0341328
0.0353029
0.0363725
0.0371027
0.0369828
0.0365384
0.0357096
0.0338218
0.0317514
0.0284405
0.0239309
0.0191811
0.0140130
0.0084563
0.0027733
-0.0026301
-0.0077952
-0.0135069
-0.0190896
-0.0243160
-0.0301668
-0.0358678
-0.0404392
-0.0439214
-0.0456171
-0.0448385
-0.0426742
-0.0403682
-0.0371270
-0.0326180
-0.0290373
-0.0261307
-0.0230438
-0.0212695
-0.0215915
-0.0224014
-0.0238496
-0.0265834
-0.0291211
-0.0314290
-0.0326928
-0.0327230
-0.0325707
-0.0324543
-0.0321820
-0.0304891
-0.0262789
-0.0212731
-0.0172140
-0.0141015
-0.0107912
-0.0077287
-0.0076648
-0.0083434
-0.0085531
-0.0097029
-0.0105705
-0.0111177
-0.0113864
-0.0110631
-0.0099691
-0.0083459
-0.0055485
-0.0013812
0.0026847
0.0069322
0.0122958
0.0186505
0.0249245
0.0304359
0.0348157
0.0379510
0.0403499
0.0411075
0.0406084
0.0391086
0.0362374
0.0334161
0.0301887
0.0260152
0.0208256
0.0137003
0.0048619
-0.0037502
-0.0120020
-0.0199737
-0.0271526
-0.0340951
-0.0393690
-0.0430952
-0.0457802
-0.0465465
-0.0457900
-0.0449855
-0.0439952
-0.0416914
-0.0397353
-0.0390045
-0.0379109
-0.0364390
-0.0355495
-0.0350768
-0.0353687
-0.0360392
-0.0362035
-0.0363451
-0.0363714
-0.0359746
-0.0359993
-0.0360848
-0.0357749
-0.0356104
-0.0347602
-0.0323549
-0.0286614
-0.0241688
-0.0204593
-0.0182875
-0.0162853
-0.0146130
-0.0147763
-0.0155476
-0.0178744
-0.0218649
-0.0242439
-0.0272943
-0.0303717
-0.0311869
-0.0321166
-0.0327898
-0.0316705
-0.0299442
-0.0277346
-0.0246112
-0.0212031
-0.0179517
-0.0144248
-0.0102074
-0.0070559
-0.0034695
0.0016826
0.0061792
0.0109517
0.0164006
0.0221302
0.0283327
0.0341659
0.0397122
0.0432081
0.0456834
0.0494154
0.0516049
0.0517106
0.0508075
0.0489822
0.0467593
0.0442499
0.0409529
0.0360883
0.0308273
0.0262233
0.0218662
0.0183031
0.0147954
0.0122217
0.0111904
0.0102320
0.0098574
0.0101415
0.0103975
0.0098327
0.0087434
0.0071393
0.0050433
0.0022313
-0.0018263
-0.0054142
-0.0075270
-0.0089243
-0.0091651
-0.0083261
-0.0085013
-0.0083311
-0.0078966
-0.0083436
-0.0081461
-0.0089810
-0.0110565
-0.0127781
-0.0142294
-0.0154869
-0.0163587
-0.0168545
-0.0170773
-0.0160583
-0.0136542
-0.0105782
-0.0061735
0.0002960
0.0079737
0.0153335
0.0217866
0.0275879
0.0328850
0.0369908
0.0382499
0.0379087
0.0379298
0.0364153
0.0344508
0.0337936
0.0328856
0.0316078
0.0304066
0.0293016
0.0283713
0.0270842
0.0259535
0.0242890
0.0223702
0.0220487
0.0215975
0.0209749
0.0222958
0.0241162
0.0251653
0.0275694
0.0302649
0.0314903
0.0323080
0.0334951
0.0342491
0.0335851
0.0324804
0.0313238
0.0295192
0.0272465
0.0246215
0.0220286
0.0193423
0.0163775
0.0142542
0.0121890
0.0100023
0.0085508
0.0072571
0.0062743
0.0057022
0.0045880
0.0037436
0.0038311
0.0032868
0.0017093
0.0001294
-0.0012275
-0.0024905
-0.0030379
-0.0023470
-0.0007626
0.0006846
0.0024772
0.0048466
0.0067203
0.0088400
0.0113173
0.0133120
0.0149283
0.0162989
0.0180631
0.0201356
0.0219542
0.0234776
0.0253256
0.0278649
0.0292176
0.0295791
0.0307831
0.0315741
0.0319514
0.0324186
0.0309768
0.0278866
0.0254384
0.0230675
0.0206018
0.0187198
0.0164297
0.0156972
0.0157543
0.0152424
0.0165273
0.0170149
0.0162376
0.0163064
0.0161802
0.0150322
0.0123739
0.0097196
0.0074326
0.0043290
0.0019562
0.0005208
-0.0019681
-0.0061853
-0.0094729
-0.0112861
-0.0136704
-0.0151242
-0.0166109
-0.0184177
-0.0189610
-0.0189273
-0.0190091
-0.0181856
-0.0156105
-0.0129854
-0.0097715
-0.0052130
-0.0012767
0.0026054
0.0064763
0.0087654
0.0102908
0.0103328
0.0094960
0.0086339
0.0061808
0.0034004
0.0006029
-0.0021818
-0.0047166
-0.0071673
-0.0084053
-0.0093242
-0.0102920
-0.0109944
-0.0109897
-0.0104842
-0.0102137
-0.0105621
-0.0112260
-0.0113523
-0.0102536
-0.0090006
-0.0083545
-0.0076795
-0.0076254
-0.0067805
-0.0050803
-0.0029563
-0.0000328
0.0030125
0.0057667
0.0079732
0.0099340
0.0123365
0.0151926
0.0169991
0.0178163
0.0187833
0.0188542
0.0171890
0.0151880
0.0124037
0.0079229
0.0033277
-0.0000612
-0.0039518
-0.0078006
-0.0099803
-0.0122641
-0.0135618
-0.0144187
-0.0158183
-0.0153725
-0.0141637
-0.0145074
-0.0139913
-0.0120569
-0.0105219
-0.0077166
-0.0051744
-0.0042380
-0.0028030
-0.0011908
0.0003372
0.0026469
0.0053171
0.0078070
0.0099784
0.0121419
0.0141762
0.0151833
0.0158450
0.0168416
0.0165376
0.0151988
0.0139427
0.0120163
0.0100398
0.0077589
0.0052468
0.0033661
0.0011585
-0.0007943
-0.0021884
-0.0034882
-0.0040309
-0.0042727
-0.0040177
-0.0025471
-0.0005339
0.0015058
0.0046407
0.0088785
0.0130316
0.0173793
0.0216449
0.0260101
0.0300706
0.0333727
0.0368133
0.0397362
0.0417874
0.0434905
0.0454922
0.0474080
0.0477506
0.0478052
0.0480558
0.0472518
0.0470254
0.0468681
0.0463937
0.0459098
0.0446295
0.0440391
0.0440355
0.0440423
0.0443694
0.0448147
0.0449050
0.0449203
0.0458501
0.0466592
0.0470608
0.0480711
0.0495389
0.0500791
0.0500025
0.0509816
0.0517709
0.0513299
0.0503148
0.0488056
0.0464514
0.0444067
0.0425759
0.0395171
0.0365563
0.0339253
0.0306934
0.0277191
0.0246266
0.0211334
0.0191490
0.0181804
0.0166309
0.0156840
0.0150670
0.0144001
0.0149068
0.0156411
0.0152114
0.0152268
0.0161276
0.0167883
0.0176997
0.0180680
0.0177604
0.0173659
0.0171270
0.0171809
0.0167341
0.0161074
0.0155054
0.0153304
0.0155850
0.0143628
0.0131511
0.0124327
0.0101066
0.0070482
0.0031904
-0.0015320
-0.0061102
-0.0102166
-0.0147254
-0.0198474
-0.0245244
-0.0282249
-0.0305227
-0.0319378
-0.0325871
-0.0322679
-0.0302424
-0.0264623
-0.0215882
-0.0155168
-0.0097150
-0.0045209
0.0008703
0.0056033
0.0096975
0.0129934
0.0152416
0.0173618
0.0200478
0.0224280
0.0235799
0.0238945
0.0236010
0.0227535
0.0207628
0.0181222
0.0144708
0.0092860
0.0042085
-0.0005783
-0.0059608
-0.0111123
-0.0156885
-0.0204621
-0.0250005
-0.0287033
-0.0305326
-0.0311702
-0.0316682
-0.0315023
-0.0313607
-0.0308311
-0.0291637
-0.0267792
-0.0240642
-0.0219669
-0.0207616
-0.0202585
-0.0210893
-0.0227483
-0.0246932
-0.0270219
-0.0293098
-0.0316037
-0.0342091
-0.0366245
-0.0382499
-0.0395342
-0.0403599
-0.0411601
-0.0423777
-0.0438569
-0.0454367
-0.0467453
-0.0482048
-0.0497079
-0.0510529
-0.0521995
-0.0523039
-0.0515197
-0.0500323
-0.0478502
-0.0455224
-0.0419275
-0.0378128
-0.0349546
-0.0329499
-0.0318164
-0.0315595
-0.0314001
-0.0321601
-0.0343234
-0.0369997
-0.0412829
-0.0467394
-0.0515569
-0.0554629
-0.0576136
-0.0594135
-0.0610078
-0.0602751
-0.0584513
-0.0551214
-0.0504363
-0.0456452
-0.0397257
-0.0337871
-0.0285669
-0.0236268
-0.0188796
-0.0140652
-0.0097350
-0.0058669
-0.0024151
0.0001165
0.0019033
0.0027998
0.0034815
0.0038691
0.0030244
0.0023281
0.0012754
-0.0010809
-0.0035019
-0.0064125
-0.0098476
-0.0132478
-0.0171451
-0.0202216
-0.0228155
-0.0261520
-0.0291282
-0.0317313
-0.0340050
-0.0357411
-0.0370408
-0.0384720
-0.0393105
-0.0394978
-0.0402454
-0.0405470
-0.0405399
-0.0412969
-0.0418888
-0.0412630
-0.0401719
-0.0392138
-0.0380077
-0.0371235
-0.0359291
-0.0345953
-0.0340056
-0.0323538
-0.0305518
-0.0296122
-0.0283073
-0.0272716
-0.0263925
-0.0253693
-0.0243595
-0.0235935
-0.0242107
-0.0249276
-0.0252257
-0.0257789
-0.0262315
-0.0261561
-0.0255748
-0.0257655
-0.0259716
-0.0253733
-0.0252121
-0.0251859
-0.0245787
-0.0240441
-0.0237737
-0.0239718
-0.0239975
-0.0235156
-0.0241614
-0.0252856
-0.0257405
-0.0265315
-0.0279888
-0.0294318
-0.0305860
-0.0313484
-0.0315818
-0.0313293
-0.0312934
-0.0317312
-0.0315591
-0.0317478
-0.0319289
-0.0305635
-0.0294271
-0.0285578
-0.0267819
-0.0245959
-0.0219266
-0.0183077
-0.0142596
-0.0102338
-0.0063582
-0.0026891
0.0014312
0.0056221
0.0084636
0.0104634
0.0126545
0.0141947
0.0156853
0.0171529
0.0170561
0.0165450
0.0162750
0.0151052
0.0135323
0.0119426
0.0101613
0.0083676
0.0070117
0.0057462
0.0040075
0.0029310
0.0021248
0.0015918
0.0013203
0.0013425
0.0021796
0.0021261
0.0028917
0.0045798
0.0051539
0.0058375
0.0062812
0.0061829
0.0062356
0.0063976
0.0059294
0.0051970
0.0051401
0.0051206
0.0045770
0.0042017
0.0040367
0.0042341
0.0044197
0.0044890
0.0043148
0.0036417
0.0033187
0.0034654
0.0039603
0.0036885
0.0029819
0.0019330
-0.0006203
-0.0042991
-0.0072668
-0.0095606
-0.0121170
-0.0148430
-0.0173386
-0.0198144
-0.0218893
-0.0228043
-0.0233636
-0.0235154
-0.0236898
-0.0233152
-0.0224978
-0.0221455
-0.0214314
-0.0215113
-0.0225833
-0.0238418
-0.0260755
-0.0283834
-0.0302871
-0.0325236
-0.0346654
-0.0364965
-0.0383077
-0.0394687
-0.0398979
-0.0407950
-0.0409686
-0.0396446
-0.0382218
-0.0360909
-0.0337884
-0.0314220
-0.0282619
-0.0251641
-0.0218734
-0.0187094
-0.0158709
-0.0127011
-0.0102636
-0.0087405
-0.0066533
-0.0051776
-0.0041519
-0.0021308
-0.0006998
0.0006981
0.0029238
0.0047655
0.0059022
0.0068656
0.0084054
0.0095769
0.0101753
0.0116164
0.0133670
0.0144897
0.0158470
0.0180702
0.0198667
0.0216322
0.0238848
0.0255427
0.0274929
0.0291922
0.0304009
0.0316163
0.0323765
0.0327782
0.0327554
0.0327022
0.0320264
0.0306701
0.0299387
0.0292884
0.0287004
0.0288497
0.0288341
0.0288837
0.0292946
0.0296411
0.0300203
0.0305616
0.0312731
0.0316985
0.0313592
0.0306821
0.0302210
0.0291312
0.0273868
0.0262012
0.0249017
0.0226871
0.0191759
0.0148225
0.0111881
0.0079177
0.0051552
0.0025143
-0.0004218
-0.0026533
-0.0052704
-0.0078649
-0.0105836
-0.0138695
-0.0171936
-0.0215233
-0.0259912
-0.0303352
-0.0340322
-0.0369494
-0.0401726
-0.0426649
-0.0448083
-0.0465488
-0.0468491
-0.0460857
-0.0445193
-0.0427262
-0.0398664
-0.0370680
-0.0350534
-0.0326161
-0.0304444
-0.0287165
-0.0280509
-0.0280727
-0.0279671
-0.0278842
-0.0273814
-0.0261768
-0.0254845
-0.0246828
-0.0228930
-0.0205394
-0.0177891
-0.0151495
-0.0124507
-0.0101247
-0.0087728
-0.0084135
-0.0075851
-0.0068737
-0.0066435
-0.0057682
-0.0052425
-0.0045442
-0.0037981
-0.0035935
-0.0028411
-0.0023187
-0.0031245
-0.0039310
-0.0050307
-0.0067129
-0.0085373
-0.0104157
-0.0118669
-0.0145324
-0.0169474
-0.0188208
-0.0217928
-0.0239766
-0.0255687
-0.0273842
-0.0288127
-0.0304038
-0.0318714
-0.0320170
-0.0321832
-0.0323851
-0.0316072
-0.0308905
-0.0307133
-0.0304346
-0.0297644
-0.0291777
-0.0283182
-0.0271255
-0.0269310
-0.0269591
-0.0260133
-0.0258285
-0.0260392
-0.0256126
-0.0261659
-0.0269953
-0.0265464
-0.0271193
-0.0282259
-0.0281382
-0.0288516
-0.0290374
-0.0273868
-0.0258289
-0.0249947
-0.0242143
-0.0232909
-0.0224567
-0.0211299
-0.0185924
-0.0159232
-0.0142058
-0.0129039
-0.0117940
-0.0104407
-0.0092231
-0.0080277
-0.0062735
-0.0059123
-0.0061449
-0.0057978
-0.0062025
-0.0071444
-0.0078434
-0.0081361
-0.0083870
-0.0086860
-0.0079549
-0.0063879
-0.0051607
-0.0036906
-0.0021012
0.0000007
0.0024118
0.0036223
0.0052538
0.0084236
0.0109703
0.0139227
0.0175705
0.0194886
0.0211788
0.0219605
0.0220008
0.0238267
0.0254710
0.0262077
0.0273910
0.0280898
0.0281810
0.0292849
0.0302882
0.0301034
0.0296755
0.0291316
0.0280950
0.0270456
0.0263867
0.0251027
0.0233772
0.0224549
0.0224656
0.0218610
0.0211750
0.0206384
0.0201228
0.0206621
0.0210652
0.0208360
0.0206632
0.0210383
0.0205963
0.0192532
0.0181317
0.0162902
0.0138060
0.0110121
0.0084279
0.0060200
0.0019423
-0.0021011
-0.0042737
-0.0064084
-0.0085725
-0.0100858
-0.0117609
-0.0130348
-0.0132299
-0.0131790
-0.0129303
-0.0117084
-0.0104854
-0.0104484
-0.0098263
-0.0079336
-0.0064564
-0.0055161
-0.0042605
-0.0033415
-0.0030493
-0.0027010
-0.0026031
-0.0028438
-0.0028781
-0.0029515
-0.0035646
-0.0037644
-0.0038420
-0.0045086
-0.0050380
-0.0059587
-0.0081789
-0.0101131
-0.0107409
-0.0114767
-0.0113028
-0.0103015
-0.0098606
-0.0075749
-0.0037915
-0.0008379
0.0026663
0.0072902
0.0106723
0.0134112
0.0167207
0.0185847
0.0195666
0.0203729
0.0202105
0.0199154
0.0199797
0.0197615
0.0194218
0.0204137
0.0219864
0.0233165
0.0250486
0.0263936
0.0276648
0.0284578
0.0290079
0.0301236
0.0301514
0.0295209
0.0293901
0.0287569
0.0274670
0.0258477
0.0239059
0.0208823
0.0167400
0.0131920
0.0088535
0.0039151
-0.0003151
-0.0047185
-0.0089699
-0.0130478
-0.0164411
-0.0188035
-0.0208918
-0.0226398
-0.0237769
-0.0251382
-0.0270855
-0.0290786
-0.0306084
-0.0312962
-0.0317325
-0.0321635
-0.0321752
-0.0322611
-0.0318560
-0.0304457
-0.0285510
-0.0255675
-0.0222225
-0.0188862
-0.0151676
-0.0116173
-0.0079282
-0.0045043
-0.0016656
0.0013382
0.0043890
0.0069852
0.0092079
0.0113046
0.0135426
0.0157056
0.0177882
0.0195180
0.0206704
0.0218854
0.0226197
0.0229840
0.0232716
0.0231774
0.0227512
0.0220347
0.0211636
0.0193289
0.0180846
0.0182524
0.0183928
0.0187091
0.0183391
0.0172653
0.0161146
0.0150294
0.0143164
0.0137606
0.0126326
0.0101977
0.0074380
0.0054342
0.0040667
0.0030961
0.0029218
0.0033494
0.0039030
0.0045490
0.0051332
0.0058509
0.0068971
0.0080958
0.0088225
0.0092850
0.0102306
0.0107169
0.0106133
0.0107707
0.0105315
0.0100022
0.0096177
0.0089180
0.0079518
0.0071625
0.0072757
0.0080453
0.0085551
0.0096425
0.0109660
0.0106729
0.0101967
0.0102141
0.0102889
0.0108851
0.0110192
0.0102442
0.0093090
0.0091070
0.0084385
0.0070648
0.0059025
0.0046308
0.0038565
0.0040918
0.0043977
0.0041095
0.0042441
0.0041216
0.0038801
0.0049546
0.0058031
0.0061571
0.0070024
0.0084233
0.0098382
0.0110245
0.0130199
0.0148191
0.0159485
0.0175929
0.0193454
0.0202624
0.0207248
0.0215970
0.0225790
0.0226472
0.0222081
0.0218744
0.0211312
0.0198312
0.0184461
0.0173718
0.0158631
0.0149030
0.0146079
0.0133787
0.0124391
0.0119174
0.0107666
0.0100476
0.0096319
0.0089778
0.0085999
0.0084458
0.0082127
0.0076021
0.0073496
0.0068945
0.0062517
0.0058104
0.0050827
0.0050640
0.0055095
0.0061208
0.0069465
0.0076825
0.0083539
0.0095138
0.0101981
0.0090893
0.0084736
0.0092443
0.0100679
0.0107335
0.0114224
0.0126951
0.0138010
0.0148715
0.0163720
0.0175692
0.0189330
0.0204661
0.0221906
0.0235817
0.0242792
0.0251291
0.0261165
0.0266828
0.0270459
0.0272192
0.0263705
0.0255329
0.0253147
0.0247160
0.0234272
0.0218711
0.0203897
0.0181150
0.0152907
0.0126836
0.0103026
0.0081095
0.0065130
0.0055422
0.0047948
0.0045974
0.0049802
0.0056616
0.0068316
0.0089324
0.0107752
0.0111597
0.0116239
0.0131897
0.0144347
0.0150352
0.0156670
0.0161227
0.0158884
0.0153706
0.0148709
0.0147068
0.0148555
0.0148722
0.0152997
0.0162870
0.0172740
0.0179158
0.0188766
0.0204102
0.0211824
0.0213270
0.0218402
0.0219016
0.0224141
0.0233256
0.0230525
0.0230946
0.0236921
0.0240013
0.0248161
0.0255157
0.0260171
0.0275030
0.0291574
0.0302483
0.0317329
0.0334461
0.0343170
0.0349113
0.0357220
0.0355080
0.0343946
0.0329000
0.0310120
0.0295700
0.0287026
0.0283223
0.0278550
0.0274575
0.0277339
0.0278748
0.0279301
0.0284662
0.0286526
0.0281373
0.0279398
0.0275775
0.0263858
0.0247737
0.0227546
0.0206690
0.0188987
0.0170298
0.0145595
0.0126980
0.0110684
0.0088378
0.0068774
0.0045559
0.0025860
0.0014135
0.0003812
-0.0005402
-0.0019567
-0.0027196
-0.0037264
-0.0054713
-0.0056089
-0.0060891
-0.0079191
-0.0094696
-0.0102564
-0.0107942
-0.0119631
-0.0126804
-0.0131885
-0.0149140
-0.0168267
-0.0179573
-0.0187656
-0.0200325
-0.0216374
-0.0227340
-0.0229902
-0.0226351
-0.0228301
-0.0229765
-0.0223547
-0.0211412
-0.0195091
-0.0185563
-0.0168792
-0.0147420
-0.0130518
-0.0105589
-0.0080082
-0.0065462
-0.0052685
-0.0033597
-0.0013838
0.0010259
0.0035341
0.0055794
0.0077214
0.0104163
0.0129972
0.0144929
0.0159177
0.0174094
0.0185561
0.0193900
0.0197078
0.0201852
0.0204108
0.0204231
0.0208404
0.0214483
0.0218470
0.0223300
0.0235382
0.0251842
0.0273270
0.0290955
0.0298508
0.0304777
0.0313449
0.0316208
0.0312215
0.0308119
0.0297645
0.0289081
0.0286057
0.0285817
0.0286178
0.0277392
0.0260112
0.0240030
0.0229472
0.0223257
0.0215634
0.0206768
0.0192675
0.0180181
0.0167834
0.0155080
0.0141583
0.0117539
0.0087627
0.0052642
0.0008542
-0.0031567
-0.0063420
-0.0095199
-0.0123758
-0.0145345
-0.0159232
-0.0163376
-0.0165994
-0.0160960
-0.0150706
-0.0144809
-0.0132250
-0.0119056
-0.0112210
-0.0107600
-0.0102661
-0.0099229
-0.0098629
-0.0105366
-0.0126722
-0.0147170
-0.0157868
-0.0163398
-0.0166282
-0.0177186
-0.0193572
-0.0206235
-0.0217303
-0.0226423
-0.0238835
-0.0253843
-0.0263941
-0.0276330
-0.0292074
-0.0303979
-0.0309887
-0.0310766
-0.0313147
-0.0320443
-0.0326070
-0.0326810
-0.0329544
-0.0331505
-0.0328201
-0.0323994
-0.0320062
-0.0316000
-0.0307297
-0.0296365
-0.0289584
-0.0284646
-0.0284006
-0.0292188
-0.0301456
-0.0307561
-0.0317683
-0.0331922
-0.0346908
-0.0360650
-0.0372095
-0.0382542
-0.0393244
-0.0401237
-0.0400600
-0.0397934
-0.0391167
-0.0381717
-0.0373889
-0.0354310
-0.0333924
-0.0323929
-0.0311162
-0.0292620
-0.0273359
-0.0254230
-0.0242526
-0.0234649
-0.0225725
-0.0219254
-0.0211308
-0.0208200
-0.0210586
-0.0213304
-0.0221786
-0.0234740
-0.0236090
-0.0225330
-0.0214425
-0.0206410
-0.0204316
-0.0209343
-0.0215136
-0.0214324
-0.0210630
-0.0214279
-0.0228671
-0.0248695
-0.0271683
-0.0288337
-0.0301742
-0.0318526
-0.0328625
-0.0340043
-0.0351645
-0.0353867
-0.0353061
-0.0349546
-0.0344037
-0.0334504
-0.0316943
-0.0298739
-0.0282411
-0.0261942
-0.0236809
-0.0214494
-0.0197256
-0.0179837
-0.0168158
-0.0159333
-0.0150017
-0.0152293
-0.0154557
-0.0143395
-0.0130755
-0.0114410
-0.0092814
-0.0077986
-0.0061529
-0.0039886
-0.0011235
0.0024954
0.0054600
0.0077133
0.0095968
0.0114080
0.0129210
0.0136520
0.0140012
0.0141222
0.0144411
0.0144798
0.0139891
0.0134677
0.0121983
0.0109616
0.0102074
0.0092264
0.0081188
0.0071354
0.0070904
0.0081797
0.0093396
0.0100950
0.0114641
0.0130993
0.0140682
0.0153547
0.0168642
0.0178524
0.0190793
0.0205063
0.0216788
0.0228137
0.0240947
0.0255391
0.0268169
0.0276275
0.0284736
0.0296504
0.0304509
0.0309101
0.0314540
0.0320770
0.0325560
0.0327304
0.0326285
0.0322352
0.0315877
0.0305129
0.0288494
0.0270082
0.0252206
0.0229203
0.0204291
0.0181998
0.0151807
0.0114942
0.0085969
0.0069407
0.0061896
0.0050184
0.0028037
0.0001547
-0.0029088
-0.0055048
-0.0073454
-0.0095333
-0.0121055
-0.0144918
-0.0162237
-0.0170721
-0.0166919
-0.0146406
-0.0113047
-0.0087553
-0.0073535
-0.0054453
-0.0034398
-0.0016032
-0.0002003
0.0004809
0.0010293
0.0011098
0.0005011
-0.0004316
-0.0014845
-0.0030304
-0.0047718
-0.0062225
-0.0078091
-0.0095874
-0.0115196
-0.0133669
-0.0146550
-0.0156587
-0.0163427
-0.0167516
-0.0169509
-0.0171475
-0.0178694
-0.0180102
-0.0175907
-0.0171415
-0.0167955
-0.0168983
-0.0168737
-0.0166545
-0.0164824
-0.0167613
-0.0172623
-0.0173965
-0.0173956
-0.0174718
-0.0175936
-0.0172783
-0.0164383
-0.0151513
-0.0135018
-0.0123042
-0.0114553
-0.0099417
-0.0073899
-0.0046279
-0.0023587
-0.0005818
0.0010995
0.0032847
0.0054854
0.0066097
0.0069745
0.0070167
0.0066913
0.0064698
0.0058107
0.0041439
0.0021430
0.0004876
-0.0006968
-0.0016858
-0.0024203
-0.0030161
-0.0035564
-0.0037087
-0.0036701
-0.0036893
-0.0040714
-0.0041289
-0.0036457
-0.0034543
-0.0032957
-0.0031427
-0.0030534
-0.0029255
-0.0029012
-0.0022902
-0.0002456
0.0030010
0.0067315
0.0098192
0.0121014
0.0145360
0.0178070
0.0210126
0.0233211
0.0254735
0.0266514
0.0272478
0.0280527
0.0289016
0.0301788
0.0314273
0.0324439
0.0334614
0.0345056
0.0350514
0.0353740
0.0357399
0.0358369
0.0356210
0.0353090
0.0348654
0.0340120
0.0332756
0.0329930
0.0323952
0.0312467
0.0307268
0.0304690
0.0297104
0.0289383
0.0282125
0.0277798
0.0280399
0.0286126
0.0291368
0.0291933
0.0284489
0.0275853
0.0268666
0.0266371
0.0269336
0.0272534
0.0276634
0.0280620
0.0284775
0.0290251
0.0299501
0.0312720
0.0329037
0.0344943
0.0356642
0.0367121
0.0376477
0.0383694
0.0388519
0.0391424
0.0391162
0.0387511
0.0381775
0.0375057
0.0370036
0.0366722
0.0359884
0.0349554
0.0343214
0.0337704
0.0327941
0.0312041
0.0292016
0.0276770
0.0259662
0.0236783
0.0214413
0.0192741
0.0174208
0.0157439
0.0141664
0.0124853
0.0107302
0.0093553
0.0083748
0.0073927
0.0059765
0.0049497
0.0040667
0.0030569
0.0028077
0.0023555
0.0018324
0.0018402
0.0017963
0.0020544
0.0026976
0.0035322
0.0047356
0.0062272
0.0077368
0.0091025
0.0102067
0.0111332
0.0117344
0.0117895
0.0116276
0.0112900
0.0101015
0.0082735
0.0061219
0.0033429
0.0005657
-0.0020471
-0.0043438
-0.0058669
-0.0073953
-0.0089223
-0.0098138
-0.0101684
-0.0101372
-0.0100256
-0.0097092
-0.0091953
-0.0088276
-0.0086414
-0.0084753
-0.0081543
-0.0076704
-0.0071525
-0.0068231
-0.0063631
-0.0056444
-0.0052361
-0.0053197
-0.0054296
-0.0049429
-0.0039898
-0.0036293
-0.0041510
-0.0051470
-0.0060617
-0.0066854
-0.0076528
-0.0086924
-0.0094380
-0.0103539
-0.0112810
-0.0122487
-0.0135031
-0.0145247
-0.0152825
-0.0158801
-0.0166006
-0.0177760
-0.0191205
-0.0202897
-0.0208928
-0.0210068
-0.0211513
-0.0215821
-0.0218360
-0.0217636
-0.0214285
-0.0208934
-0.0205625
-0.0202041
-0.0198677
-0.0195400
-0.0190490
-0.0192101
-0.0195949
-0.0196295
-0.0200897
-0.0205670
-0.0208548
-0.0214142
-0.0221393
-0.0229691
-0.0238237
-0.0250323
-0.0260438
-0.0264867
-0.0274229
-0.0285766
-0.0293439
-0.0300180
-0.0304886
-0.0306688
-0.0308999
-0.0310189
-0.0306217
-0.0299057
-0.0290110
-0.0278790
-0.0265915
-0.0255037
-0.0247458
-0.0235971
-0.0221773
-0.0209632
-0.0192435
-0.0172576
-0.0157972
-0.0151305
-0.0149783
-0.0146487
-0.0143103
-0.0137724
-0.0130334
-0.0129049
-0.0126856
-0.0124570
-0.0135344
-0.0150570
-0.0161973
-0.0176096
-0.0194207
-0.0209414
-0.0225377
-0.0242787
-0.0254742
-0.0267130
-0.0277661
-0.0283070
-0.0286470
-0.0287163
-0.0281892
-0.0273440
-0.0266540
-0.0255605
-0.0241909
-0.0229702
-0.0216127
-0.0203862
-0.0199042
-0.0197770
-0.0192632
-0.0183865
-0.0173914
-0.0159160
-0.0138577
-0.0120173
-0.0110651
-0.0105989
-0.0097654
-0.0081883
-0.0061996
-0.0048228
-0.0042395
-0.0036889
-0.0027728
-0.0019059
-0.0013840
-0.0012547
-0.0014732
-0.0013662
-0.0012405
-0.0011706
-0.0005679
0.0003369
0.0011557
0.0018458
0.0025689
0.0029052
0.0028479
0.0030597
0.0033291
0.0032771
0.0033389
0.0037998
0.0040680
0.0042266
0.0044412
0.0044346
0.0046515
0.0048184
0.0047802
0.0047350
0.0045936
0.0044563
0.0041121
0.0034816
0.0027259
0.0021697
0.0020164
0.0020723
0.0020498
0.0022621
0.0034128
0.0048020
0.0059562
0.0076192
0.0094935
0.0110759
0.0125858
0.0139477
0.0147540
0.0152541
0.0150494
0.0143414
0.0141410
0.0139595
0.0144960
0.0159928
0.0171290
0.0177940
0.0181427
0.0181794
0.0182985
0.0182180
0.0179826
0.0176145
0.0166659
0.0157996
0.0151680
0.0144031
0.0134921
0.0123269
0.0110846
0.0099602
0.0084921
0.0068853
0.0054892
0.0040172
0.0023675
0.0003301
-0.0015992
-0.0029203
-0.0040722
-0.0050223
-0.0057536
-0.0067038
-0.0074461
-0.0074490
-0.0069999
-0.0069171
-0.0072334
-0.0074778
-0.0075463
-0.0075355
-0.0077228
-0.0077912
-0.0078609
-0.0078553
-0.0073511
-0.0065889
-0.0052592
-0.0035929
-0.0020152
-0.0001059
0.0023700
0.0049738
0.0076619
0.0105275
0.0130952
0.0153651
0.0170858
0.0183632
0.0199543
0.0217597
0.0230680
0.0239708
0.0250189
0.0261577
0.0270984
0.0278449
0.0286080
0.0293315
0.0296299
0.0293056
0.0284155
0.0269784
0.0252232
0.0232748
0.0213184
0.0191292
0.0165255
0.0141135
0.0116046
0.0088291
0.0063748
0.0039157
0.0015281
-0.0002021
-0.0023418
-0.0048635
-0.0062954
-0.0067793
-0.0072418
-0.0083484
-0.0097068
-0.0108001
-0.0117378
-0.0125708
-0.0135299
-0.0149578
-0.0168520
-0.0185417
-0.0190272
-0.0182639
-0.0174435
-0.0169788
-0.0165726
-0.0157777
-0.0140562
-0.0118663
-0.0097902
-0.0080111
-0.0063264
-0.0044955
-0.0032627
-0.0024837
-0.0016175
-0.0010834
-0.0003233
0.0006784
0.0013047
0.0014907
0.0012636
0.0010733
0.0008409
0.0005273
-0.0001741
-0.0010911
-0.0015921
-0.0024322
-0.0036471
-0.0051435
-0.0068018
-0.0085369
-0.0108131
-0.0128821
-0.0144120
-0.0158697
-0.0173597
-0.0191884
-0.0212234
-0.0228850
-0.0246617
-0.0266435
-0.0281224
-0.0290880
-0.0294033
-0.0291501
-0.0291143
-0.0295767
-0.0296651
-0.0285807
-0.0265374
-0.0243574
-0.0225885
-0.0208135
-0.0187180
-0.0166919
-0.0148685
-0.0130593
-0.0114896
-0.0100467
-0.0084519
-0.0068769
-0.0054041
-0.0042027
-0.0030682
-0.0016967
-0.0000761
0.0016541
0.0031530
0.0044380
0.0056365
0.0067192
0.0074344
0.0078646
0.0082856
0.0085145
0.0084719
0.0084884
0.0089654
0.0097506
0.0107575
0.0119789
0.0129693
0.0138160
0.0150068
0.0164951
0.0177810
0.0189372
0.0199591
0.0208625
0.0217621
0.0218997
0.0217670
0.0218027
0.0213575
0.0209447
0.0209498
0.0208755
0.0206752
0.0206070
0.0207790
0.0212187
0.0219904
0.0229545
0.0238824
0.0249517
0.0262324
0.0272816
0.0283662
0.0297330
0.0307820
0.0313373
0.0315123
0.0313507
0.0314003
0.0317178
0.0314405
0.0309668
0.0303717
0.0294576
0.0288896
0.0282404
0.0272630
0.0260726
0.0249547
0.0243964
0.0241496
0.0239712
0.0238182
0.0236323
0.0231184
0.0227781
0.0228440
0.0228190
0.0227392
0.0225309
0.0226858
0.0234038
0.0238876
0.0238767
0.0234396
0.0223763
0.0209639
0.0193500
0.0174776
0.0159995
0.0145090
0.0130111
0.0120333
0.0112107
0.0109141
0.0106062
0.0099964
0.0094483
0.0085941
0.0076843
0.0065887
0.0052689
0.0041513
0.0030848
0.0016767
-0.0006883
-0.0035383
-0.0064746
-0.0092838
-0.0112377
-0.0129201
-0.0147311
-0.0163885
-0.0180915
-0.0198157
-0.0214039
-0.0226557
-0.0234175
-0.0240613
-0.0245975
-0.0248323
-0.0248643
-0.0246904
-0.0246965
-0.0252914
-0.0260233
-0.0263809
-0.0262685
-0.0261980
-0.0263778
-0.0262369
-0.0259882
-0.0254313
-0.0243445
-0.0233654
-0.0223540
-0.0212892
-0.0202799
-0.0191224
-0.0176527
-0.0161035
-0.0149492
-0.0140615
-0.0134266
-0.0127733
-0.0112304
-0.0093954
-0.0082261
-0.0073856
-0.0067952
-0.0064185
-0.0057500
-0.0047454
-0.0032798
-0.0017180
-0.0008845
-0.0003749
0.0003439
0.0013638
0.0024351
0.0031698
0.0038461
0.0044554
0.0047953
0.0048470
0.0044777
0.0039002
0.0032013
0.0022094
0.0011522
0.0001400
-0.0009245
-0.0017793
-0.0025001
-0.0032915
-0.0042523
-0.0051730
-0.0060299
-0.0073572
-0.0088328
-0.0100701
-0.0108511
-0.0115545
-0.0125735
-0.0135322
-0.0146302
-0.0153770
-0.0152981
-0.0152375
-0.0153939
-0.0151979
-0.0145777
-0.0135514
-0.0123664
-0.0112238
-0.0098813
-0.0083595
-0.0067643
-0.0050844
-0.0036651
-0.0022636
-0.0010458
-0.0001391
0.0011257
0.0024070
0.0034087
0.0042396
0.0050489
0.0057728
0.0062215
0.0065163
0.0063954
0.0056138
0.0047860
0.0040943
0.0031016
0.0018017
0.0004867
-0.0006712
-0.0018436
-0.0031684
-0.0045655
-0.0063589
-0.0076854
-0.0082143
-0.0093537
-0.0106561
-0.0116290
-0.0128422
-0.0141521
-0.0151919
-0.0162568
-0.0176205
-0.0191249
-0.0206843
-0.0220068
-0.0230793
-0.0243468
-0.0251103
-0.0254271
-0.0262360
-0.0260356
-0.0247864
-0.0235652
-0.0227853
-0.0228655
-0.0232700
-0.0240460
-0.0241172
-0.0233149
-0.0230755
-0.0227127
-0.0220721
-0.0216678
-0.0207843
-0.0202767
-0.0205103
-0.0205715
-0.0207206
-0.0203507
-0.0196484
-0.0198070
-0.0197013
-0.0188856
-0.0184917
-0.0181608
-0.0173013
-0.0161603
-0.0150937
-0.0138558
-0.0127253
-0.0118039
-0.0105121
-0.0094339
-0.0086000
-0.0077265
-0.0070279
-0.0067413
-0.0063255
-0.0056126
-0.0047647
-0.0034104
-0.0024677
-0.0016783
-0.0011853
-0.0008776
0.0004204
0.0015335
0.0021773
0.0029785
0.0039857
0.0052772
0.0063284
0.0074334
0.0087793
0.0097915
0.0111978
0.0127756
0.0137929
0.0149140
0.0164935
0.0181904
0.0194526
0.0202327
0.0211406
0.0220363
0.0223414
0.0224485
0.0219026
0.0203822
0.0188807
0.0172214
0.0153426
0.0137558
0.0117813
0.0093295
0.0073296
0.0059380
0.0047010
0.0033903
0.0027359
0.0025125
0.0022702
0.0022991
0.0021717
0.0022273
0.0021910
0.0019325
0.0018831
0.0012717
0.0002472
-0.0010202
-0.0022515
-0.0029690
-0.0038744
-0.0051231
-0.0066513
-0.0081607
-0.0092024
-0.0097876
-0.0105201
-0.0122448
-0.0140829
-0.0155121
-0.0166146
-0.0167043
-0.0164175
-0.0168129
-0.0179327
-0.0192295
-0.0204567
-0.0213847
-0.0219000
-0.0224949
-0.0236172
-0.0249436
-0.0260955
-0.0271193
-0.0278518
-0.0282539
-0.0282867
-0.0282814
-0.0276551
-0.0265017
-0.0254087
-0.0240132
-0.0227358
-0.0216030
-0.0208314
-0.0204199
-0.0199185
-0.0194929
-0.0194400
-0.0196274
-0.0195277
-0.0193370
-0.0191272
-0.0188893
-0.0189244
-0.0185752
-0.0175897
-0.0164333
-0.0149647
-0.0134123
-0.0128097
-0.0130720
-0.0133174
-0.0130254
-0.0120154
-0.0108620
-0.0096376
-0.0083558
-0.0075833
-0.0073238
-0.0076103
-0.0081687
-0.0087872
-0.0103388
-0.0122960
-0.0138612
-0.0154244
-0.0167202
-0.0177449
-0.0188301
-0.0194221
-0.0196800
-0.0200705
-0.0201670
-0.0204658
-0.0207074
-0.0203056
-0.0196932
-0.0188468
-0.0179667
-0.0173754
-0.0168669
-0.0160826
-0.0149822
-0.0139241
-0.0130756
-0.0124020
-0.0116457
-0.0109039
-0.0106030
-0.0101933
-0.0096025
-0.0091806
-0.0089471
-0.0087319
-0.0085282
-0.0084096
-0.0075991
-0.0069605
-0.0071531
-0.0070687
-0.0070117
-0.0072286
-0.0075959
-0.0080416
-0.0080093
-0.0079175
-0.0077590
-0.0071628
-0.0067436
-0.0063409
-0.0061828
-0.0061076
-0.0056608
-0.0056970
-0.0058124
-0.0060983
-0.0069426
-0.0074210
-0.0077688
-0.0079854
-0.0085969
-0.0098970
-0.0101770
-0.0099675
-0.0094767
-0.0086074
-0.0079252
-0.0067017
-0.0059400
-0.0058719
-0.0056328
-0.0055608
-0.0055909
-0.0060846
-0.0068858
-0.0072997
-0.0077290
-0.0083975
-0.0083566
-0.0082511
-0.0086779
-0.0085961
-0.0088798
-0.0092390
-0.0087986
-0.0079725
-0.0065385
-0.0048399
-0.0032691
-0.0021201
-0.0012832
-0.0003476
0.0003099
0.0007944
0.0010466
0.0012995
0.0015952
0.0016465
0.0020585
0.0028192
0.0034882
0.0037246
0.0041482
0.0049912
0.0060040
0.0072629
0.0084152
0.0096167
0.0106444
0.0114807
0.0126999
0.0143797
0.0164294
0.0181171
0.0194773
0.0209756
0.0227609
0.0248271
0.0262192
0.0272544
0.0280586
0.0286692
0.0297985
0.0307833
0.0314399
0.0319731
0.0326116
0.0333142
0.0339711
0.0348125
0.0355993
0.0368339
0.0383038
0.0393294
0.0402138
0.0406846
0.0412540
0.0423899
0.0428240
0.0426661
0.0428169
0.0426297
0.0420050
0.0414134
0.0405890
0.0396765
0.0381327
0.0359744
0.0347060
0.0344010
0.0344997
0.0344566
0.0340624
0.0333558
0.0323124
0.0318216
0.0318404
0.0318812
0.0321722
0.0322054
0.0316938
0.0311158
0.0303188
0.0288218
0.0272585
0.0263101
0.0252777
0.0240082
0.0230688
0.0215568
0.0191478
0.0172331
0.0159720
0.0146277
0.0130057
0.0113859
0.0100470
0.0085287
0.0070924
0.0058988
0.0046928
0.0035724
0.0020150
0.0009618
0.0004882
0.0001475
0.0011306
0.0023186
0.0026624
0.0028310
0.0023642
0.0017191
0.0023876
0.0039198
0.0054159
0.0065693
0.0077013
0.0091863
0.0107566
0.0119711
0.0129368
0.0135066
0.0133563
0.0131446
0.0128295
0.0126365
0.0124029
0.0118625
0.0113284
0.0106751
0.0102542
0.0098297
0.0091271
0.0084693
0.0080324
0.0077228
0.0072499
0.0068776
0.0063375
0.0053166
0.0042895
0.0032047
0.0026248
0.0027700
0.0025106
0.0018516
0.0018967
0.0023922
0.0023648
0.0023371
0.0028679
0.0033816
0.0038714
0.0044477
0.0045724
0.0045438
0.0047787
0.0050169
0.0053260
0.0057695
0.0062067
0.0063898
0.0063379
0.0064516
0.0064928
0.0064165
0.0063414
0.0059326
0.0053151
0.0046157
0.0037474
0.0030083
0.0025078
0.0019458
0.0014634
0.0013680
0.0015185
0.0013071
0.0007849
0.0000891
-0.0007646
-0.0013247
-0.0019654
-0.0024040
-0.0027935
-0.0035298
-0.0039136
-0.0045545
-0.0054705
-0.0058582
-0.0059953
-0.0062466
-0.0067975
-0.0075132
-0.0079516
-0.0079914
-0.0079992
-0.0082583
-0.0086660
-0.0095399
-0.0105271
-0.0110900
-0.0113391
-0.0113175
-0.0116587
-0.0123004
-0.0127124
-0.0127853
-0.0128912
-0.0128149
-0.0122795
-0.0117454
-0.0108170
-0.0101923
-0.0100778
-0.0097429
-0.0094309
-0.0092475
-0.0094725
-0.0097343
-0.0096139
-0.0098675
-0.0104556
-0.0106082
-0.0109544
-0.0116018
-0.0120451
-0.0123327
-0.0123840
-0.0126141
-0.0127851
-0.0130270
-0.0136321
-0.0137974
-0.0138523
-0.0141123
-0.0138789
-0.0130861
-0.0127477
-0.0130903
-0.0130116
-0.0123632
-0.0113216
-0.0101897
-0.0099327
-0.0099001
-0.0091609
-0.0083950
-0.0079204
-0.0074403
-0.0068064
-0.0059907
-0.0050791
-0.0039332
-0.0028724
-0.0022026
-0.0015518
-0.0008924
-0.0003116
0.0002660
0.0008046
0.0011045
0.0014530
0.0017690
0.0015100
0.0009556
0.0001981
-0.0006043
-0.0009086
-0.0007188
-0.0000925
0.0004010
0.0001426
-0.0001192
-0.0001568
-0.0002986
-0.0003608
-0.0005007
-0.0006925
-0.0004869
-0.0007187
-0.0015566
-0.0022248
-0.0035796
-0.0051481
-0.0063530
-0.0078111
-0.0091705
-0.0106800
-0.0123858
-0.0138157
-0.0151442
-0.0164231
-0.0172692
-0.0174803
-0.0174010
-0.0174569
-0.0175680
-0.0171747
-0.0158385
-0.0142704
-0.0133809
-0.0129230
-0.0125944
-0.0119502
-0.0108321
-0.0093619
-0.0074820
-0.0053648
-0.0031418
-0.0011618
0.0000369
0.0005390
0.0012462
0.0022116
0.0028481
0.0033469
0.0035866
0.0033647
0.0030975
0.0024740
0.0014203
0.0004219
-0.0004345
-0.0015269
-0.0030030
-0.0040344
-0.0045101
-0.0048317
-0.0052133
-0.0056316
-0.0056705
-0.0053669
-0.0047921
-0.0042529
-0.0037798
-0.0029704
-0.0018289
-0.0004583
0.0007853
0.0020671
0.0034120
0.0043460
0.0049822
0.0055850
0.0061217
0.0067492
0.0074474
0.0078427
0.0082851
0.0088520
0.0094379
0.0102035
0.0106657
0.0109669
0.0113351
0.0118091
0.0129031
0.0141328
0.0154163
0.0168850
0.0182199
0.0196900
0.0210347
0.0218498
0.0225281
0.0232756
0.0236898
0.0238619
0.0237926
0.0236010
0.0236742
0.0235435
0.0232343
0.0229843
0.0227833
0.0226193
0.0223676
0.0219417
0.0208924
0.0190181
0.0168091
0.0150095
0.0131813
0.0113328
0.0101304
0.0083568
0.0060431
0.0043552
0.0027114
0.0007833
-0.0010432
-0.0025949
-0.0037214
-0.0049454
-0.0064169
-0.0074097
-0.0081021
-0.0085380
-0.0087832
-0.0093260
-0.0099828
-0.0103072
-0.0104985
-0.0108357
-0.0106192
-0.0099649
-0.0098173
-0.0099624
-0.0100663
-0.0101081
-0.0096297
-0.0090969
-0.0086646
-0.0081386
-0.0079663
-0.0073322
-0.0063033
-0.0057912
-0.0053324
-0.0051562
-0.0052712
-0.0052104
-0.0052892
-0.0054734
-0.0057370
-0.0059244
-0.0063224
-0.0070980
-0.0075010
-0.0077493
-0.0082571
-0.0085240
-0.0083731
-0.0080364
-0.0075329
-0.0070784
-0.0065499
-0.0059008
-0.0053349
-0.0049678
-0.0046883
-0.0041942
-0.0038830
-0.0037306
-0.0034717
-0.0032022
-0.0030961
-0.0034208
-0.0038534
-0.0045472
-0.0052988
-0.0057051
-0.0065648
-0.0076537
-0.0081008
-0.0081738
-0.0087402
-0.0095038
-0.0098985
-0.0101398
-0.0103827
-0.0104728
-0.0100774
-0.0096147
-0.0095388
-0.0096709
-0.0103558
-0.0112893
-0.0116146
-0.0115633
-0.0110850
-0.0108664
-0.0114036
-0.0118189
-0.0120698
-0.0118184
-0.0109265
-0.0101537
-0.0100501
-0.0104485
-0.0108216
-0.0111193
-0.0112500
-0.0110093
-0.0105580
-0.0103219
-0.0100161
-0.0097596
-0.0097914
-0.0095462
-0.0090143
-0.0083699
-0.0079486
-0.0078700
-0.0076336
-0.0071127
-0.0062353
-0.0050501
-0.0041032
-0.0030502
-0.0018894
-0.0011190
-0.0002687
0.0007010
0.0022459
0.0045625
0.0066782
0.0086827
0.0103316
0.0108896
0.0106380
0.0109181
0.0122673
0.0134597
0.0144552
0.0154002
0.0160447
0.0166315
0.0172555
0.0179222
0.0187245
0.0192753
0.0196302
0.0205361
0.0215405
0.0221322
0.0223682
0.0222651
0.0219004
0.0218549
0.0222414
0.0226507
0.0227272
0.0222543
0.0217779
0.0212934
0.0207443
0.0205385
0.0200942
0.0192331
0.0187210
0.0182158
0.0175287
0.0172520
0.0168688
0.0159804
0.0150819
0.0145340
0.0141200
0.0135767
0.0130709
0.0126196
0.0121624
0.0117519
0.0116582
0.0114640
0.0108231
0.0103253
0.0097463
0.0091005
0.0084430
0.0076771
0.0070664
0.0064837
0.0060598
0.0056857
0.0051055
0.0045935
0.0042656
0.0040445
0.0040964
0.0042634
0.0042955
0.0040644
0.0035300
0.0032067
0.0033464
0.0034052
0.0033505
0.0029715
0.0020496
0.0012688
0.0011524
0.0012290
0.0013097
0.0014851
0.0011872
0.0008508
0.0004465
-0.0005510
-0.0016681
-0.0030207
-0.0044922
-0.0056682
-0.0070545
-0.0085273
-0.0097881
-0.0107365
-0.0114436
-0.0121506
-0.0128934
-0.0140739
-0.0155179
-0.0167952
-0.0177213
-0.0181428
-0.0184090
-0.0187039
-0.0190528
-0.0194994
-0.0195390
-0.0191587
-0.0186836
-0.0184631
-0.0184727
-0.0180262
-0.0175744
-0.0170279
-0.0161011
-0.0153112
-0.0144913
-0.0137343
-0.0131659
-0.0127551
-0.0124037
-0.0118453
-0.0109294
-0.0100035
-0.0092836
-0.0080635
-0.0063052
-0.0045229
-0.0025636
-0.0005482
0.0013233
0.0033899
0.0054401
0.0073118
0.0094612
0.0116661
0.0133012
0.0143283
0.0151138
0.0158038
0.0165564
0.0172235
0.0174228
0.0175388
0.0176489
0.0175732
0.0173568
0.0172170
0.0171370
0.0166159
0.0162642
0.0163834
0.0160659
0.0156309
0.0153674
0.0151523
0.0155991
0.0162534
0.0165496
0.0166504
0.0168260
0.0166483
0.0158800
0.0153391
0.0156015
0.0164848
0.0169590
0.0165418
0.0157147
0.0152530
0.0154359
0.0159833
0.0165195
0.0170311
0.0174281
0.0172514
0.0168545
0.0164142
0.0156342
0.0147487
0.0140054
0.0132870
0.0125438
0.0115664
0.0103965
0.0093726
0.0085382
0.0080494
0.0072634
0.0059545
0.0047896
0.0038611
0.0028390
0.0018064
0.0007644
-0.0008382
-0.0024282
-0.0038348
-0.0056677
-0.0075451
-0.0088714
-0.0094512
-0.0095736
-0.0094645
-0.0093355
-0.0101254
-0.0118206
-0.0133729
-0.0141481
-0.0142980
-0.0145594
-0.0149857
-0.0154751
-0.0157090
-0.0157609
-0.0154923
-0.0149141
-0.0146545
-0.0140539
-0.0137169
-0.0137175
-0.0128553
-0.0117326
-0.0110052
-0.0101859
-0.0088450
-0.0073612
-0.0061060
-0.0047358
-0.0029581
-0.0010722
0.0007773
0.0027688
0.0046331
0.0057960
0.0066064
0.0074982
0.0084435
0.0093958
0.0102296
0.0108305
0.0111570
0.0113270
0.0112452
0.0109658
0.0104257
0.0097604
0.0092810
0.0088812
0.0083470
0.0076491
0.0072446
0.0072409
0.0076532
0.0083117
0.0085817
0.0088732
0.0095355
0.0098656
0.0101832
0.0106401
0.0110473
0.0115338
0.0117869
0.0124407
0.0131899
0.0134891
0.0141071
0.0150909
0.0160750
0.0171909
0.0181824
0.0190713
0.0204434
0.0219043
0.0230342
0.0235260
0.0233258
0.0228190
0.0222524
0.0215496
0.0209526
0.0205040
0.0190510
0.0170296
0.0153911
0.0136696
0.0119739
0.0103768
0.0087237
0.0071018
0.0054435
0.0039533
0.0026269
0.0016339
0.0011315
0.0007144
0.0015280
0.0014570
0.0008656
-0.0004722
-0.0015583
-0.0017999
-0.0017167
-0.0018840
-0.0022411
-0.0031439
-0.0043501
-0.0053435
-0.0064270
-0.0074958
-0.0087147
-0.0101991
-0.0115935
-0.0125807
-0.0132644
-0.0140594
-0.0145786
-0.0150703
-0.0158564
-0.0162580
-0.0163671
-0.0161736
-0.0157482
-0.0156066
-0.0154457
-0.0151731
-0.0147140
-0.0139282
-0.0134823
-0.0132886
-0.0129833
-0.0124699
-0.0118894
-0.0112944
-0.0105742
-0.0100949
-0.0096319
-0.0088122
-0.0079154
-0.0070732
-0.0061043
-0.0053116
-0.0051921
-0.0054738
-0.0053491
-0.0051287
-0.0056568
-0.0065588
-0.0072650
-0.0078634
-0.0084080
-0.0092079
-0.0104712
-0.0115230
-0.0122559
-0.0126602
-0.0126100
-0.0126857
-0.0127956
-0.0124176
-0.0116136
-0.0110974
-0.0107637
-0.0102540
-0.0092053
-0.0073063
-0.0052436
-0.0034632
-0.0021133
-0.0009261
0.0002460
0.0017022
0.0035152
0.0055911
0.0075390
0.0086599
0.0094024
0.0101614
0.0108281
0.0116134
0.0126593
0.0131752
0.0131519
0.0131821
0.0131403
0.0130702
0.0130849
0.0133593
0.0137020
0.0139330
0.0142974
0.0144957
0.0136535
0.0119777
0.0106481
0.0099157
0.0097732
0.0102554
0.0107453
0.0110074
0.0109959
0.0101587
0.0086172
0.0071486
0.0066005
0.0067535
0.0064187
0.0056207
0.0051353
0.0051847
0.0053957
0.0057145
0.0060136
0.0057002
0.0052434
0.0050187
0.0047402
0.0045922
0.0044489
0.0036142
0.0026263
0.0023636
0.0025510
0.0029964
0.0028771
0.0020576
0.0013162
0.0009066
0.0009266
0.0006706
0.0002378
0.0000350
-0.0001186
-0.0000909
0.0001042
0.0004409
0.0005690
0.0004721
0.0003617
-0.0000935
-0.0007309
-0.0015047
-0.0022565
-0.0028208
-0.0037515
-0.0047627
-0.0055832
-0.0060773
-0.0060566
-0.0060860
-0.0062546
-0.0064314
-0.0065909
-0.0065755
-0.0066852
-0.0067476
-0.0063999
-0.0058380
-0.0050803
-0.0045300
-0.0041958
-0.0036015
-0.0030779
-0.0028202
-0.0025785
-0.0020789
-0.0016879
-0.0014379
-0.0009017
-0.0003877
0.0000477
0.0007198
0.0015024
0.0019967
0.0022838
0.0024269
0.0027144
0.0033688
0.0037845
0.0039847
0.0040607
0.0039667
0.0040471
0.0040322
0.0040434
0.0042114
0.0040290
0.0038702
0.0040624
0.0039381
0.0035910
0.0034669
0.0032903
0.0032009
0.0032023
0.0030133
0.0030181
0.0033581
0.0039454
0.0046815
0.0052444
0.0054749
0.0055803
0.0058913
0.0063870
0.0071577
0.0080091
0.0089427
0.0097699
0.0098610
0.0096631
0.0096699
0.0097904
0.0096806
0.0090460
0.0083124
0.0079956
0.0074636
0.0065938
0.0058747
0.0051864
0.0047770
0.0044741
0.0040070
0.0036150
0.0033163
0.0028359
0.0021107
0.0014895
0.0007493
-0.0002477
-0.0011536
-0.0021367
-0.0031850
-0.0040651
-0.0049381
-0.0055690
-0.0058763
-0.0060326
-0.0060615
-0.0060982
-0.0061545
-0.0059860
-0.0053642
-0.0047045
-0.0040499
-0.0035680
-0.0033938
-0.0031314
-0.0028069
-0.0024952
-0.0023876
-0.0024099
-0.0023100
-0.0022136
-0.0021663
-0.0023141
-0.0028347
-0.0034055
-0.0039902
-0.0048698
-0.0060142
-0.0069381
-0.0069795
-0.0065247
-0.0064297
-0.0066289
-0.0067597
-0.0069689
-0.0072633
-0.0072242
-0.0070806
-0.0069365
-0.0068268
-0.0071503
-0.0074684
-0.0075868
-0.0075461
-0.0072990
-0.0072527
-0.0072251
-0.0071895
-0.0074100
-0.0077831
-0.0083687
-0.0089309
-0.0093733
-0.0098748
-0.0101679
-0.0103120
-0.0106389
-0.0110474
-0.0112332
-0.0112052
-0.0112422
-0.0113783
-0.0116252
-0.0118123
-0.0117910
-0.0116342
-0.0114348
-0.0113890
-0.0113159
-0.0113036
-0.0115394
-0.0117278
-0.0119387
-0.0122425
-0.0122502
-0.0119755
-0.0117381
-0.0114393
-0.0110668
-0.0106207
-0.0100840
-0.0095609
-0.0089088
-0.0081250
-0.0075967
-0.0073508
-0.0069678
-0.0065231
-0.0062711
-0.0062613
-0.0061456
-0.0058118
-0.0055708
-0.0053683
-0.0052251
-0.0049108
-0.0043896
-0.0041135
-0.0039110
-0.0036193
-0.0033552
-0.0031153
-0.0032211
-0.0034709
-0.0035695
-0.0037185
-0.0037555
-0.0039580
-0.0043530
-0.0046609
-0.0050253
-0.0052585
-0.0054627
-0.0056730
-0.0055302
-0.0053545
-0.0052882
-0.0049380
-0.0045260
-0.0041251
-0.0035910
-0.0031008
-0.0024620
-0.0018545
-0.0016449
-0.0013661
-0.0008978
-0.0003666
0.0001503
0.0003051
-0.0001148
-0.0010715
-0.0019081
-0.0023856
-0.0028913
-0.0033276
-0.0034590
-0.0034696
-0.0034037
-0.0031875
-0.0031110
-0.0032062
-0.0032323
-0.0031058
-0.0028426
-0.0025445
-0.0023596
-0.0023131
-0.0021586
-0.0018881
-0.0017085
-0.0015242
-0.0013274
-0.0011389
-0.0010740
-0.0011865
-0.0013611
-0.0013887
-0.0013153
-0.0014779
-0.0017154
-0.0019969
-0.0024126
-0.0027229
-0.0029448
-0.0030788
-0.0029671
-0.0027250
-0.0025570
-0.0025267
-0.0024879
-0.0024760
-0.0025111
-0.0024493
-0.0024429
-0.0025111
-0.0025498
-0.0026480
-0.0027299
-0.0028422
-0.0031274
-0.0033590
-0.0034917
-0.0036463
-0.0038245
-0.0041380
-0.0043917
-0.0044823
-0.0045749
-0.0044811
-0.0042537
-0.0041060
-0.0041210
-0.0042399
-0.0043123
-0.0044247
-0.0044951
-0.0045764
-0.0048207
-0.0051209
-0.0054609
-0.0058259
-0.0061177
-0.0063352
-0.0065492
-0.0065673
-0.0064236
-0.0064323
-0.0063443
-0.0061117
-0.0059378
-0.0055886
-0.0050705
-0.0046429
-0.0043979
-0.0040699
-0.0035948
-0.0032783
-0.0030353
-0.0027082
-0.0022935
-0.0017686
-0.0013183
-0.0010808
-0.0009237
-0.0007616
-0.0007282
-0.0008756
-0.0010016
-0.0008703
-0.0004867
-0.0001584
-0.0000525
-0.0001157
-0.0001235
0.0000923
0.0004589
0.0009255
0.0012985
0.0015554
0.0017951
0.0019940
0.0023173
0.0026925
0.0029226
0.0031129
0.0033620
0.0036354
0.0037969
0.0038836
0.0039987
0.0040494
0.0040905
0.0040357
0.0038378
0.0036482
0.0034187
0.0031004
0.0027846
0.0024432
0.0019879
0.0016044
0.0012422
0.0008686
0.0006358
0.0004776
0.0004817
0.0006364
0.0006106
0.0003703
0.0000290
-0.0003485
-0.0005840
-0.0007285
-0.0008457
-0.0009081
-0.0009404
-0.0010536
-0.0011842
-0.0011340
-0.0010315
-0.0008869
-0.0007588
-0.0006894
-0.0006002
-0.0005583
-0.0004176
-0.0001980
-0.0000787
-0.0000463
-0.0000191
0.0000550
0.0001035
0.0000889
0.0000575
0.0000123
-0.0000657
-0.0001599
-0.0002509
-0.0003449
-0.0004678
-0.0006601
-0.0008140
-0.0008650
-0.0009192
-0.0009957
-0.0010561
-0.0010066
-0.0008456
-0.0007238
-0.0006642
-0.0006382
-0.0005500
-0.0003984
-0.0003089
-0.0002433
-0.0001894
-0.0001410
-0.0000617
-0.0000053
0.0000322
0.0000939
0.0001544
0.0002482
0.0003284
0.0003871
0.0004518
0.0005381
0.0007168
0.0008408
0.0009065
0.0009883
0.0010701
0.0012045
0.0013127
0.0013780
0.0014776
0.0015973
0.0017182
0.0017904
0.0017907
0.0017620
0.0017169
0.0016740
0.0016764
0.0016750
0.0016340
0.0015707
0.0014796
0.0014124
0.0013578
0.0013041
0.0012637
0.0012234
0.0012117
0.0012002
0.0011854
0.0011852
0.0011842
0.0011911
0.0012330
0.0013566
0.0015145
0.0016547
0.0017789
0.0018795
0.0019938
0.0021519
0.0023547
0.0025487
0.0026527
0.0026641
0.0026763
0.0027546
0.0028844
0.0030095
0.0030732
0.0030628
0.0029884
0.0029153
0.0028883
0.0028888
0.0028660
0.0028047
0.0027280
0.0026266
0.0025229
0.0024458
0.0023818
0.0022997
0.0022206
0.0021498
0.0020626
0.0019449
0.0017963
0.0016914
0.0016533
0.0016322
0.0016004
0.0015643
0.0015547
0.0015652
0.0015769
0.0015855
0.0015968
0.0016073
0.0015946
0.0015811
0.0015771
0.0015726
0.0015714
0.0015658
0.0015626
0.0015733
0.0015813
0.0015759
0.0015768
0.0015737
0.0015669
0.0015670
0.0015523
0.0015364
0.0015231
0.0015042
0.0014950
0.0014825
0.0014539
0.0014350
0.0014402
0.0014530
0.0014712
0.0014802
0.0014670
0.0014438
0.0014182
0.0013911
0.0013624
0.0013388
0.0013196
0.0012924
0.0012514
0.0012029
0.0011602
0.0011317
0.0011064
0.0010716
0.0010361
0.0010049
0.0009763
0.0009521
0.0009303
0.0009136
0.0009014
0.0008916
0.0008825
0.0008764
0.0008723
0.0008686
0.0008696
0.0008694
0.0008648
0.0008565
0.0008456
0.0008342
0.0008264
0.0008250
0.0008199
0.0008071
0.0007949
0.0007843
0.0007745
0.0007643
0.0007517
0.0007390
0.0007250
0.0007125
0.0007013
0.0006893
0.0006795
0.0006678
0.0006564
0.0006478
0.0006382
0.0006294
0.0006183
0.0006072
0.0005977
0.0005859
0.0005778
0.0005696
0.0005582
0.0005471
0.0005354
0.0005261
0.0005147
0.0005014
0.0004913
0.0004812
0.0004714
0.0004615
0.0004510
0.0004411
0.0004318
0.0004223
0.0004132
0.0004045
0.0003961
0.0003880
0.0003794
0.0003713
0.0003636
0.0003561
0.0003491
0.0003418
0.0003346
0.0003282
0.0003220
0.0003159
0.0003101
0.0003044
0.0002987
0.0002933
0.0002880
0.0002827
0.0002776
0.0002723
0.0002670
0.0002619
0.0002569
0.0002517
0.0002467
0.0002416
0.0002365
0.0002314
0.0002263
0.0002213
0.0002163
0.0002113
0.0002064
0.0002014
0.0001965
0.0001917
