-0.0101460
-0.0119383
-0.0074945
0.0018286
0.0022970
0.0025682
0.0026289
0.0026262
0.0026003
0.0025578
0.0025006
0.0024344
0.0023664
0.0022979
0.0022130
0.0020984
0.0019741
0.0018682
0.0017800
0.0016954
0.0016197
0.0015702
0.0015554
0.0015714
0.0016012
0.0016268
0.0016433
0.0016509
0.0016452
0.0016222
0.0015709
0.0014853
0.0013755
0.0012222
0.0010063
0.0007764
0.0005808
0.0004284
0.0003286
0.0003047
0.0003877
0.0005760
0.0008079
0.0010210
0.0012210
0.0014451
0.0016814
0.0018814
0.0020320
0.0021558
0.0022655
0.0023483
0.0023863
0.0023887
0.0023896
0.0024044
0.0024066
0.0023731
0.0023245
0.0022962
0.0022964
0.0023035
0.0022943
0.0022603
0.0021969
0.0021135
0.0020373
0.0019822
0.0019391
0.0018976
0.0018548
0.0018018
0.0017193
0.0015926
0.0014121
0.0011698
0.0008872
0.0006140
0.0003653
0.0001122
-0.0001511
-0.0003977
-0.0006210
-0.0008341
-0.0010351
-0.0011750
-0.0012032
-0.0011477
-0.0010761
-0.0010232
-0.0009797
-0.0009255
-0.0008288
-0.0006690
-0.0004530
-0.0001241
0.0003477
0.0008310
0.0011925
0.0014266
0.0015649
0.0016058
0.0015591
0.0015119
0.0015635
0.0016567
0.0016312
0.0014229
0.0011036
0.0007649
0.0004288
0.0000778
-0.0002927
-0.0006056
-0.0007275
-0.0006144
-0.0003391
-0.0000024
0.0003510
0.0007544
0.0012763
0.0018984
0.0024078
0.0026054
0.0025763
0.0024887
0.0023199
0.0019858
0.0014513
0.0006881
-0.0002266
-0.0010812
-0.0017321
-0.0021978
-0.0025457
-0.0027956
-0.0029060
-0.0027851
-0.0024477
-0.0021451
-0.0020121
-0.0018255
-0.0014011
-0.0008980
-0.0005986
-0.0005551
-0.0005905
-0.0005535
-0.0003338
0.0002443
0.0011132
0.0017789
0.0019759
0.0020172
0.0022823
0.0027947
0.0032773
0.0035283
0.0035926
0.0035182
0.0032515
0.0028199
0.0023758
0.0020695
0.0019836
0.0020612
0.0020735
0.0018039
0.0012492
0.0006114
0.0000432
-0.0005351
-0.0011940
-0.0018010
-0.0022525
-0.0026769
-0.0032730
-0.0039537
-0.0043866
-0.0044533
-0.0042434
-0.0037418
-0.0029791
-0.0021605
-0.0014339
-0.0007998
-0.0002631
0.0001217
0.0003623
0.0005233
0.0006574
0.0008050
0.0010328
0.0013844
0.0017012
0.0016423
0.0009663
-0.0001778
-0.0013317
-0.0022353
-0.0028659
-0.0030541
-0.0027216
-0.0021780
-0.0017469
-0.0014726
-0.0012448
-0.0009167
-0.0003755
0.0003704
0.0012007
0.0019407
0.0023459
0.0021845
0.0015359
0.0008053
0.0003550
0.0002478
0.0003157
0.0003133
0.0000655
-0.0002442
-0.0002124
0.0002560
0.0008780
0.0012981
0.0013503
0.0011371
0.0009377
0.0010548
0.0017760
0.0030804
0.0043598
0.0049597
0.0047588
0.0041034
0.0034236
0.0029290
0.0025430
0.0020315
0.0012906
0.0005111
0.0001006
0.0002829
0.0006507
0.0005368
-0.0002862
-0.0016240
-0.0031296
-0.0042446
-0.0045105
-0.0040758
-0.0034096
-0.0027619
-0.0019520
-0.0006857
0.0008748
0.0021146
0.0024262
0.0016228
0.0000468
-0.0016741
-0.0029496
-0.0034119
-0.0032042
-0.0028980
-0.0026834
-0.0021777
-0.0012447
-0.0001772
0.0008618
0.0018532
0.0026368
0.0030223
0.0030033
0.0027002
0.0022941
0.0020620
0.0021412
0.0022941
0.0022081
0.0019880
0.0022369
0.0032466
0.0043390
0.0049114
0.0053278
0.0059406
0.0063805
0.0062580
0.0057972
0.0056068
0.0056562
0.0050435
0.0033557
0.0010273
-0.0015839
-0.0041812
-0.0061909
-0.0072101
-0.0073606
-0.0070041
-0.0065451
-0.0063980
-0.0062954
-0.0052747
-0.0028226
0.0005600
0.0036984
0.0056828
0.0064660
0.0065814
0.0065303
0.0063041
0.0055243
0.0038375
0.0015494
-0.0002363
-0.0009924
-0.0012841
-0.0016049
-0.0018237
-0.0017201
-0.0012193
-0.0002492
0.0009628
0.0019386
0.0023379
0.0019957
0.0010074
-0.0000849
-0.0011280
-0.0024934
-0.0033105
-0.0024867
-0.0008129
0.0006316
0.0019233
0.0031582
0.0038449
0.0036303
0.0029248
0.0026030
0.0029975
0.0038301
0.0048991
0.0058761
0.0059645
0.0046144
0.0024157
0.0010078
0.0012809
0.0022632
0.0031578
0.0044898
0.0060987
0.0067139
0.0059594
0.0046753
0.0037116
0.0033074
0.0033010
0.0035399
0.0038507
0.0038560
0.0031004
0.0014342
-0.0008938
-0.0034589
-0.0056978
-0.0071390
-0.0078065
-0.0079972
-0.0078601
-0.0074924
-0.0071243
-0.0070450
-0.0072487
-0.0073942
-0.0074203
-0.0074909
-0.0072309
-0.0061530
-0.0043736
-0.0020494
0.0009629
0.0043518
0.0072794
0.0092944
0.0103738
0.0105207
0.0096305
0.0074538
0.0036776
-0.0013154
-0.0059314
-0.0085140
-0.0086121
-0.0072195
-0.0056176
-0.0041091
-0.0025550
-0.0013383
-0.0007498
-0.0002689
0.0007392
0.0025143
0.0049142
0.0071363
0.0080103
0.0072259
0.0054643
0.0033005
0.0009661
-0.0014686
-0.0040178
-0.0062288
-0.0072218
-0.0067729
-0.0052080
-0.0026989
0.0001886
0.0024691
0.0033482
0.0028235
0.0018033
0.0010991
0.0009272
0.0009601
0.0005608
-0.0005592
-0.0020112
-0.0030316
-0.0032300
-0.0029589
-0.0027147
-0.0027522
-0.0030371
-0.0030886
-0.0027959
-0.0026690
-0.0026453
-0.0021989
-0.0016741
-0.0015344
-0.0010337
0.0007754
0.0034942
0.0053407
0.0050443
0.0032130
0.0014863
0.0011375
0.0025231
0.0058404
0.0109247
0.0159025
0.0185545
0.0186622
0.0171415
0.0141594
0.0094886
0.0033160
-0.0035354
-0.0097365
-0.0143590
-0.0173364
-0.0186402
-0.0178346
-0.0151625
-0.0117007
-0.0083799
-0.0055084
-0.0030485
-0.0008874
0.0012050
0.0031572
0.0049132
0.0069492
0.0092980
0.0111398
0.0116817
0.0107123
0.0084609
0.0057185
0.0034013
0.0014607
-0.0006719
-0.0033142
-0.0060698
-0.0080200
-0.0088092
-0.0087949
-0.0083535
-0.0076798
-0.0070975
-0.0068721
-0.0070337
-0.0074421
-0.0079409
-0.0084998
-0.0088410
-0.0087543
-0.0084438
-0.0080296
-0.0074426
-0.0064824
-0.0049471
-0.0028361
-0.0002986
0.0021519
0.0039149
0.0047932
0.0049490
0.0045129
0.0032011
0.0007428
-0.0024859
-0.0058607
-0.0091241
-0.0118595
-0.0132681
-0.0126459
-0.0097215
-0.0054290
-0.0017308
0.0006957
0.0029636
0.0058850
0.0091991
0.0122349
0.0145396
0.0160126
0.0170432
0.0178705
0.0179897
0.0174696
0.0168357
0.0158957
0.0141855
0.0114924
0.0076658
0.0026991
-0.0027871
-0.0080444
-0.0130287
-0.0174813
-0.0205655
-0.0217972
-0.0212678
-0.0191591
-0.0151904
-0.0095985
-0.0030536
0.0041970
0.0113463
0.0169717
0.0202358
0.0209918
0.0196478
0.0173267
0.0150797
0.0131391
0.0116503
0.0110477
0.0111945
0.0116081
0.0116119
0.0102515
0.0071447
0.0027690
-0.0018331
-0.0055529
-0.0079782
-0.0097939
-0.0118898
-0.0144327
-0.0174296
-0.0209974
-0.0249997
-0.0289620
-0.0321804
-0.0336036
-0.0321222
-0.0277424
-0.0213909
-0.0140857
-0.0069357
-0.0008851
0.0034893
0.0055619
0.0047823
0.0019263
-0.0012049
-0.0034314
-0.0039121
-0.0018467
0.0026651
0.0083006
0.0129302
0.0147114
0.0130683
0.0089267
0.0036857
-0.0016535
-0.0066720
-0.0110996
-0.0143146
-0.0159378
-0.0160696
-0.0152034
-0.0136796
-0.0112188
-0.0077364
-0.0035516
0.0009875
0.0051309
0.0081003
0.0101200
0.0122584
0.0152258
0.0188604
0.0221458
0.0238759
0.0231714
0.0193597
0.0123235
0.0030650
-0.0060500
-0.0128566
-0.0168220
-0.0188244
-0.0196362
-0.0191541
-0.0175765
-0.0158090
-0.0144688
-0.0135452
-0.0127632
-0.0115917
-0.0096371
-0.0067377
-0.0025969
0.0028430
0.0088627
0.0144162
0.0189652
0.0223008
0.0242178
0.0252626
0.0260635
0.0264944
0.0261568
0.0241384
0.0199160
0.0143363
0.0087474
0.0040109
0.0006326
-0.0013695
-0.0029500
-0.0050837
-0.0078881
-0.0108357
-0.0134228
-0.0153775
-0.0160849
-0.0146691
-0.0107745
-0.0048533
0.0018765
0.0076023
0.0108011
0.0108271
0.0079544
0.0033972
-0.0014300
-0.0050337
-0.0064754
-0.0059001
-0.0038516
-0.0010217
0.0021502
0.0050353
0.0061386
0.0043263
0.0008726
-0.0020199
-0.0038990
-0.0055243
-0.0077241
-0.0106853
-0.0143288
-0.0181337
-0.0205856
-0.0206438
-0.0182194
-0.0139080
-0.0084969
-0.0026805
0.0030314
0.0084412
0.0129260
0.0157673
0.0164505
0.0152078
0.0131065
0.0105166
0.0070833
0.0027987
-0.0021438
-0.0075810
-0.0129139
-0.0174056
-0.0204064
-0.0213477
-0.0206482
-0.0199374
-0.0202583
-0.0214515
-0.0233996
-0.0255980
-0.0271057
-0.0271141
-0.0251674
-0.0216016
-0.0172328
-0.0130942
-0.0095330
-0.0061297
-0.0028049
0.0002817
0.0034193
0.0068359
0.0100328
0.0126335
0.0148436
0.0167127
0.0183292
0.0199966
0.0208979
0.0196534
0.0161050
0.0112142
0.0060732
0.0013515
-0.0022465
-0.0041081
-0.0041106
-0.0026856
-0.0007228
0.0015313
0.0042494
0.0073227
0.0109660
0.0152423
0.0195423
0.0231599
0.0254427
0.0258989
0.0239147
0.0190366
0.0118849
0.0036261
-0.0046914
-0.0123195
-0.0182615
-0.0215880
-0.0222125
-0.0204930
-0.0169311
-0.0116906
-0.0054749
-0.0004005
0.0016718
0.0008097
-0.0019424
-0.0059083
-0.0101358
-0.0132650
-0.0144082
-0.0133010
-0.0098192
-0.0041623
0.0030901
0.0111822
0.0184528
0.0233431
0.0252686
0.0239377
0.0196823
0.0133891
0.0064627
-0.0000485
-0.0061926
-0.0122218
-0.0188599
-0.0261419
-0.0326569
-0.0367166
-0.0370765
-0.0338042
-0.0283623
-0.0226978
-0.0177572
-0.0133826
-0.0092384
-0.0055103
-0.0029559
-0.0015381
-0.0002187
0.0016190
0.0036979
0.0055883
0.0069699
0.0076129
0.0078496
0.0077902
0.0070148
0.0055132
0.0032867
0.0001830
-0.0037997
-0.0080508
-0.0111072
-0.0114432
-0.0077909
0.0002555
0.0116883
0.0238991
0.0330776
0.0373717
0.0381097
0.0367331
0.0331454
0.0270156
0.0192818
0.0110530
0.0023594
-0.0063869
-0.0137812
-0.0187658
-0.0215841
-0.0225089
-0.0207951
-0.0158368
-0.0079505
0.0009736
0.0083322
0.0121006
0.0112455
0.0060812
-0.0019145
-0.0106516
-0.0182622
-0.0232788
-0.0250741
-0.0240382
-0.0210362
-0.0166059
-0.0109700
-0.0052512
-0.0007086
0.0027170
0.0053002
0.0065991
0.0055401
0.0019211
-0.0027469
-0.0070802
-0.0103593
-0.0121025
-0.0117548
-0.0094288
-0.0062557
-0.0034374
-0.0023142
-0.0037187
-0.0080430
-0.0149816
-0.0224881
-0.0283432
-0.0310913
-0.0298668
-0.0248166
-0.0171241
-0.0085750
-0.0012870
0.0030059
0.0037358
0.0011803
-0.0042201
-0.0121125
-0.0216675
-0.0312973
-0.0388446
-0.0427867
-0.0431395
-0.0406322
-0.0362467
-0.0309312
-0.0251408
-0.0193170
-0.0142053
-0.0100132
-0.0066645
-0.0043783
-0.0032074
-0.0026380
-0.0023358
-0.0022961
-0.0021418
-0.0013095
0.0009793
0.0050548
0.0106312
0.0173199
0.0239851
0.0288462
0.0311376
0.0318007
0.0323540
0.0335798
0.0351002
0.0359358
0.0351678
0.0318712
0.0252119
0.0151950
0.0037065
-0.0059087
-0.0117917
-0.0144411
-0.0145160
-0.0117669
-0.0059312
0.0022463
0.0115799
0.0214737
0.0310126
0.0381671
0.0416815
0.0424704
0.0417971
0.0396596
0.0354545
0.0289068
0.0204535
0.0107293
0.0001042
-0.0101895
-0.0177174
-0.0215263
-0.0230665
-0.0236406
-0.0234298
-0.0226249
-0.0220163
-0.0228118
-0.0257872
-0.0301756
-0.0343209
-0.0369768
-0.0377125
-0.0365547
-0.0339643
-0.0312423
-0.0294362
-0.0281404
-0.0261221
-0.0223147
-0.0164406
-0.0092402
-0.0016967
0.0052854
0.0104607
0.0121803
0.0099124
0.0047118
-0.0023638
-0.0102615
-0.0174014
-0.0224971
-0.0248586
-0.0242998
-0.0216293
-0.0182281
-0.0156449
-0.0148638
-0.0153888
-0.0159534
-0.0156197
-0.0139560
-0.0107820
-0.0057561
0.0011193
0.0093681
0.0187026
0.0275553
0.0336413
0.0361769
0.0351622
0.0307864
0.0238260
0.0153523
0.0065514
-0.0010131
-0.0062582
-0.0090946
-0.0092277
-0.0062157
-0.0006468
0.0061096
0.0130948
0.0196384
0.0245060
0.0261372
0.0233064
0.0161749
0.0063956
-0.0039819
-0.0122584
-0.0156047
-0.0132773
-0.0072585
-0.0002538
0.0069135
0.0155085
0.0257865
0.0347161
0.0392554
0.0396706
0.0379619
0.0357181
0.0337013
0.0319384
0.0300816
0.0278031
0.0249024
0.0212487
0.0165785
0.0106476
0.0026682
-0.0082908
-0.0207839
-0.0317091
-0.0394550
-0.0438571
-0.0450886
-0.0435037
-0.0393958
-0.0333575
-0.0265585
-0.0203806
-0.0154338
-0.0111692
-0.0073555
-0.0045461
-0.0031105
-0.0027995
-0.0029406
-0.0022756
0.0010289
0.0081842
0.0187268
0.0318938
0.0467534
0.0594570
0.0662978
0.0681173
0.0676118
0.0653865
0.0602636
0.0515616
0.0396327
0.0255787
0.0110623
-0.0030425
-0.0172974
-0.0319397
-0.0451422
-0.0543950
-0.0588012
-0.0585917
-0.0540232
-0.0455750
-0.0353522
-0.0265341
-0.0210548
-0.0196426
-0.0219173
-0.0255576
-0.0274492
-0.0256657
-0.0198699
-0.0115406
-0.0035962
0.0012854
0.0014110
-0.0034778
-0.0115353
-0.0195734
-0.0247926
-0.0248921
-0.0180706
-0.0057885
0.0072975
0.0179556
0.0252090
0.0282051
0.0268037
0.0221597
0.0170707
0.0157355
0.0202494
0.0290652
0.0394489
0.0498625
0.0597841
0.0682676
0.0744843
0.0784953
0.0816679
0.0862928
0.0936812
0.1040451
0.1165554
0.1289736
0.1392480
0.1468366
0.1520415
0.1550037
0.1563750
0.1566813
0.1550138
0.1506745
0.1439914
0.1357458
0.1269638
0.1181681
0.1087358
0.0977668
0.0855793
0.0733840
0.0619597
0.0516738
0.0428294
0.0352914
0.0279839
0.0189642
0.0063079
-0.0107796
-0.0309570
-0.0518512
-0.0719359
-0.0905693
-0.1077544
-0.1238969
-0.1388696
-0.1520111
-0.1632012
-0.1730315
-0.1819327
-0.1898253
-0.1960663
-0.1998637
-0.2010891
-0.2001961
-0.1979043
-0.1947007
-0.1907443
-0.1862432
-0.1814241
-0.1762149
-0.1704074
-0.1635104
-0.1545225
-0.1425339
-0.1286222
-0.1156931
-0.1041991
-0.0916403
-0.0765060
-0.0596331
-0.0428292
-0.0270242
-0.0119351
0.0027852
0.0167010
0.0291878
0.0403562
0.0502669
0.0581108
0.0629706
0.0651595
0.0661995
0.0678558
0.0713988
0.0771746
0.0846653
0.0926064
0.0993958
0.1046333
0.1099681
0.1179806
0.1304458
0.1460100
0.1607273
0.1729015
0.1840858
0.1952209
0.2055036
0.2141909
0.2213523
0.2274184
0.2326219
0.2365306
0.2379539
0.2357980
0.2299140
0.2207512
0.2081725
0.1905276
0.1666634
0.1374978
0.1030104
0.0615687
0.0147491
-0.0342472
-0.0856772
-0.1372968
-0.1827231
-0.2179277
-0.2407327
-0.2519531
-0.2571377
-0.2609887
-0.2638686
-0.2650029
-0.2648960
-0.2639654
-0.2611852
-0.2546986
-0.2435056
-0.2286481
-0.2130190
-0.1986398
-0.1851334
-0.1714926
-0.1576986
-0.1447890
-0.1339534
-0.1253370
-0.1182212
-0.1125820
-0.1092682
-0.1084751
-0.1091884
-0.1101607
-0.1106623
-0.1105864
-0.1102737
-0.1093528
-0.1061183
-0.0990799
-0.0885675
-0.0763797
-0.0641821
-0.0525893
-0.0409438
-0.0277551
-0.0128006
0.0021676
0.0161765
0.0306235
0.0480715
0.0714032
0.1020976
0.1376533
0.1730908
0.2058778
0.2364006
0.2634755
0.2839974
0.2965487
0.3024154
0.3035555
0.3001597
0.2911155
0.2763808
0.2574455
0.2360234
0.2136274
0.1919206
0.1711863
0.1502814
0.1301782
0.1135987
0.1006268
0.0880641
0.0714327
0.0471061
0.0159804
-0.0177793
-0.0509264
-0.0795987
-0.0999048
-0.1118813
-0.1189154
-0.1237927
-0.1267511
-0.1273669
-0.1264300
-0.1256258
-0.1261202
-0.1279826
-0.1308476
-0.1337346
-0.1350014
-0.1334547
-0.1280053
-0.1164250
-0.0968927
-0.0675156
-0.0276040
0.0157930
0.0538349
0.0847485
0.1095109
0.1264203
0.1313931
0.1220846
0.1014702
0.0766094
0.0534008
0.0340237
0.0190916
0.0083762
0.0000692
-0.0075848
-0.0156767
-0.0257755
-0.0387318
-0.0545129
-0.0738217
-0.0963743
-0.1196827
-0.1430138
-0.1677587
-0.1919943
-0.2117908
-0.2265746
-0.2376216
-0.2450633
-0.2483334
-0.2466572
-0.2395232
-0.2264864
-0.2074052
-0.1845121
-0.1607302
-0.1359135
-0.1081233
-0.0769077
-0.0440748
-0.0135038
0.0113202
0.0300551
0.0438943
0.0538017
0.0603714
0.0638376
0.0648114
0.0649212
0.0665534
0.0717393
0.0815822
0.0977599
0.1224203
0.1552840
0.1918527
0.2273765
0.2617357
0.2944650
0.3218709
0.3421933
0.3559700
0.3642281
0.3689692
0.3716540
0.3720702
0.3694576
0.3633236
0.3532722
0.3388771
0.3204880
0.2989214
0.2745009
0.2462786
0.2119960
0.1655681
0.1066465
0.0488409
-0.0017217
-0.0512562
-0.1014558
-0.1473654
-0.1837491
-0.2106535
-0.2319370
-0.2498578
-0.2638917
-0.2733203
-0.2783012
-0.2787593
-0.2740963
-0.2627733
-0.2421256
-0.2102417
-0.1675131
-0.1173139
-0.0629537
-0.0052204
0.0522736
0.1031454
0.1465172
0.1885234
0.2331190
0.2743304
0.3027925
0.3169304
0.3218160
0.3215833
0.3165879
0.3061175
0.2921443
0.2779833
0.2642616
0.2493058
0.2323546
0.2138008
0.1936791
0.1720648
0.1501138
0.1273083
0.0995997
0.0650465
0.0258934
-0.0165260
-0.0639677
-0.1175914
-0.1743624
-0.2307477
-0.2837359
-0.3302259
-0.3701006
-0.4025510
-0.4244991
-0.4364131
-0.4413117
-0.4392049
-0.4289049
-0.4124622
-0.3940226
-0.3752853
-0.3544628
-0.3294658
-0.3006886
-0.2705372
-0.2407384
-0.2124612
-0.1854860
-0.1561294
-0.1212793
-0.0828531
-0.0446992
-0.0059546
0.0371738
0.0842558
0.1321367
0.1772567
0.2155174
0.2460705
0.2694766
0.2839569
0.2883555
0.2836145
0.2704997
0.2493434
0.2216746
0.1901100
0.1546858
0.1165264
0.0837671
0.0610806
0.0440656
0.0280324
0.0126055
-0.0002970
-0.0101516
-0.0184318
-0.0267964
-0.0364298
-0.0472735
-0.0571045
-0.0635879
-0.0669054
-0.0695542
-0.0729894
-0.0754893
-0.0745244
-0.0689863
-0.0587710
-0.0439994
-0.0257181
-0.0041897
0.0211308
0.0475497
0.0701199
0.0862383
0.0966193
0.1013428
0.0984684
0.0873914
0.0694327
0.0465838
0.0209635
-0.0054196
-0.0313221
-0.0564819
-0.0803830
-0.1026096
-0.1242032
-0.1460982
-0.1671171
-0.1853458
-0.2003117
-0.2128326
-0.2216905
-0.2247192
-0.2200041
-0.2042811
-0.1761094
-0.1366943
-0.0917498
-0.0510594
-0.0196799
0.0048108
0.0256758
0.0422882
0.0529516
0.0589346
0.0634822
0.0690639
0.0767071
0.0865704
0.0987117
0.1136204
0.1320529
0.1523579
0.1718047
0.1902429
0.2070902
0.2194319
0.2248391
0.2228248
0.2136404
0.1978147
0.1764475
0.1520227
0.1299767
0.1149961
0.1073891
0.1046800
0.1037130
0.1027258
0.1006847
0.0946125
0.0809553
0.0579603
0.0261045
-0.0094011
-0.0426641
-0.0734657
-0.1027918
-0.1287418
-0.1482252
-0.1606248
-0.1693453
-0.1780861
-0.1882387
-0.1993999
-0.2098342
-0.2200591
-0.2321031
-0.2441039
-0.2532377
-0.2577345
-0.2578198
-0.2557000
-0.2521554
-0.2472005
-0.2405636
-0.2321479
-0.2226037
-0.2128008
-0.2023520
-0.1887806
-0.1719940
-0.1551872
-0.1405641
-0.1283436
-0.1171961
-0.1081307
-0.1035212
-0.1033328
-0.1069668
-0.1122558
-0.1167466
-0.1193083
-0.1195064
-0.1171090
-0.1113874
-0.1015169
-0.0864989
-0.0661401
-0.0388347
-0.0054459
0.0266204
0.0514524
0.0680633
0.0762353
0.0728070
0.0547758
0.0253806
-0.0075600
-0.0388981
-0.0703166
-0.1044125
-0.1381072
-0.1662357
-0.1871131
-0.2030413
-0.2159206
-0.2253030
-0.2316133
-0.2364742
-0.2409783
-0.2455821
-0.2500457
-0.2537304
-0.2560670
-0.2571146
-0.2567187
-0.2550801
-0.2528230
-0.2496050
-0.2450301
-0.2383412
-0.2292998
-0.2182441
-0.2049747
-0.1892358
-0.1708033
-0.1485373
-0.1206001
-0.0862019
-0.0478562
-0.0089151
0.0300398
0.0680770
0.1036165
0.1361720
0.1645985
0.1877474
0.2068835
0.2245718
0.2414031
0.2558979
0.2666328
0.2733651
0.2768172
0.2773071
0.2743853
0.2667195
0.2521698
0.2295932
0.1978624
0.1542624
0.1011500
0.0459832
-0.0075956
-0.0581488
-0.1024892
-0.1384087
-0.1675058
-0.1912010
-0.2065035
-0.2090424
-0.1973437
-0.1728509
-0.1391128
-0.1021878
-0.0686200
-0.0413258
-0.0168023
0.0086931
0.0325027
0.0503973
0.0612166
0.0664599
0.0680728
0.0668286
0.0630990
0.0562569
0.0474477
0.0408176
0.0388115
0.0423219
0.0522369
0.0676835
0.0867097
0.1068167
0.1264191
0.1465851
0.1659915
0.1824804
0.1970864
0.2110538
0.2254316
0.2395781
0.2517277
0.2627588
0.2748029
0.2861086
0.2913496
0.2865536
0.2703060
0.2432224
0.2083040
0.1674813
0.1216836
0.0742353
0.0274734
-0.0163182
-0.0559935
-0.0920342
-0.1232013
-0.1497034
-0.1725113
-0.1924697
-0.2112662
-0.2283649
-0.2401431
-0.2426300
-0.2358948
-0.2239114
-0.2080092
-0.1878182
-0.1626564
-0.1308953
-0.0933010
-0.0530425
-0.0141206
0.0224573
0.0587262
0.0957054
0.1329241
0.1691864
0.2045267
0.2393368
0.2712988
0.2969244
0.3153900
0.3276407
0.3355001
0.3424419
0.3490629
0.3542620
0.3578340
0.3591793
0.3598310
0.3601850
0.3593903
0.3582545
0.3560567
0.3521537
0.3460125
0.3364480
0.3241178
0.3107646
0.2959201
0.2775426
0.2554543
0.2306336
0.2041727
0.1749895
0.1430855
0.1137056
0.0896992
0.0697382
0.0533790
0.0390118
0.0250080
0.0128502
0.0035839
-0.0046987
-0.0132778
-0.0214429
-0.0297645
-0.0375476
-0.0441112
-0.0509024
-0.0574824
-0.0630238
-0.0664321
-0.0665047
-0.0611134
-0.0487393
-0.0310757
-0.0077183
0.0202453
0.0498847
0.0788479
0.1037448
0.1213304
0.1322254
0.1408402
0.1461675
0.1450404
0.1382346
0.1285020
0.1191885
0.1122660
0.1101068
0.1127893
0.1173999
0.1235585
0.1307858
0.1391271
0.1487266
0.1580006
0.1663629
0.1743436
0.1814689
0.1857605
0.1861752
0.1826552
0.1735864
0.1572117
0.1363553
0.1170860
0.1016058
0.0863609
0.0712729
0.0569762
0.0417671
0.0264301
0.0119788
-0.0022817
-0.0183566
-0.0357467
-0.0520105
-0.0650621
-0.0746997
-0.0840389
-0.0958925
-0.1096699
-0.1260933
-0.1453179
-0.1644713
-0.1823431
-0.1975561
-0.2095785
-0.2184435
-0.2205345
-0.2149250
-0.2056322
-0.1958091
-0.1881043
-0.1846696
-0.1860495
-0.1912385
-0.1991499
-0.2094585
-0.2215055
-0.2320482
-0.2374149
-0.2373413
-0.2311697
-0.2180303
-0.1974593
-0.1701675
-0.1384076
-0.1026878
-0.0626673
-0.0194884
0.0224530
0.0616531
0.0994893
0.1345854
0.1637460
0.1857100
0.2034762
0.2191140
0.2318604
0.2408613
0.2477005
0.2535541
0.2579802
0.2613210
0.2636070
0.2654320
0.2674868
0.2685879
0.2684853
0.2670880
0.2625189
0.2549182
0.2439232
0.2265312
0.2016295
0.1715851
0.1392503
0.1038102
0.0630891
0.0212260
-0.0187101
-0.0623064
-0.1131569
-0.1639295
-0.2053172
-0.2370508
-0.2606375
-0.2771293
-0.2894465
-0.2985804
-0.3038185
-0.3039745
-0.2995355
-0.2921819
-0.2839598
-0.2764112
-0.2705329
-0.2672614
-0.2659797
-0.2651748
-0.2635319
-0.2591969
-0.2502278
-0.2360754
-0.2165549
-0.1938352
-0.1702528
-0.1443382
-0.1137430
-0.0785397
-0.0417432
-0.0039607
0.0366643
0.0785826
0.1197037
0.1592982
0.1945158
0.2234158
0.2461572
0.2598009
0.2600220
0.2458509
0.2168887
0.1701516
0.1061656
0.0379346
-0.0199998
-0.0689633
-0.1152000
-0.1576293
-0.1939927
-0.2244201
-0.2488001
-0.2679868
-0.2848037
-0.3004719
-0.3146126
-0.3265281
-0.3361836
-0.3443608
-0.3529918
-0.3643394
-0.3788328
-0.3952263
-0.4114782
-0.4253213
-0.4347109
-0.4367556
-0.4261146
-0.4005020
-0.3633857
-0.3189968
-0.2695662
-0.2170029
-0.1611522
-0.0974855
-0.0271156
0.0412394
0.1024976
0.1611175
0.2212873
0.2747798
0.3130824
0.3359350
0.3436398
0.3329453
0.3003071
0.2499980
0.1895999
0.1243733
0.0601198
-0.0011353
-0.0611119
-0.1177941
-0.1651649
-0.1994461
-0.2229938
-0.2403078
-0.2524502
-0.2591492
-0.2606679
-0.2564933
-0.2469129
-0.2332100
-0.2164885
-0.1965590
-0.1727281
-0.1448006
-0.1126206
-0.0767981
-0.0367536
0.0066432
0.0492456
0.0887094
0.1258673
0.1618299
0.1939609
0.2204926
0.2436689
0.2647211
0.2822836
0.2942685
0.2996150
0.2991092
0.2943104
0.2862675
0.2757277
0.2626894
0.2482264
0.2322635
0.2137401
0.1945158
0.1755632
0.1569545
0.1393593
0.1218858
0.1037344
0.0871401
0.0753582
0.0693145
0.0672504
0.0672088
0.0688490
0.0718276
0.0740843
0.0726430
0.0647752
0.0483053
0.0238477
-0.0051850
-0.0370570
-0.0719447
-0.1096807
-0.1492382
-0.1866160
-0.2179840
-0.2433380
-0.2632559
-0.2774039
-0.2860956
-0.2899971
-0.2893916
-0.2841824
-0.2742249
-0.2614424
-0.2493767
-0.2379077
-0.2247567
-0.2083358
-0.1877243
-0.1623140
-0.1291951
-0.0849098
-0.0289783
0.0337562
0.0967990
0.1583055
0.2222251
0.2902210
0.3548544
0.4081778
0.4484485
0.4787617
0.5028817
0.5197318
0.5259482
0.5216551
0.5076588
0.4836993
0.4519368
0.4139130
0.3689952
0.3167599
0.2561552
0.1827766
0.0925388
-0.0071510
-0.0980765
-0.1700086
-0.2316913
-0.2932656
-0.3524933
-0.4025784
-0.4387844
-0.4610879
-0.4734210
-0.4781982
-0.4716364
-0.4475989
-0.4059077
-0.3504992
-0.2873296
-0.2272999
-0.1751022
-0.1238312
-0.0693558
-0.0145146
0.0377859
0.0864886
0.1308014
0.1696806
0.2048129
0.2375725
0.2640217
0.2821131
0.2950459
0.3070986
0.3209345
0.3366445
0.3524066
0.3663855
0.3772331
0.3833021
0.3842515
0.3798356
0.3690241
0.3495614
0.3198666
0.2829613
0.2419696
0.1949233
0.1361960
0.0655540
-0.0063158
-0.0722973
-0.1362138
-0.2000660
-0.2620565
-0.3208117
-0.3713795
-0.4095954
-0.4382252
-0.4594970
-0.4713966
-0.4724485
-0.4631933
-0.4450340
-0.4198216
-0.3895865
-0.3544932
-0.3142745
-0.2730183
-0.2364612
-0.2060397
-0.1800224
-0.1574226
-0.1374036
-0.1184235
-0.1001608
-0.0850628
-0.0746351
-0.0666840
-0.0592128
-0.0516748
-0.0440474
-0.0362702
-0.0276223
-0.0171757
-0.0047949
0.0089217
0.0236151
0.0384077
0.0519782
0.0635719
0.0731476
0.0803800
0.0842970
0.0842552
0.0794054
0.0697769
0.0574000
0.0452444
0.0350040
0.0263332
0.0190272
0.0133703
0.0090533
0.0046676
-0.0010486
-0.0089262
-0.0205986
-0.0361158
-0.0541296
-0.0745712
-0.0967292
-0.1173209
-0.1326137
-0.1411603
-0.1445766
-0.1451676
-0.1423772
-0.1351639
-0.1240889
-0.1110247
-0.0979539
-0.0853716
-0.0740297
-0.0641856
-0.0555941
-0.0482464
-0.0414913
-0.0349138
-0.0280190
-0.0202210
-0.0114399
-0.0020099
0.0070892
0.0156621
0.0252330
0.0376974
0.0541337
0.0734137
0.0922900
0.1097969
0.1267629
0.1422951
0.1550008
0.1647213
0.1720605
0.1762669
0.1749505
0.1645942
0.1421224
0.1087303
0.0711541
0.0353641
0.0008576
-0.0361749
-0.0763103
-0.1141697
-0.1432166
-0.1626752
-0.1762611
-0.1854730
-0.1890248
-0.1861319
-0.1776671
-0.1660291
-0.1533882
-0.1402898
-0.1263784
-0.1118124
-0.0974236
-0.0838019
-0.0709040
-0.0586710
-0.0487508
-0.0424110
-0.0378853
-0.0326102
-0.0248105
-0.0142819
-0.0019216
0.0117939
0.0278482
0.0476195
0.0687917
0.0874608
0.1042211
0.1219713
0.1397871
0.1537581
0.1628110
0.1705143
0.1799661
0.1902212
0.1999490
0.2089065
0.2166387
0.2234346
0.2283765
0.2300252
0.2272826
0.2171286
0.1936184
0.1496688
0.0907151
0.0351009
-0.0065791
-0.0355039
-0.0551370
-0.0678523
-0.0749381
-0.0771058
-0.0738931
-0.0629770
-0.0444082
-0.0218347
0.0039448
0.0331112
0.0630959
0.0917428
0.1168921
0.1370779
0.1533521
0.1667862
0.1775356
0.1856897
0.1915593
0.1959637
0.1980936
0.1960547
0.1893803
0.1798591
0.1705938
0.1611580
0.1491746
0.1338836
0.1150646
0.0932785
0.0700955
0.0470342
0.0255704
0.0074389
-0.0080558
-0.0210529
-0.0304389
-0.0358957
-0.0381690
-0.0393463
-0.0402675
-0.0411724
-0.0418972
-0.0432257
-0.0446168
-0.0448167
-0.0437636
-0.0399687
-0.0320365
-0.0189568
-0.0021369
0.0162002
0.0361254
0.0575252
0.0787330
0.0988146
0.1169694
0.1314980
0.1430916
0.1530558
0.1614079
0.1680174
0.1723842
0.1731153
0.1703352
0.1664943
0.1636621
0.1611074
0.1568504
0.1512539
0.1454234
0.1390110
0.1320103
0.1256214
0.1187752
0.1111003
0.1025375
0.0933710
0.0856189
0.0796204
0.0761713
0.0749319
0.0737087
0.0716198
0.0684203
0.0623850
0.0527861
0.0400748
0.0253274
0.0108005
-0.0025634
-0.0151494
-0.0272690
-0.0389614
-0.0488687
-0.0561205
-0.0616545
-0.0653965
-0.0660470
-0.0623687
-0.0546755
-0.0434120
-0.0269448
-0.0049153
0.0211135
0.0482512
0.0735954
0.0963600
0.1152830
0.1310049
0.1445607
0.1551251
0.1634512
0.1706545
0.1769431
0.1822145
0.1844181
0.1822420
0.1771888
0.1693757
0.1581495
0.1436266
0.1252302
0.1021082
0.0766789
0.0512794
0.0254282
-0.0004074
-0.0263093
-0.0517632
-0.0752407
-0.0958442
-0.1121519
-0.1238122
-0.1318973
-0.1375267
-0.1405692
-0.1411966
-0.1400084
-0.1369091
-0.1332093
-0.1291232
-0.1242769
-0.1184101
-0.1103220
-0.0988711
-0.0830148
-0.0612476
-0.0333798
-0.0031809
0.0259664
0.0519232
0.0741071
0.0927845
0.1061048
0.1136594
0.1170037
0.1167446
0.1135034
0.1086641
0.1022342
0.0942205
0.0863388
0.0798927
0.0740526
0.0681809
0.0618433
0.0541816
0.0459971
0.0374830
0.0291896
0.0220815
0.0173867
0.0164737
0.0184956
0.0230161
0.0290514
0.0348407
0.0410575
0.0475324
0.0527617
0.0568843
0.0592567
0.0603237
0.0613150
0.0614076
0.0602410
0.0572896
0.0527593
0.0475234
0.0407182
0.0330443
0.0261474
0.0188018
0.0098766
0.0001580
-0.0100728
-0.0214351
-0.0349194
-0.0500911
-0.0647169
-0.0786646
-0.0926346
-0.1065292
-0.1212719
-0.1357829
-0.1473264
-0.1548361
-0.1596306
-0.1629772
-0.1647618
-0.1647777
-0.1627576
-0.1592506
-0.1548390
-0.1482787
-0.1389401
-0.1279264
-0.1152333
-0.1006349
-0.0854138
-0.0724504
-0.0628994
-0.0552662
-0.0484127
-0.0422949
-0.0379698
-0.0354834
-0.0342107
-0.0340451
-0.0349519
-0.0374137
-0.0415143
-0.0472836
-0.0537088
-0.0591743
-0.0631987
-0.0655026
-0.0654769
-0.0617018
-0.0540252
-0.0438130
-0.0324291
-0.0208373
-0.0091502
0.0020323
0.0120013
0.0207521
0.0284596
0.0358483
0.0428810
0.0486618
0.0521805
0.0541569
0.0560693
0.0571954
0.0574334
0.0567206
0.0542152
0.0503720
0.0444030
0.0356440
0.0253382
0.0139819
0.0030030
-0.0058895
-0.0134682
-0.0199713
-0.0241250
-0.0260070
-0.0254949
-0.0224127
-0.0186356
-0.0145962
-0.0094705
-0.0044790
-0.0002173
0.0033402
0.0056352
0.0069450
0.0082078
0.0093730
0.0100865
0.0105372
0.0107445
0.0107555
0.0105880
0.0107462
0.0117584
0.0134116
0.0157793
0.0197807
0.0248150
0.0307132
0.0372901
0.0432022
0.0484098
0.0526191
0.0553607
0.0575142
0.0583085
0.0557708
0.0519589
0.0468473
0.0382317
0.0265048
0.0119412
-0.0027754
-0.0152900
-0.0266842
-0.0376233
-0.0474539
-0.0560338
-0.0638982
-0.0701805
-0.0741388
-0.0761856
-0.0767255
-0.0754768
-0.0715935
-0.0657517
-0.0587736
-0.0513648
-0.0443609
-0.0393984
-0.0368877
-0.0354112
-0.0358065
-0.0374040
-0.0384978
-0.0394936
-0.0405328
-0.0403993
-0.0390348
-0.0380219
-0.0379430
-0.0387694
-0.0402382
-0.0430013
-0.0476518
-0.0535464
-0.0600065
-0.0662141
-0.0713810
-0.0760923
-0.0808597
-0.0851814
-0.0899572
-0.0942659
-0.0967640
-0.0991349
-0.1011042
-0.1017789
-0.1014332
-0.0997991
-0.0968355
-0.0920899
-0.0855839
-0.0786063
-0.0712187
-0.0627988
-0.0547279
-0.0476483
-0.0402233
-0.0324268
-0.0255018
-0.0191120
-0.0133810
-0.0094493
-0.0069306
-0.0057611
-0.0060093
-0.0071955
-0.0090958
-0.0113322
-0.0133828
-0.0162344
-0.0195984
-0.0219272
-0.0247855
-0.0280083
-0.0306398
-0.0332395
-0.0350242
-0.0353301
-0.0334439
-0.0296812
-0.0248492
-0.0192127
-0.0130853
-0.0065067
-0.0010715
0.0040698
0.0088885
0.0111189
0.0117334
0.0114264
0.0097683
0.0070966
0.0045754
0.0019188
-0.0008942
-0.0045372
-0.0098624
-0.0149183
-0.0185656
-0.0203090
-0.0195958
-0.0174740
-0.0142792
-0.0088089
-0.0012861
0.0061415
0.0120914
0.0171644
0.0209970
0.0232161
0.0240133
0.0226761
0.0197078
0.0154395
0.0100270
0.0020508
-0.0105203
-0.0238192
-0.0338110
-0.0409737
-0.0474051
-0.0540988
-0.0595945
-0.0634927
-0.0674026
-0.0720546
-0.0763649
-0.0809515
-0.0859492
-0.0897959
-0.0936918
-0.0973621
-0.1002099
-0.1026027
-0.1041674
-0.1053513
-0.1052990
-0.1053740
-0.1070676
-0.1086455
-0.1089085
-0.1089764
-0.1101682
-0.1107441
-0.1104921
-0.1099025
-0.1080139
-0.1052356
-0.1003135
-0.0934799
-0.0851751
-0.0731871
-0.0568109
-0.0367734
-0.0151070
0.0049548
0.0204206
0.0319377
0.0418572
0.0505408
0.0559802
0.0577132
0.0561543
0.0509683
0.0427233
0.0291134
0.0106379
-0.0088615
-0.0279438
-0.0467228
-0.0656881
-0.0821767
-0.0933285
-0.1010882
-0.1085763
-0.1149671
-0.1184089
-0.1211255
-0.1229091
-0.1225536
-0.1220629
-0.1207256
-0.1180397
-0.1156591
-0.1132855
-0.1097469
-0.1053458
-0.1012225
-0.0977358
-0.0929343
-0.0865938
-0.0798691
-0.0718791
-0.0636885
-0.0550148
-0.0455597
-0.0390533
-0.0347650
-0.0317124
-0.0305620
-0.0289621
-0.0276116
-0.0269789
-0.0264061
-0.0269429
-0.0271643
-0.0256638
-0.0239036
-0.0220011
-0.0180433
-0.0130061
-0.0073299
-0.0005117
0.0056125
0.0124650
0.0214356
0.0299060
0.0370755
0.0435643
0.0505931
0.0567713
0.0613048
0.0668171
0.0712470
0.0746473
0.0775560
0.0779046
0.0775157
0.0769256
0.0749407
0.0714200
0.0660135
0.0582523
0.0494168
0.0416043
0.0341159
0.0262012
0.0198001
0.0164129
0.0145777
0.0138135
0.0148953
0.0175523
0.0207862
0.0234326
0.0262377
0.0291303
0.0310476
0.0319777
0.0333003
0.0346017
0.0351122
0.0367550
0.0394355
0.0423699
0.0447729
0.0463042
0.0478755
0.0486069
0.0485019
0.0480451
0.0464166
0.0442577
0.0410045
0.0371417
0.0328238
0.0270380
0.0204603
0.0117963
0.0019293
-0.0082259
-0.0189619
-0.0280486
-0.0353700
-0.0422109
-0.0483013
-0.0532915
-0.0570240
-0.0593542
-0.0599038
-0.0596087
-0.0587210
-0.0568329
-0.0546657
-0.0534253
-0.0529012
-0.0528727
-0.0546119
-0.0563924
-0.0578144
-0.0594641
-0.0607251
-0.0616288
-0.0605865
-0.0574351
-0.0545740
-0.0509796
-0.0465080
-0.0424529
-0.0372677
-0.0314838
-0.0259791
-0.0202069
-0.0141880
-0.0071524
0.0019278
0.0124892
0.0228014
0.0309762
0.0380740
0.0449807
0.0506183
0.0545911
0.0555503
0.0531316
0.0495917
0.0468381
0.0429058
0.0362153
0.0283471
0.0211850
0.0170692
0.0143850
0.0112859
0.0091722
0.0081908
0.0067757
0.0038833
0.0004671
-0.0037537
-0.0112599
-0.0213513
-0.0311877
-0.0413152
-0.0515427
-0.0609018
-0.0694242
-0.0761843
-0.0789224
-0.0790320
-0.0785385
-0.0748847
-0.0676444
-0.0580426
-0.0460776
-0.0326678
-0.0187409
-0.0045525
0.0086245
0.0207501
0.0307820
0.0380210
0.0444524
0.0495423
0.0529095
0.0546750
0.0553061
0.0557698
0.0549567
0.0536731
0.0532295
0.0520421
0.0494521
0.0463900
0.0433061
0.0398268
0.0355247
0.0303131
0.0247842
0.0196653
0.0142741
0.0098515
0.0069132
0.0051224
0.0049954
0.0045671
0.0041944
0.0051227
0.0062502
0.0082607
0.0114294
0.0147608
0.0185194
0.0237333
0.0306250
0.0371439
0.0424623
0.0476036
0.0524026
0.0567772
0.0606962
0.0624182
0.0619532
0.0604423
0.0576536
0.0543566
0.0506048
0.0463338
0.0422063
0.0386069
0.0362915
0.0340371
0.0311702
0.0279103
0.0237087
0.0186172
0.0112387
0.0019413
-0.0063647
-0.0127758
-0.0187700
-0.0252900
-0.0309538
-0.0357779
-0.0400353
-0.0429822
-0.0452935
-0.0473014
-0.0489349
-0.0495360
-0.0492043
-0.0489976
-0.0485630
-0.0478421
-0.0477914
-0.0482634
-0.0489198
-0.0506725
-0.0532754
-0.0561715
-0.0587304
-0.0607049
-0.0622510
-0.0628237
-0.0630243
-0.0628269
-0.0615121
-0.0592567
-0.0563668
-0.0519041
-0.0460303
-0.0398751
-0.0329396
-0.0256178
-0.0179744
-0.0088400
0.0007968
0.0099477
0.0177986
0.0236101
0.0287490
0.0334911
0.0375242
0.0406885
0.0422856
0.0434035
0.0450350
0.0456166
0.0455241
0.0461371
0.0465953
0.0472644
0.0495738
0.0527859
0.0556816
0.0585381
0.0616258
0.0653360
0.0687794
0.0718861
0.0757544
0.0797352
0.0839361
0.0876158
0.0902999
0.0916484
0.0911361
0.0907261
0.0898183
0.0869679
0.0829858
0.0773235
0.0694934
0.0609939
0.0528262
0.0450976
0.0376220
0.0306840
0.0256618
0.0231102
0.0224482
0.0228590
0.0240064
0.0260067
0.0282464
0.0301716
0.0313746
0.0317380
0.0321958
0.0334116
0.0350846
0.0365274
0.0372340
0.0377418
0.0384224
0.0395336
0.0404099
0.0403953
0.0398330
0.0381854
0.0361335
0.0324449
0.0279358
0.0238013
0.0180953
0.0122887
0.0057968
-0.0020175
-0.0092292
-0.0167627
-0.0247583
-0.0313845
-0.0366870
-0.0406921
-0.0430255
-0.0441466
-0.0440894
-0.0425869
-0.0389549
-0.0340175
-0.0287909
-0.0239064
-0.0190857
-0.0147173
-0.0124244
-0.0107253
-0.0100883
-0.0107697
-0.0112655
-0.0123619
-0.0134532
-0.0133042
-0.0120023
-0.0096851
-0.0058000
-0.0002294
0.0069808
0.0149768
0.0230399
0.0314314
0.0390757
0.0459114
0.0525201
0.0585072
0.0631412
0.0667044
0.0691431
0.0702451
0.0708200
0.0709508
0.0707663
0.0702095
0.0694632
0.0686186
0.0674915
0.0664834
0.0648490
0.0621665
0.0589151
0.0548265
0.0506815
0.0472596
0.0443618
0.0420491
0.0403487
0.0390797
0.0373876
0.0351869
0.0330112
0.0306915
0.0283701
0.0256080
0.0220245
0.0180579
0.0143212
0.0116912
0.0092135
0.0065361
0.0039455
0.0008228
-0.0024117
-0.0062271
-0.0106956
-0.0152939
-0.0201102
-0.0248903
-0.0296231
-0.0341271
-0.0377610
-0.0408436
-0.0436741
-0.0455328
-0.0466124
-0.0476224
-0.0482798
-0.0485550
-0.0488163
-0.0491499
-0.0499376
-0.0516947
-0.0543736
-0.0576879
-0.0612822
-0.0650717
-0.0692353
-0.0732608
-0.0766487
-0.0796789
-0.0819484
-0.0836852
-0.0854615
-0.0863951
-0.0865665
-0.0862364
-0.0851177
-0.0822118
-0.0774641
-0.0710171
-0.0626504
-0.0533302
-0.0425618
-0.0314442
-0.0221123
-0.0145757
-0.0088188
-0.0044225
-0.0010523
0.0010929
0.0015800
0.0010738
0.0012259
0.0025118
0.0049848
0.0084646
0.0127157
0.0171409
0.0206121
0.0229937
0.0243176
0.0241499
0.0219809
0.0177924
0.0120799
0.0046449
-0.0039019
-0.0122026
-0.0202150
-0.0289433
-0.0379395
-0.0456217
-0.0518287
-0.0567267
-0.0606933
-0.0639297
-0.0657263
-0.0665171
-0.0668672
-0.0661969
-0.0646594
-0.0629232
-0.0612887
-0.0593350
-0.0566356
-0.0538885
-0.0512761
-0.0488083
-0.0469001
-0.0450636
-0.0425424
-0.0390378
-0.0353086
-0.0317066
-0.0275588
-0.0230820
-0.0183149
-0.0129146
-0.0073493
-0.0014642
0.0045619
0.0097544
0.0144030
0.0190145
0.0237636
0.0282287
0.0323345
0.0367713
0.0415826
0.0460613
0.0493418
0.0510234
0.0515853
0.0513157
0.0497211
0.0457601
0.0401187
0.0339731
0.0260507
0.0169425
0.0084885
0.0014665
-0.0043566
-0.0093221
-0.0124421
-0.0138376
-0.0144193
-0.0140265
-0.0131046
-0.0109957
-0.0078349
-0.0042931
0.0004827
0.0057872
0.0113859
0.0176959
0.0243834
0.0305580
0.0360239
0.0408199
0.0457042
0.0510107
0.0548690
0.0573804
0.0595776
0.0613147
0.0629852
0.0643685
0.0643174
0.0626262
0.0604991
0.0579517
0.0541129
0.0496411
0.0449657
0.0392744
0.0325814
0.0261059
0.0206891
0.0164577
0.0134148
0.0123534
0.0132036
0.0149966
0.0181343
0.0230333
0.0284830
0.0337785
0.0389464
0.0440897
0.0492037
0.0537504
0.0583544
0.0630338
0.0667856
0.0703099
0.0738125
0.0765048
0.0792851
0.0824527
0.0857012
0.0885353
0.0903420
0.0921131
0.0939876
0.0954165
0.0956724
0.0945760
0.0928754
0.0904167
0.0871546
0.0843855
0.0823069
0.0796562
0.0760483
0.0710743
0.0644154
0.0567280
0.0478924
0.0370527
0.0261808
0.0160646
0.0051168
-0.0065406
-0.0174806
-0.0270539
-0.0359510
-0.0444405
-0.0523535
-0.0598015
-0.0671338
-0.0726900
-0.0758749
-0.0772860
-0.0754255
-0.0709998
-0.0657257
-0.0592167
-0.0521649
-0.0453218
-0.0384882
-0.0319479
-0.0256441
-0.0198682
-0.0142684
-0.0089389
-0.0036739
0.0024520
0.0085759
0.0144844
0.0200777
0.0253053
0.0306132
0.0356273
0.0398268
0.0443359
0.0498503
0.0547369
0.0573834
0.0588446
0.0615983
0.0644620
0.0659932
0.0661340
0.0656602
0.0652513
0.0649619
0.0652922
0.0647520
0.0637096
0.0632385
0.0620331
0.0599568
0.0575847
0.0544459
0.0498126
0.0440991
0.0381620
0.0315280
0.0243985
0.0169709
0.0098039
0.0033230
-0.0034979
-0.0098583
-0.0150774
-0.0189627
-0.0213676
-0.0232808
-0.0242887
-0.0248108
-0.0260194
-0.0269979
-0.0277803
-0.0290340
-0.0306564
-0.0322494
-0.0342086
-0.0365192
-0.0377262
-0.0380742
-0.0379849
-0.0376856
-0.0374856
-0.0361337
-0.0335532
-0.0308058
-0.0287153
-0.0273017
-0.0261958
-0.0256363
-0.0256198
-0.0257775
-0.0259880
-0.0264042
-0.0268269
-0.0274921
-0.0285635
-0.0301991
-0.0321752
-0.0336867
-0.0359853
-0.0392073
-0.0419767
-0.0441338
-0.0455494
-0.0459124
-0.0455220
-0.0446134
-0.0422966
-0.0382437
-0.0324403
-0.0256002
-0.0188659
-0.0115463
-0.0034959
0.0043931
0.0117491
0.0177897
0.0224423
0.0259021
0.0275226
0.0276520
0.0259217
0.0228520
0.0195874
0.0161002
0.0139487
0.0133111
0.0129226
0.0132384
0.0146178
0.0161966
0.0188367
0.0222767
0.0255597
0.0289699
0.0314104
0.0335806
0.0355469
0.0356523
0.0345106
0.0325983
0.0283758
0.0225312
0.0168938
0.0115674
0.0067550
0.0028275
0.0007645
-0.0000268
0.0001272
0.0023340
0.0060399
0.0104060
0.0153060
0.0210239
0.0269573
0.0323567
0.0372296
0.0410728
0.0429093
0.0430127
0.0432384
0.0423067
0.0399336
0.0380308
0.0349407
0.0306831
0.0269828
0.0229834
0.0180258
0.0130286
0.0080864
0.0035853
-0.0002310
-0.0033807
-0.0055027
-0.0066669
-0.0070420
-0.0073313
-0.0080128
-0.0085016
-0.0088026
-0.0097425
-0.0104117
-0.0114504
-0.0135652
-0.0156939
-0.0179079
-0.0201209
-0.0221033
-0.0233318
-0.0240928
-0.0242302
-0.0236549
-0.0227612
-0.0202577
-0.0162935
-0.0117526
-0.0061847
0.0002902
0.0072834
0.0146942
0.0214018
0.0280710
0.0359450
0.0436286
0.0500402
0.0547378
0.0582615
0.0608517
0.0622083
0.0630514
0.0624743
0.0592759
0.0543700
0.0489621
0.0428984
0.0364053
0.0300507
0.0246380
0.0217722
0.0204717
0.0195208
0.0201999
0.0225804
0.0252674
0.0281860
0.0316669
0.0347884
0.0373483
0.0398476
0.0418650
0.0429551
0.0430756
0.0431201
0.0430049
0.0420836
0.0415224
0.0406880
0.0396582
0.0395436
0.0395310
0.0404753
0.0419208
0.0427223
0.0440199
0.0449995
0.0458714
0.0472103
0.0472116
0.0449239
0.0403943
0.0349629
0.0281573
0.0198273
0.0099902
-0.0025250
-0.0148675
-0.0251583
-0.0340780
-0.0419280
-0.0487270
-0.0541905
-0.0582466
-0.0601454
-0.0605409
-0.0597015
-0.0564979
-0.0517418
-0.0463781
-0.0397946
-0.0325210
-0.0261502
-0.0194766
-0.0126097
-0.0074583
-0.0032488
0.0006719
0.0037907
0.0059317
0.0075012
0.0085846
0.0099122
0.0111084
0.0120319
0.0137044
0.0141492
0.0143304
0.0159814
0.0177176
0.0202583
0.0236073
0.0267527
0.0297267
0.0321203
0.0343211
0.0358335
0.0370270
0.0386260
0.0388706
0.0376355
0.0350282
0.0314722
0.0274447
0.0222033
0.0161170
0.0091245
0.0010705
-0.0067512
-0.0133489
-0.0185152
-0.0227482
-0.0265223
-0.0300009
-0.0333308
-0.0359812
-0.0377534
-0.0394534
-0.0410033
-0.0420650
-0.0436863
-0.0458059
-0.0468158
-0.0466900
-0.0461841
-0.0446428
-0.0424255
-0.0398613
-0.0367417
-0.0331812
-0.0288750
-0.0244016
-0.0200617
-0.0154953
-0.0111529
-0.0075124
-0.0043403
-0.0012335
0.0019546
0.0050317
0.0078270
0.0096750
0.0108761
0.0115341
0.0112964
0.0107423
0.0097674
0.0086463
0.0075475
0.0059598
0.0041958
0.0029279
0.0022693
0.0024880
0.0031463
0.0038156
0.0050466
0.0062051
0.0070819
0.0083352
0.0099534
0.0120639
0.0141161
0.0155820
0.0167191
0.0179478
0.0193169
0.0200764
0.0201026
0.0188229
0.0159073
0.0120411
0.0070402
0.0014411
-0.0041196
-0.0098191
-0.0152202
-0.0197225
-0.0231774
-0.0266308
-0.0306685
-0.0341377
-0.0366325
-0.0380694
-0.0385588
-0.0386806
-0.0388011
-0.0390185
-0.0381466
-0.0364896
-0.0350580
-0.0332547
-0.0314117
-0.0299238
-0.0287525
-0.0280018
-0.0270075
-0.0258340
-0.0248576
-0.0235950
-0.0223294
-0.0211311
-0.0199987
-0.0191072
-0.0178629
-0.0166085
-0.0157225
-0.0156436
-0.0164935
-0.0171630
-0.0173926
-0.0176854
-0.0182323
-0.0191493
-0.0207044
-0.0225290
-0.0244481
-0.0265993
-0.0286412
-0.0301667
-0.0315498
-0.0327946
-0.0335321
-0.0342033
-0.0344159
-0.0335413
-0.0318922
-0.0301469
-0.0280470
-0.0251661
-0.0222339
-0.0198783
-0.0174985
-0.0153453
-0.0143722
-0.0138444
-0.0131445
-0.0124853
-0.0115716
-0.0105594
-0.0096721
-0.0080877
-0.0062024
-0.0047623
-0.0034413
-0.0022767
-0.0017038
-0.0011876
-0.0002761
0.0007159
0.0014938
0.0017342
0.0017952
0.0015378
0.0004951
-0.0013471
-0.0042884
-0.0083477
-0.0127435
-0.0168650
-0.0208210
-0.0250622
-0.0289681
-0.0321287
-0.0350476
-0.0374764
-0.0392159
-0.0404541
-0.0419098
-0.0438832
-0.0455688
-0.0471044
-0.0488459
-0.0504892
-0.0524359
-0.0542553
-0.0557221
-0.0571756
-0.0581871
-0.0589684
-0.0597612
-0.0604464
-0.0606625
-0.0599841
-0.0586988
-0.0575870
-0.0570430
-0.0566531
-0.0561910
-0.0560812
-0.0557669
-0.0549253
-0.0542765
-0.0538534
-0.0539033
-0.0543845
-0.0547992
-0.0547460
-0.0545172
-0.0546333
-0.0548324
-0.0548203
-0.0541781
-0.0528776
-0.0507144
-0.0470330
-0.0422284
-0.0369836
-0.0309085
-0.0239984
-0.0169642
-0.0102732
-0.0036954
0.0027202
0.0081615
0.0117896
0.0136054
0.0145162
0.0148391
0.0145607
0.0137932
0.0124955
0.0108337
0.0097136
0.0091395
0.0087865
0.0083591
0.0075702
0.0069839
0.0065835
0.0067622
0.0071383
0.0074767
0.0085024
0.0100179
0.0117906
0.0136612
0.0155517
0.0173669
0.0186791
0.0191447
0.0192952
0.0186487
0.0171467
0.0154274
0.0129619
0.0103634
0.0080143
0.0058212
0.0043965
0.0038173
0.0037137
0.0039008
0.0046053
0.0059421
0.0075199
0.0094477
0.0118963
0.0142821
0.0166148
0.0194296
0.0228605
0.0268432
0.0309711
0.0349804
0.0391242
0.0429019
0.0461095
0.0489718
0.0508290
0.0517122
0.0517073
0.0506062
0.0485277
0.0453687
0.0411662
0.0364997
0.0314485
0.0260116
0.0204924
0.0145201
0.0091181
0.0049132
0.0014789
-0.0010225
-0.0029949
-0.0046555
-0.0059099
-0.0065363
-0.0063701
-0.0054208
-0.0037351
-0.0016002
0.0010402
0.0037333
0.0055798
0.0069965
0.0080582
0.0084387
0.0084234
0.0077064
0.0063402
0.0044067
0.0018151
-0.0011778
-0.0043873
-0.0074598
-0.0104620
-0.0135921
-0.0169338
-0.0200848
-0.0223307
-0.0236921
-0.0248724
-0.0260074
-0.0263056
-0.0257869
-0.0249313
-0.0237617
-0.0223306
-0.0200754
-0.0169494
-0.0137137
-0.0102118
-0.0066671
-0.0027554
0.0023592
0.0076992
0.0122044
0.0165377
0.0211458
0.0251988
0.0286549
0.0314990
0.0336457
0.0350908
0.0354713
0.0350453
0.0336260
0.0313140
0.0281959
0.0238861
0.0184872
0.0123983
0.0060748
-0.0000856
-0.0054887
-0.0106729
-0.0159657
-0.0208476
-0.0255346
-0.0296169
-0.0320588
-0.0328226
-0.0329460
-0.0329339
-0.0325924
-0.0312767
-0.0288224
-0.0261769
-0.0234044
-0.0202390
-0.0173251
-0.0150880
-0.0131968
-0.0118197
-0.0108577
-0.0095065
-0.0080864
-0.0072858
-0.0066519
-0.0062059
-0.0060003
-0.0056613
-0.0059127
-0.0068601
-0.0079971
-0.0086572
-0.0083602
-0.0074204
-0.0063414
-0.0051820
-0.0034815
-0.0009326
0.0025244
0.0065220
0.0102007
0.0128985
0.0149329
0.0165445
0.0178158
0.0188603
0.0191406
0.0187213
0.0184560
0.0185407
0.0188476
0.0195829
0.0207001
0.0218795
0.0231660
0.0249258
0.0269598
0.0294978
0.0326613
0.0353391
0.0376106
0.0394671
0.0406062
0.0411256
0.0406993
0.0396608
0.0382861
0.0367228
0.0351229
0.0334390
0.0318005
0.0301585
0.0284876
0.0275456
0.0275444
0.0286776
0.0312457
0.0345059
0.0379327
0.0413024
0.0448947
0.0483014
0.0502831
0.0516007
0.0532841
0.0544745
0.0546386
0.0536370
0.0518771
0.0503578
0.0487053
0.0466901
0.0445218
0.0419368
0.0393096
0.0368481
0.0342966
0.0321232
0.0301583
0.0279924
0.0256053
0.0224196
0.0189145
0.0158327
0.0125372
0.0084483
0.0040047
-0.0005875
-0.0050294
-0.0087366
-0.0118304
-0.0145591
-0.0170013
-0.0189113
-0.0200880
-0.0208928
-0.0217277
-0.0226525
-0.0234810
-0.0242220
-0.0250144
-0.0257749
-0.0265581
-0.0271739
-0.0274968
-0.0278517
-0.0279699
-0.0271666
-0.0255125
-0.0236490
-0.0220584
-0.0209914
-0.0199700
-0.0189674
-0.0183704
-0.0176658
-0.0168566
-0.0166042
-0.0174091
-0.0191224
-0.0211346
-0.0232821
-0.0255623
-0.0281248
-0.0310708
-0.0340415
-0.0367013
-0.0387144
-0.0402188
-0.0416942
-0.0429901
-0.0440598
-0.0446463
-0.0446777
-0.0447037
-0.0444364
-0.0435743
-0.0425142
-0.0415735
-0.0409432
-0.0409149
-0.0411266
-0.0413573
-0.0415451
-0.0410552
-0.0399950
-0.0386208
-0.0369817
-0.0352739
-0.0333473
-0.0309041
-0.0280477
-0.0250024
-0.0217702
-0.0182651
-0.0145536
-0.0110489
-0.0076473
-0.0037865
-0.0001555
0.0027686
0.0050861
0.0064627
0.0077072
0.0090383
0.0103961
0.0118316
0.0124431
0.0121143
0.0111871
0.0097760
0.0077490
0.0052671
0.0026380
-0.0001214
-0.0027952
-0.0054010
-0.0080934
-0.0106207
-0.0124887
-0.0137267
-0.0145345
-0.0149273
-0.0153080
-0.0156686
-0.0154553
-0.0148968
-0.0152502
-0.0166854
-0.0182983
-0.0198488
-0.0215793
-0.0235091
-0.0251028
-0.0259341
-0.0261753
-0.0261559
-0.0259373
-0.0253821
-0.0244836
-0.0233106
-0.0214398
-0.0186825
-0.0153434
-0.0110729
-0.0063717
-0.0022514
0.0020015
0.0070398
0.0123211
0.0172880
0.0219730
0.0263029
0.0297715
0.0322030
0.0338509
0.0353152
0.0365611
0.0370378
0.0369565
0.0359918
0.0338288
0.0314332
0.0291610
0.0265400
0.0237500
0.0207311
0.0178414
0.0155514
0.0132214
0.0108919
0.0088308
0.0071254
0.0059182
0.0048603
0.0038044
0.0030861
0.0025943
0.0024280
0.0027274
0.0028493
0.0021341
0.0006483
-0.0008315
-0.0022662
-0.0037064
-0.0050087
-0.0066212
-0.0084487
-0.0101896
-0.0117269
-0.0127168
-0.0130755
-0.0128375
-0.0118784
-0.0101428
-0.0073723
-0.0036108
0.0004000
0.0039905
0.0071369
0.0100553
0.0128907
0.0151482
0.0162708
0.0167292
0.0165146
0.0155418
0.0141005
0.0124354
0.0109215
0.0097294
0.0090554
0.0086157
0.0080961
0.0078080
0.0079353
0.0080264
0.0074101
0.0062378
0.0050567
0.0040657
0.0029818
0.0014899
-0.0003359
-0.0023486
-0.0041221
-0.0054735
-0.0064661
-0.0070038
-0.0069629
-0.0063055
-0.0051181
-0.0033152
-0.0007279
0.0025330
0.0059107
0.0094169
0.0134670
0.0175213
0.0211415
0.0243121
0.0267662
0.0282850
0.0289172
0.0289975
0.0280304
0.0257854
0.0227918
0.0192520
0.0156785
0.0118454
0.0078526
0.0042654
0.0007997
-0.0018456
-0.0031804
-0.0033420
-0.0029678
-0.0030885
-0.0032279
-0.0030585
-0.0025699
-0.0014826
-0.0001857
0.0011627
0.0025691
0.0040817
0.0059974
0.0084393
0.0110229
0.0133426
0.0158297
0.0186489
0.0216571
0.0243332
0.0262283
0.0278573
0.0294803
0.0309945
0.0319820
0.0320309
0.0311078
0.0294524
0.0273816
0.0251358
0.0228992
0.0205411
0.0181689
0.0160196
0.0138970
0.0117993
0.0099909
0.0083224
0.0067540
0.0054186
0.0040153
0.0025675
0.0012487
0.0001968
-0.0003462
-0.0006048
-0.0009659
-0.0015047
-0.0020946
-0.0025894
-0.0029251
-0.0034885
-0.0041735
-0.0045181
-0.0048190
-0.0053596
-0.0058821
-0.0063779
-0.0070457
-0.0078183
-0.0087564
-0.0095611
-0.0096847
-0.0093919
-0.0089020
-0.0081622
-0.0068986
-0.0051804
-0.0035693
-0.0018956
-0.0005895
0.0002923
0.0011844
0.0014190
0.0007809
-0.0003361
-0.0019908
-0.0042040
-0.0064793
-0.0085330
-0.0102476
-0.0116694
-0.0132984
-0.0146348
-0.0151037
-0.0146858
-0.0136545
-0.0126583
-0.0115092
-0.0101720
-0.0086875
-0.0074824
-0.0069561
-0.0062712
-0.0051875
-0.0039452
-0.0025536
-0.0015006
-0.0009428
-0.0002443
0.0010457
0.0028262
0.0043133
0.0050171
0.0053487
0.0055229
0.0056523
0.0059185
0.0061175
0.0060753
0.0059447
0.0057664
0.0054316
0.0051009
0.0049350
0.0048840
0.0051418
0.0057454
0.0064847
0.0070882
0.0072576
0.0072037
0.0070083
0.0061992
0.0045703
0.0025955
0.0006103
-0.0009869
-0.0020278
-0.0030183
-0.0039588
-0.0044539
-0.0039992
-0.0027345
-0.0012945
0.0001387
0.0014091
0.0022572
0.0030389
0.0041127
0.0050677
0.0058758
0.0064414
0.0068036
0.0073790
0.0080020
0.0087596
0.0092459
0.0088589
0.0078302
0.0063247
0.0043149
0.0016918
-0.0012815
-0.0044067
-0.0079505
-0.0120418
-0.0166487
-0.0213346
-0.0257480
-0.0300507
-0.0344417
-0.0386230
-0.0421314
-0.0451419
-0.0477074
-0.0497266
-0.0513846
-0.0527386
-0.0539212
-0.0546980
-0.0546989
-0.0546401
-0.0547363
-0.0542660
-0.0533868
-0.0523603
-0.0513193
-0.0507831
-0.0503373
-0.0493687
-0.0483273
-0.0471902
-0.0460269
-0.0455383
-0.0449441
-0.0437641
-0.0429269
-0.0428340
-0.0434861
-0.0444122
-0.0448938
-0.0448820
-0.0447795
-0.0450162
-0.0455161
-0.0458790
-0.0459351
-0.0452502
-0.0436669
-0.0418775
-0.0402931
-0.0388678
-0.0376545
-0.0363920
-0.0345494
-0.0323499
-0.0298064
-0.0266798
-0.0234227
-0.0196331
-0.0152157
-0.0108114
-0.0062394
-0.0015527
0.0022891
0.0047789
0.0066520
0.0081192
0.0090891
0.0097954
0.0096887
0.0079006
0.0047135
0.0012483
-0.0013158
-0.0024440
-0.0032957
-0.0045756
-0.0059985
-0.0067865
-0.0064089
-0.0057649
-0.0051334
-0.0045344
-0.0044265
-0.0041302
-0.0032324
-0.0021477
-0.0012741
-0.0011896
-0.0018287
-0.0024080
-0.0026230
-0.0027584
-0.0026515
-0.0021005
-0.0011453
0.0003220
0.0022254
0.0042143
0.0063486
0.0087772
0.0111817
0.0132316
0.0145223
0.0150339
0.0152245
0.0149728
0.0138854
0.0124128
0.0106070
0.0083602
0.0064809
0.0048511
0.0032806
0.0022745
0.0016245
0.0008383
0.0000087
-0.0006780
-0.0012375
-0.0017281
-0.0026503
-0.0040682
-0.0055694
-0.0069645
-0.0081959
-0.0093457
-0.0104729
-0.0115655
-0.0128684
-0.0142336
-0.0151013
-0.0156109
-0.0161428
-0.0168973
-0.0177078
-0.0183139
-0.0187538
-0.0189805
-0.0194065
-0.0198283
-0.0194259
-0.0183807
-0.0168756
-0.0154251
-0.0144130
-0.0130330
-0.0113445
-0.0101465
-0.0089645
-0.0069935
-0.0042479
-0.0011871
0.0013439
0.0034252
0.0056351
0.0080321
0.0106121
0.0125524
0.0140244
0.0157774
0.0170676
0.0176715
0.0182665
0.0190895
0.0200747
0.0210908
0.0219066
0.0224329
0.0225666
0.0225861
0.0227466
0.0228024
0.0226362
0.0219552
0.0205762
0.0187841
0.0170079
0.0155014
0.0142326
0.0130835
0.0117955
0.0105462
0.0096579
0.0088859
0.0081293
0.0072384
0.0061787
0.0053918
0.0047679
0.0041022
0.0034640
0.0027324
0.0021153
0.0018178
0.0016222
0.0012617
0.0007162
0.0000691
-0.0004378
-0.0006112
-0.0008859
-0.0014397
-0.0020446
-0.0026744
-0.0035073
-0.0043870
-0.0050360
-0.0054685
-0.0055022
-0.0053790
-0.0053322
-0.0052730
-0.0052823
-0.0053230
-0.0055660
-0.0064539
-0.0080605
-0.0102229
-0.0127795
-0.0154760
-0.0182517
-0.0205417
-0.0220046
-0.0228726
-0.0229871
-0.0224326
-0.0214039
-0.0199004
-0.0181197
-0.0156340
-0.0121282
-0.0088528
-0.0065058
-0.0050179
-0.0040577
-0.0026092
-0.0009505
-0.0001468
-0.0003264
-0.0011115
-0.0019342
-0.0027360
-0.0038438
-0.0052790
-0.0074616
-0.0103102
-0.0126901
-0.0141974
-0.0152382
-0.0162091
-0.0172542
-0.0183271
-0.0195276
-0.0207171
-0.0217472
-0.0226002
-0.0231896
-0.0235112
-0.0232128
-0.0225838
-0.0224663
-0.0224621
-0.0217812
-0.0201371
-0.0183538
-0.0175398
-0.0170293
-0.0159844
-0.0143671
-0.0124903
-0.0109423
-0.0102561
-0.0103649
-0.0106460
-0.0109609
-0.0110063
-0.0108504
-0.0107719
-0.0104330
-0.0098439
-0.0086116
-0.0066508
-0.0046215
-0.0023047
0.0007794
0.0044842
0.0083436
0.0119320
0.0151427
0.0179830
0.0210853
0.0245547
0.0275904
0.0299892
0.0321736
0.0348228
0.0374284
0.0392778
0.0407789
0.0424714
0.0439978
0.0452564
0.0462592
0.0464898
0.0462854
0.0460352
0.0455077
0.0447155
0.0443332
0.0440033
0.0433631
0.0427983
0.0424339
0.0423842
0.0423152
0.0422105
0.0424070
0.0432085
0.0440609
0.0442067
0.0442322
0.0443693
0.0441063
0.0434952
0.0428074
0.0419388
0.0407276
0.0387874
0.0367394
0.0351960
0.0336460
0.0322225
0.0305015
0.0285856
0.0271800
0.0261402
0.0256352
0.0252619
0.0250440
0.0251333
0.0251897
0.0255911
0.0257742
0.0254600
0.0248102
0.0239921
0.0236263
0.0233233
0.0232353
0.0236487
0.0236409
0.0231134
0.0224474
0.0219601
0.0218196
0.0212742
0.0203233
0.0195410
0.0184359
0.0170272
0.0155720
0.0135564
0.0113953
0.0093658
0.0068312
0.0040266
0.0016180
-0.0007734
-0.0035395
-0.0060868
-0.0079674
-0.0089521
-0.0095768
-0.0107391
-0.0121079
-0.0131585
-0.0136397
-0.0135119
-0.0129254
-0.0128916
-0.0133197
-0.0128871
-0.0121014
-0.0112670
-0.0102448
-0.0089074
-0.0072911
-0.0055112
-0.0027992
0.0001168
0.0023669
0.0046151
0.0072383
0.0094810
0.0112378
0.0129800
0.0141384
0.0146839
0.0150073
0.0147134
0.0140982
0.0142348
0.0147776
0.0154182
0.0163542
0.0172081
0.0185203
0.0205508
0.0223657
0.0242001
0.0264715
0.0287922
0.0309997
0.0328534
0.0346871
0.0364913
0.0379914
0.0394473
0.0402817
0.0403706
0.0399787
0.0390334
0.0379035
0.0362157
0.0336603
0.0311026
0.0288588
0.0263594
0.0238617
0.0214756
0.0187568
0.0163344
0.0139852
0.0117801
0.0103057
0.0089480
0.0075564
0.0067106
0.0064359
0.0059210
0.0053288
0.0049794
0.0046683
0.0040958
0.0036766
0.0030716
0.0018406
0.0013449
0.0018956
0.0028295
0.0037377
0.0044851
0.0048634
0.0052608
0.0060815
0.0077404
0.0099127
0.0110943
0.0118429
0.0128503
0.0135123
0.0141373
0.0150529
0.0157239
0.0160373
0.0169088
0.0179577
0.0185662
0.0196501
0.0212876
0.0230930
0.0247261
0.0255738
0.0255200
0.0253567
0.0254999
0.0263695
0.0275154
0.0279781
0.0286211
0.0290941
0.0291056
0.0292556
0.0297356
0.0299761
0.0292805
0.0286558
0.0280704
0.0270546
0.0262285
0.0251147
0.0233554
0.0211174
0.0190344
0.0180300
0.0166882
0.0145075
0.0121567
0.0097243
0.0073465
0.0046035
0.0017485
-0.0012895
-0.0047028
-0.0076285
-0.0100158
-0.0126745
-0.0148981
-0.0163827
-0.0170234
-0.0172454
-0.0181762
-0.0187630
-0.0190626
-0.0188901
-0.0179772
-0.0169928
-0.0154387
-0.0139384
-0.0127497
-0.0112513
-0.0099155
-0.0086387
-0.0071057
-0.0054991
-0.0041296
-0.0033626
-0.0027415
-0.0018980
-0.0008425
0.0006001
0.0020850
0.0031268
0.0044884
0.0067876
0.0090668
0.0106880
0.0119989
0.0123911
0.0128203
0.0139632
0.0141843
0.0137314
0.0120040
0.0092186
0.0070180
0.0048210
0.0031559
0.0020941
0.0002443
-0.0018030
-0.0032262
-0.0044136
-0.0053720
-0.0063634
-0.0076580
-0.0087381
-0.0094257
-0.0101632
-0.0112655
-0.0123433
-0.0133380
-0.0147935
-0.0164716
-0.0178596
-0.0189886
-0.0201612
-0.0211484
-0.0219653
-0.0224135
-0.0220873
-0.0217530
-0.0215688
-0.0218712
-0.0224854
-0.0223857
-0.0216068
-0.0205586
-0.0195699
-0.0188899
-0.0180102
-0.0171139
-0.0164283
-0.0154554
-0.0146406
-0.0139371
-0.0131653
-0.0122082
-0.0113154
-0.0103461
-0.0089222
-0.0077822
-0.0066744
-0.0052456
-0.0036074
-0.0022863
-0.0016914
-0.0014374
-0.0011088
-0.0011282
-0.0018073
-0.0023255
-0.0028986
-0.0040220
-0.0054727
-0.0065417
-0.0073232
-0.0080327
-0.0084507
-0.0086565
-0.0086165
-0.0085825
-0.0079877
-0.0072539
-0.0065089
-0.0052371
-0.0043157
-0.0035502
-0.0024838
-0.0016817
-0.0012601
-0.0009446
-0.0008542
-0.0006606
-0.0004781
-0.0007086
-0.0008131
-0.0011086
-0.0016153
-0.0013194
-0.0008236
-0.0005827
-0.0003883
0.0000292
0.0011616
0.0022405
0.0031021
0.0042151
0.0054570
0.0065876
0.0073317
0.0078046
0.0079525
0.0076930
0.0073875
0.0067246
0.0059382
0.0061060
0.0072255
0.0089826
0.0113540
0.0138865
0.0166652
0.0195808
0.0218493
0.0241526
0.0264611
0.0282047
0.0295520
0.0305289
0.0313747
0.0315124
0.0307851
0.0301301
0.0293069
0.0276456
0.0259424
0.0246011
0.0234940
0.0227272
0.0220741
0.0210934
0.0192514
0.0165304
0.0133614
0.0101955
0.0068804
0.0036549
0.0010862
-0.0014051
-0.0036313
-0.0054211
-0.0071192
-0.0083195
-0.0093909
-0.0103158
-0.0107877
-0.0112222
-0.0115125
-0.0115038
-0.0114923
-0.0113970
-0.0110758
-0.0109001
-0.0104852
-0.0094608
-0.0082849
-0.0072198
-0.0064900
-0.0058659
-0.0046663
-0.0032285
-0.0017893
0.0002610
0.0023209
0.0039979
0.0059919
0.0084469
0.0108627
0.0129291
0.0149137
0.0171033
0.0191623
0.0205699
0.0213973
0.0220037
0.0226661
0.0228522
0.0219108
0.0204164
0.0188559
0.0170497
0.0150037
0.0131243
0.0114777
0.0094746
0.0072932
0.0055562
0.0046174
0.0037718
0.0019679
-0.0001742
-0.0017868
-0.0032579
-0.0046591
-0.0056867
-0.0069835
-0.0084235
-0.0092940
-0.0095354
-0.0093909
-0.0093291
-0.0097896
-0.0101658
-0.0101891
-0.0107643
-0.0118060
-0.0122449
-0.0124512
-0.0135830
-0.0147204
-0.0156079
-0.0166140
-0.0171904
-0.0177926
-0.0188327
-0.0197328
-0.0199985
-0.0202576
-0.0207751
-0.0210367
-0.0212785
-0.0215662
-0.0216858
-0.0216343
-0.0212522
-0.0204807
-0.0195389
-0.0182556
-0.0161800
-0.0137614
-0.0111934
-0.0087940
-0.0066880
-0.0043554
-0.0022405
-0.0004055
0.0014346
0.0032380
0.0048666
0.0059457
0.0065218
0.0066613
0.0064020
0.0058883
0.0051726
0.0048470
0.0046164
0.0042843
0.0043092
0.0044505
0.0046810
0.0047924
0.0047965
0.0050471
0.0054966
0.0060743
0.0064787
0.0067351
0.0073970
0.0081532
0.0086360
0.0092789
0.0103524
0.0116060
0.0128744
0.0141333
0.0151612
0.0161448
0.0174572
0.0187713
0.0197735
0.0203767
0.0209278
0.0217785
0.0223416
0.0225586
0.0227151
0.0224908
0.0218335
0.0208304
0.0192632
0.0172396
0.0146699
0.0118859
0.0090873
0.0058296
0.0026539
-0.0005221
-0.0039178
-0.0072100
-0.0103643
-0.0135097
-0.0165895
-0.0190646
-0.0209643
-0.0226622
-0.0243422
-0.0258922
-0.0274937
-0.0291412
-0.0305554
-0.0320672
-0.0337072
-0.0356812
-0.0378662
-0.0397012
-0.0412907
-0.0424344
-0.0435355
-0.0449586
-0.0464633
-0.0484949
-0.0507594
-0.0525632
-0.0540049
-0.0554088
-0.0566663
-0.0575779
-0.0580955
-0.0583969
-0.0584703
-0.0582909
-0.0580062
-0.0574950
-0.0568256
-0.0557254
-0.0544600
-0.0529646
-0.0509809
-0.0490895
-0.0468817
-0.0444377
-0.0428625
-0.0422706
-0.0417738
-0.0409907
-0.0400255
-0.0391234
-0.0385097
-0.0380497
-0.0375227
-0.0369615
-0.0365945
-0.0358926
-0.0348512
-0.0339319
-0.0329175
-0.0316247
-0.0299903
-0.0282334
-0.0264484
-0.0245942
-0.0227257
-0.0207028
-0.0186356
-0.0167357
-0.0148654
-0.0131025
-0.0116972
-0.0104909
-0.0092140
-0.0082334
-0.0077620
-0.0074135
-0.0072105
-0.0068254
-0.0060443
-0.0055586
-0.0056751
-0.0061163
-0.0061166
-0.0058042
-0.0057387
-0.0055673
-0.0053844
-0.0052932
-0.0050055
-0.0045224
-0.0042308
-0.0038765
-0.0031956
-0.0024244
-0.0014793
-0.0002700
0.0012501
0.0028898
0.0049776
0.0077193
0.0102011
0.0119949
0.0135478
0.0147774
0.0153647
0.0157623
0.0160044
0.0151923
0.0135259
0.0115152
0.0087434
0.0061948
0.0045498
0.0027614
0.0008033
-0.0008310
-0.0020521
-0.0033009
-0.0051022
-0.0069800
-0.0080803
-0.0086579
-0.0093530
-0.0102220
-0.0114228
-0.0127593
-0.0139831
-0.0149873
-0.0158564
-0.0165766
-0.0168616
-0.0167581
-0.0164038
-0.0161076
-0.0157567
-0.0149115
-0.0135734
-0.0120719
-0.0103940
-0.0085853
-0.0071907
-0.0061369
-0.0050684
-0.0037704
-0.0021573
-0.0004838
0.0005003
0.0006800
0.0006467
0.0007396
0.0012916
0.0021253
0.0024759
0.0021515
0.0020868
0.0023586
0.0026974
0.0031357
0.0033179
0.0034813
0.0036229
0.0035598
0.0036553
0.0039270
0.0046153
0.0054154
0.0057651
0.0061027
0.0065790
0.0071895
0.0077201
0.0075133
0.0066496
0.0059488
0.0049595
0.0033950
0.0014920
-0.0004591
-0.0021608
-0.0042144
-0.0062846
-0.0080177
-0.0097354
-0.0114192
-0.0132099
-0.0148832
-0.0156550
-0.0160122
-0.0165217
-0.0167270
-0.0163584
-0.0155466
-0.0146017
-0.0132998
-0.0115676
-0.0096127
-0.0072640
-0.0043764
-0.0010784
0.0021659
0.0050288
0.0073491
0.0093285
0.0117391
0.0143803
0.0165458
0.0186252
0.0205869
0.0219718
0.0228801
0.0234818
0.0240795
0.0243309
0.0237158
0.0227134
0.0221793
0.0224501
0.0230827
0.0233154
0.0233613
0.0235362
0.0237262
0.0238278
0.0235002
0.0233804
0.0237123
0.0239863
0.0243800
0.0249872
0.0260126
0.0272742
0.0282982
0.0293628
0.0306396
0.0318953
0.0328860
0.0334266
0.0333094
0.0328223
0.0325590
0.0324689
0.0317484
0.0299580
0.0277629
0.0257161
0.0237578
0.0215184
0.0189916
0.0168243
0.0153241
0.0139389
0.0122146
0.0107153
0.0097916
0.0088895
0.0079460
0.0071337
0.0062041
0.0052943
0.0041335
0.0029446
0.0022562
0.0014536
0.0003950
-0.0007015
-0.0018204
-0.0028445
-0.0034966
-0.0034848
-0.0030887
-0.0028334
-0.0029364
-0.0033366
-0.0036389
-0.0031806
-0.0019824
-0.0008214
0.0002571
0.0014498
0.0026089
0.0037132
0.0048031
0.0060543
0.0073659
0.0086413
0.0099685
0.0112480
0.0122618
0.0128549
0.0130353
0.0128136
0.0122228
0.0111995
0.0095446
0.0072843
0.0047287
0.0021313
-0.0004079
-0.0029797
-0.0058047
-0.0086333
-0.0109811
-0.0127513
-0.0142009
-0.0155374
-0.0163145
-0.0165230
-0.0166468
-0.0163791
-0.0156988
-0.0146974
-0.0130793
-0.0111916
-0.0091031
-0.0064140
-0.0034802
-0.0009273
0.0012931
0.0037730
0.0066831
0.0094150
0.0111100
0.0119098
0.0124746
0.0126367
0.0126480
0.0126182
0.0120287
0.0111445
0.0102357
0.0094328
0.0088803
0.0081072
0.0069555
0.0058087
0.0047973
0.0040533
0.0037493
0.0033852
0.0026157
0.0019760
0.0019282
0.0019220
0.0013711
0.0002669
-0.0011713
-0.0020555
-0.0022006
-0.0022555
-0.0025124
-0.0027774
-0.0027565
-0.0025925
-0.0021877
-0.0015763
-0.0012262
-0.0010943
-0.0010283
-0.0008601
-0.0006960
-0.0006407
-0.0004965
-0.0004283
-0.0002639
-0.0000373
0.0000871
0.0003118
0.0005083
0.0007598
0.0012971
0.0019962
0.0027601
0.0036035
0.0043906
0.0049943
0.0053619
0.0055396
0.0054382
0.0050255
0.0045957
0.0040496
0.0031332
0.0019721
0.0008092
-0.0005381
-0.0021195
-0.0035873
-0.0048621
-0.0058105
-0.0064577
-0.0072669
-0.0082432
-0.0087713
-0.0086929
-0.0084378
-0.0081511
-0.0074385
-0.0063003
-0.0050687
-0.0038521
-0.0026673
-0.0015153
-0.0002406
0.0015564
0.0032977
0.0044771
0.0057408
0.0071607
0.0083050
0.0091466
0.0098490
0.0105961
0.0113947
0.0120820
0.0127986
0.0135382
0.0141010
0.0147678
0.0158489
0.0173754
0.0186954
0.0190961
0.0188528
0.0184909
0.0183935
0.0184743
0.0183921
0.0183135
0.0183284
0.0183678
0.0186755
0.0192041
0.0197308
0.0203733
0.0208892
0.0209249
0.0206394
0.0202260
0.0195813
0.0183557
0.0167451
0.0151335
0.0133269
0.0110237
0.0081154
0.0051651
0.0025471
-0.0000894
-0.0027169
-0.0051607
-0.0076240
-0.0099594
-0.0121550
-0.0144616
-0.0164954
-0.0180677
-0.0193831
-0.0204681
-0.0212304
-0.0218289
-0.0223143
-0.0226001
-0.0226414
-0.0226783
-0.0232840
-0.0243699
-0.0254287
-0.0259986
-0.0261181
-0.0263176
-0.0270787
-0.0281047
-0.0286789
-0.0288551
-0.0288893
-0.0289740
-0.0291345
-0.0290160
-0.0283964
-0.0275648
-0.0268552
-0.0261166
-0.0250939
-0.0240314
-0.0233739
-0.0229069
-0.0222699
-0.0214327
-0.0205424
-0.0197305
-0.0188942
-0.0177407
-0.0162743
-0.0149156
-0.0138518
-0.0128959
-0.0116753
-0.0102331
-0.0088915
-0.0074740
-0.0058191
-0.0040618
-0.0022619
-0.0005672
0.0010723
0.0027402
0.0042123
0.0054594
0.0068218
0.0084239
0.0100955
0.0117967
0.0134959
0.0151047
0.0163898
0.0172299
0.0177849
0.0183378
0.0192834
0.0206610
0.0219378
0.0227089
0.0229291
0.0228017
0.0225163
0.0220897
0.0217312
0.0211993
0.0203674
0.0197345
0.0192571
0.0185996
0.0177274
0.0167156
0.0156418
0.0142994
0.0124906
0.0104991
0.0089343
0.0079695
0.0072453
0.0065693
0.0059195
0.0053090
0.0046059
0.0037939
0.0029697
0.0022259
0.0016945
0.0010772
0.0002213
-0.0003076
-0.0005344
-0.0007430
-0.0007829
-0.0007566
-0.0006989
-0.0004709
0.0000568
0.0006703
0.0008690
0.0006426
0.0003982
0.0002031
-0.0000016
-0.0001377
-0.0002809
-0.0002084
0.0002491
0.0007421
0.0011874
0.0015392
0.0017363
0.0021014
0.0025645
0.0029903
0.0034554
0.0036677
0.0035533
0.0032083
0.0024242
0.0015334
0.0006584
-0.0006733
-0.0021900
-0.0035756
-0.0049583
-0.0062729
-0.0074622
-0.0087461
-0.0101310
-0.0114008
-0.0123491
-0.0129221
-0.0132295
-0.0133249
-0.0132319
-0.0129620
-0.0124518
-0.0114611
-0.0100309
-0.0085924
-0.0072745
-0.0059811
-0.0042536
-0.0018365
0.0005969
0.0025845
0.0042791
0.0058603
0.0071076
0.0079889
0.0087021
0.0094298
0.0102983
0.0106281
0.0100863
0.0092217
0.0084783
0.0078768
0.0071048
0.0060212
0.0048010
0.0034998
0.0021532
0.0008365
-0.0005592
-0.0019877
-0.0031496
-0.0040680
-0.0048163
-0.0053275
-0.0057666
-0.0058859
-0.0057188
-0.0055639
-0.0053524
-0.0051575
-0.0050691
-0.0051307
-0.0052064
-0.0051128
-0.0050155
-0.0052055
-0.0058340
-0.0064925
-0.0066384
-0.0065594
-0.0064851
-0.0063635
-0.0062802
-0.0061786
-0.0061903
-0.0062577
-0.0063155
-0.0065304
-0.0067001
-0.0066937
-0.0066790
-0.0068762
-0.0072918
-0.0078767
-0.0084737
-0.0086814
-0.0085305
-0.0084103
-0.0079943
-0.0069893
-0.0060360
-0.0050641
-0.0038303
-0.0028103
-0.0021803
-0.0017442
-0.0014465
-0.0013098
-0.0012800
-0.0015543
-0.0021698
-0.0029626
-0.0037642
-0.0044604
-0.0050901
-0.0057351
-0.0064269
-0.0068205
-0.0065549
-0.0058895
-0.0051933
-0.0044786
-0.0037563
-0.0032280
-0.0031135
-0.0033965
-0.0039211
-0.0044555
-0.0048057
-0.0052811
-0.0059440
-0.0064711
-0.0069268
-0.0073716
-0.0076091
-0.0075468
-0.0074572
-0.0078537
-0.0085684
-0.0090725
-0.0095249
-0.0101552
-0.0110844
-0.0121647
-0.0133358
-0.0145918
-0.0158855
-0.0172860
-0.0182777
-0.0185071
-0.0181381
-0.0171786
-0.0157767
-0.0144932
-0.0135779
-0.0126858
-0.0115220
-0.0104316
-0.0098316
-0.0098394
-0.0102747
-0.0107015
-0.0111390
-0.0118069
-0.0127898
-0.0139083
-0.0147945
-0.0156525
-0.0166896
-0.0176271
-0.0183093
-0.0186185
-0.0183372
-0.0176190
-0.0170533
-0.0170471
-0.0175114
-0.0181741
-0.0188509
-0.0193272
-0.0196387
-0.0199641
-0.0201349
-0.0200374
-0.0197510
-0.0194045
-0.0193064
-0.0194641
-0.0195146
-0.0193327
-0.0190973
-0.0188177
-0.0183622
-0.0179462
-0.0176617
-0.0171706
-0.0164805
-0.0158849
-0.0152000
-0.0143565
-0.0132460
-0.0122116
-0.0116986
-0.0108258
-0.0091645
-0.0070399
-0.0048873
-0.0030691
-0.0013711
0.0004126
0.0023090
0.0043773
0.0065241
0.0084402
0.0099140
0.0110648
0.0121803
0.0129974
0.0131450
0.0126708
0.0116424
0.0103239
0.0088621
0.0072775
0.0056757
0.0040590
0.0023376
0.0004520
-0.0014201
-0.0031399
-0.0045261
-0.0056199
-0.0068309
-0.0079320
-0.0087298
-0.0094688
-0.0101918
-0.0108115
-0.0111585
-0.0112743
-0.0112478
-0.0110407
-0.0108052
-0.0106747
-0.0105307
-0.0101628
-0.0093756
-0.0085323
-0.0082700
-0.0083675
-0.0078699
-0.0062096
-0.0039997
-0.0021898
-0.0011056
-0.0004759
0.0002217
0.0011616
0.0021244
0.0028665
0.0034020
0.0040134
0.0050647
0.0064060
0.0076641
0.0088756
0.0101882
0.0117355
0.0133968
0.0150985
0.0169373
0.0187305
0.0202872
0.0214968
0.0224128
0.0231121
0.0232710
0.0228632
0.0224278
0.0222448
0.0221339
0.0217535
0.0209418
0.0199507
0.0189867
0.0178465
0.0166989
0.0158314
0.0150319
0.0140960
0.0131135
0.0123941
0.0117501
0.0111302
0.0106133
0.0099010
0.0090971
0.0084128
0.0078205
0.0071033
0.0062809
0.0057088
0.0053089
0.0047157
0.0040130
0.0033754
0.0026685
0.0017865
0.0010044
0.0004866
0.0000086
-0.0006761
-0.0017297
-0.0028526
-0.0037838
-0.0047310
-0.0058064
-0.0069612
-0.0081999
-0.0096560
-0.0113843
-0.0132874
-0.0153026
-0.0172594
-0.0190520
-0.0207369
-0.0224476
-0.0243760
-0.0264295
-0.0282159
-0.0292864
-0.0296997
-0.0299994
-0.0304671
-0.0307552
-0.0306590
-0.0305451
-0.0307347
-0.0309778
-0.0306362
-0.0297605
-0.0286675
-0.0274533
-0.0261045
-0.0244900
-0.0228281
-0.0211424
-0.0191603
-0.0171415
-0.0152505
-0.0131865
-0.0109129
-0.0085712
-0.0064661
-0.0047584
-0.0035287
-0.0028141
-0.0021135
-0.0010098
0.0000455
0.0006935
0.0013850
0.0022564
0.0033821
0.0046186
0.0055605
0.0064735
0.0074219
0.0082019
0.0087258
0.0090955
0.0097004
0.0105258
0.0112211
0.0113200
0.0107981
0.0102590
0.0099790
0.0097675
0.0098379
0.0104159
0.0110001
0.0114022
0.0119840
0.0129188
0.0140610
0.0152897
0.0167110
0.0182477
0.0197753
0.0212630
0.0225742
0.0238564
0.0253236
0.0265136
0.0272154
0.0282151
0.0294656
0.0305330
0.0312952
0.0317638
0.0324829
0.0334697
0.0345352
0.0356363
0.0367296
0.0373176
0.0373904
0.0376946
0.0379636
0.0377565
0.0373015
0.0369426
0.0363695
0.0353590
0.0343916
0.0335682
0.0328576
0.0323014
0.0313944
0.0299158
0.0283013
0.0268825
0.0255947
0.0243608
0.0234447
0.0226921
0.0218787
0.0214110
0.0211484
0.0207274
0.0203793
0.0200445
0.0201378
0.0208274
0.0211911
0.0214120
0.0218423
0.0223033
0.0230613
0.0241046
0.0248206
0.0247737
0.0246017
0.0246758
0.0245709
0.0242390
0.0236499
0.0230564
0.0228863
0.0228960
0.0229637
0.0228161
0.0221579
0.0215377
0.0212695
0.0211617
0.0208167
0.0202124
0.0197465
0.0194366
0.0191309
0.0187068
0.0180768
0.0170916
0.0162795
0.0158691
0.0152618
0.0146117
0.0138437
0.0130421
0.0125196
0.0113298
0.0093796
0.0075122
0.0054958
0.0033495
0.0016396
0.0005146
-0.0000123
-0.0002977
-0.0008985
-0.0020547
-0.0032943
-0.0037012
-0.0036117
-0.0038396
-0.0044124
-0.0049850
-0.0051518
-0.0051952
-0.0052511
-0.0051373
-0.0050602
-0.0048166
-0.0043726
-0.0040615
-0.0037248
-0.0033454
-0.0031181
-0.0030325
-0.0028765
-0.0029545
-0.0036064
-0.0042492
-0.0043548
-0.0041892
-0.0042542
-0.0044850
-0.0042810
-0.0033516
-0.0023098
-0.0012398
-0.0000044
0.0012704
0.0031087
0.0050633
0.0065644
0.0080914
0.0094711
0.0109264
0.0127998
0.0144085
0.0155676
0.0165194
0.0170699
0.0174893
0.0184670
0.0195685
0.0203631
0.0212286
0.0222159
0.0233226
0.0244121
0.0251748
0.0258538
0.0264357
0.0268511
0.0271893
0.0272741
0.0269258
0.0264194
0.0259892
0.0254184
0.0249728
0.0243270
0.0233610
0.0226424
0.0219897
0.0207542
0.0187298
0.0169777
0.0163755
0.0167899
0.0175198
0.0176041
0.0172014
0.0169311
0.0167947
0.0167903
0.0166265
0.0163403
0.0164964
0.0166159
0.0161037
0.0155017
0.0151112
0.0145764
0.0139060
0.0132133
0.0121660
0.0108324
0.0100074
0.0099916
0.0103393
0.0102416
0.0093625
0.0081688
0.0070790
0.0064713
0.0061658
0.0057187
0.0052652
0.0048357
0.0042159
0.0033971
0.0024117
0.0013442
0.0001623
-0.0008893
-0.0014147
-0.0019628
-0.0028966
-0.0036602
-0.0044155
-0.0052481
-0.0059368
-0.0067655
-0.0073749
-0.0073551
-0.0072288
-0.0076247
-0.0082509
-0.0087223
-0.0090299
-0.0092489
-0.0093406
-0.0093754
-0.0091604
-0.0085330
-0.0081504
-0.0079729
-0.0074210
-0.0067982
-0.0062361
-0.0055592
-0.0049797
-0.0041824
-0.0034004
-0.0033086
-0.0034543
-0.0035799
-0.0036713
-0.0035699
-0.0035637
-0.0035279
-0.0033541
-0.0030821
-0.0026185
-0.0021466
-0.0016793
-0.0011788
-0.0006350
0.0000548
0.0007948
0.0016821
0.0027621
0.0036319
0.0043453
0.0051754
0.0061436
0.0072015
0.0084873
0.0100731
0.0116831
0.0131836
0.0144834
0.0155609
0.0165195
0.0176013
0.0190241
0.0204394
0.0212570
0.0212244
0.0207764
0.0203960
0.0198822
0.0190240
0.0175781
0.0157277
0.0140144
0.0122719
0.0106765
0.0095171
0.0083783
0.0072434
0.0061813
0.0048553
0.0034855
0.0025183
0.0020041
0.0019338
0.0021172
0.0021740
0.0021164
0.0019983
0.0016644
0.0015042
0.0018978
0.0026442
0.0035592
0.0042753
0.0042687
0.0039667
0.0041333
0.0045460
0.0050475
0.0056107
0.0058513
0.0058805
0.0056333
0.0051277
0.0047620
0.0043455
0.0037384
0.0032328
0.0030121
0.0030173
0.0029665
0.0025220
0.0018983
0.0014533
0.0010991
0.0004226
-0.0006843
-0.0018078
-0.0030422
-0.0043359
-0.0057193
-0.0073772
-0.0087662
-0.0098699
-0.0110941
-0.0124042
-0.0135400
-0.0145410
-0.0155892
-0.0165863
-0.0175748
-0.0187470
-0.0200300
-0.0210971
-0.0216932
-0.0221731
-0.0229363
-0.0238497
-0.0248690
-0.0258109
-0.0265181
-0.0272075
-0.0278596
-0.0283353
-0.0287822
-0.0295917
-0.0301791
-0.0301238
-0.0300667
-0.0300140
-0.0301306
-0.0305350
-0.0310005
-0.0312639
-0.0313601
-0.0317640
-0.0322647
-0.0327829
-0.0334558
-0.0340568
-0.0347663
-0.0355918
-0.0356814
-0.0348634
-0.0340542
-0.0337728
-0.0339750
-0.0342916
-0.0344501
-0.0346679
-0.0347466
-0.0345562
-0.0344806
-0.0343513
-0.0340167
-0.0335915
-0.0329424
-0.0322221
-0.0314867
-0.0304535
-0.0292095
-0.0278186
-0.0262311
-0.0245069
-0.0224738
-0.0203667
-0.0185917
-0.0173978
-0.0167506
-0.0156777
-0.0140710
-0.0127917
-0.0118389
-0.0110903
-0.0105701
-0.0100470
-0.0092494
-0.0083886
-0.0081107
-0.0080022
-0.0076984
-0.0076079
-0.0075790
-0.0077610
-0.0082077
-0.0082862
-0.0082356
-0.0085518
-0.0088886
-0.0093160
-0.0097774
-0.0097969
-0.0100509
-0.0109538
-0.0117939
-0.0123289
-0.0129461
-0.0134725
-0.0140194
-0.0148776
-0.0153287
-0.0155915
-0.0161190
-0.0167475
-0.0174293
-0.0179382
-0.0182125
-0.0184008
-0.0186331
-0.0187565
-0.0188321
-0.0185408
-0.0178835
-0.0175375
-0.0167265
-0.0154674
-0.0146338
-0.0138845
-0.0131899
-0.0125165
-0.0119158
-0.0114869
-0.0110477
-0.0106522
-0.0103769
-0.0105367
-0.0109454
-0.0109574
-0.0107403
-0.0112651
-0.0125967
-0.0138420
-0.0145787
-0.0148076
-0.0153098
-0.0165038
-0.0175620
-0.0179450
-0.0179364
-0.0179290
-0.0180940
-0.0187411
-0.0190390
-0.0176696
-0.0151179
-0.0126876
-0.0112447
-0.0104793
-0.0090936
-0.0062933
-0.0033401
-0.0018052
-0.0009406
0.0004000
0.0021991
0.0038958
0.0047299
0.0045019
0.0036269
0.0025157
0.0015213
0.0003772
-0.0011567
-0.0028854
-0.0045353
-0.0056391
-0.0062588
-0.0068756
-0.0075286
-0.0079720
-0.0081905
-0.0082528
-0.0079432
-0.0074592
-0.0070586
-0.0064305
-0.0057805
-0.0054863
-0.0055363
-0.0055870
-0.0055284
-0.0054478
-0.0052119
-0.0050816
-0.0050521
-0.0048207
-0.0044757
-0.0040104
-0.0032207
-0.0023878
-0.0018506
-0.0014670
-0.0009950
-0.0002237
0.0005343
0.0008890
0.0011977
0.0014443
0.0014700
0.0016123
0.0017810
0.0021110
0.0026987
0.0031279
0.0039201
0.0054598
0.0070624
0.0080780
0.0085338
0.0087479
0.0088150
0.0088450
0.0087416
0.0085191
0.0081889
0.0078566
0.0076964
0.0076321
0.0075436
0.0072841
0.0071474
0.0071430
0.0069373
0.0066308
0.0059483
0.0049096
0.0039152
0.0026453
0.0012002
0.0002909
-0.0002141
-0.0011638
-0.0025268
-0.0039432
-0.0053291
-0.0063608
-0.0071140
-0.0078972
-0.0085671
-0.0089390
-0.0089946
-0.0086445
-0.0077693
-0.0063343
-0.0049386
-0.0035256
-0.0021795
-0.0014820
-0.0010825
-0.0009658
-0.0010913
-0.0010894
-0.0009285
-0.0009610
-0.0011905
-0.0014122
-0.0015691
-0.0017489
-0.0018859
-0.0021408
-0.0027360
-0.0032891
-0.0040410
-0.0050225
-0.0059019
-0.0065046
-0.0066693
-0.0067818
-0.0074848
-0.0085393
-0.0089493
-0.0087616
-0.0082219
-0.0074859
-0.0069784
-0.0064968
-0.0058408
-0.0048564
-0.0039383
-0.0030480
-0.0020768
-0.0015771
-0.0009259
-0.0002134
0.0002440
0.0009954
0.0015924
0.0015478
0.0011384
0.0004805
-0.0002086
-0.0003132
-0.0003924
-0.0008818
-0.0012178
-0.0014184
-0.0012020
-0.0008955
-0.0009876
-0.0010747
-0.0008553
-0.0003981
0.0002683
0.0010433
0.0013705
0.0017003
0.0023958
0.0027767
0.0024507
0.0021274
0.0026037
0.0030653
0.0029996
0.0027748
0.0018685
0.0004595
-0.0004882
-0.0015015
-0.0028711
-0.0041352
-0.0052192
-0.0062062
-0.0073223
-0.0082639
-0.0087142
-0.0087672
-0.0086406
-0.0082005
-0.0074290
-0.0071136
-0.0069983
-0.0060494
-0.0045500
-0.0031277
-0.0021043
-0.0014309
-0.0006006
0.0004173
0.0012282
0.0014626
0.0009656
0.0001247
-0.0005707
-0.0008569
-0.0007948
-0.0010346
-0.0015798
-0.0020883
-0.0026262
-0.0028114
-0.0026513
-0.0023508
-0.0018151
-0.0011887
-0.0005779
-0.0000920
0.0003123
0.0006676
0.0010726
0.0015706
0.0019348
0.0022910
0.0027998
0.0029177
0.0032174
0.0035961
0.0039543
0.0043602
0.0045682
0.0044115
0.0038271
0.0027885
0.0017062
0.0011596
0.0008949
0.0001327
-0.0006449
-0.0007849
-0.0007467
-0.0006901
-0.0006126
-0.0006237
-0.0004956
-0.0001245
0.0003855
0.0010763
0.0018738
0.0025147
0.0028255
0.0031003
0.0034448
0.0035617
0.0039632
0.0050067
0.0058831
0.0062795
0.0066838
0.0073051
0.0081682
0.0091421
0.0099556
0.0106750
0.0115401
0.0123088
0.0127853
0.0129079
0.0128380
0.0128626
0.0127981
0.0126381
0.0125111
0.0122904
0.0121110
0.0122288
0.0127008
0.0134737
0.0140045
0.0141248
0.0143877
0.0146842
0.0146550
0.0144990
0.0145361
0.0147584
0.0151150
0.0155803
0.0156952
0.0154635
0.0151820
0.0148914
0.0147771
0.0148456
0.0153079
0.0160740
0.0163893
0.0160042
0.0155629
0.0156056
0.0159540
0.0163612
0.0165665
0.0167192
0.0173409
0.0184483
0.0196248
0.0204926
0.0211733
0.0216851
0.0216455
0.0213929
0.0214636
0.0215532
0.0215415
0.0218061
0.0221124
0.0218708
0.0206219
0.0183602
0.0161474
0.0146082
0.0138101
0.0137126
0.0131749
0.0114570
0.0091080
0.0070844
0.0056923
0.0042754
0.0023791
0.0005016
-0.0007514
-0.0015813
-0.0023533
-0.0031041
-0.0040131
-0.0053307
-0.0066080
-0.0076019
-0.0084398
-0.0091356
-0.0099647
-0.0108031
-0.0113752
-0.0118643
-0.0124351
-0.0132290
-0.0140994
-0.0147218
-0.0152060
-0.0155609
-0.0160200
-0.0167064
-0.0171665
-0.0174313
-0.0177560
-0.0179469
-0.0181152
-0.0183972
-0.0184820
-0.0184865
-0.0187272
-0.0190596
-0.0192686
-0.0189694
-0.0180280
-0.0171689
-0.0166048
-0.0160742
-0.0154456
-0.0145029
-0.0135961
-0.0130211
-0.0124760
-0.0118888
-0.0112753
-0.0106391
-0.0103072
-0.0103382
-0.0103996
-0.0101959
-0.0097416
-0.0094465
-0.0091093
-0.0084761
-0.0078723
-0.0073063
-0.0066881
-0.0060127
-0.0051201
-0.0039377
-0.0028596
-0.0019800
-0.0008605
0.0007324
0.0023411
0.0032646
0.0039505
0.0050972
0.0059362
0.0058789
0.0056932
0.0060058
0.0068164
0.0074872
0.0072964
0.0065390
0.0058253
0.0051416
0.0043643
0.0034799
0.0023685
0.0014033
0.0009260
0.0004547
-0.0003681
-0.0013791
-0.0021684
-0.0026530
-0.0031916
-0.0037605
-0.0042010
-0.0044660
-0.0045904
-0.0046692
-0.0045290
-0.0043237
-0.0043625
-0.0045449
-0.0045725
-0.0043186
-0.0039270
-0.0033736
-0.0026068
-0.0017168
-0.0010953
-0.0007632
-0.0001533
0.0007724
0.0017381
0.0024715
0.0028538
0.0032802
0.0039572
0.0048763
0.0059985
0.0069938
0.0079734
0.0090727
0.0103612
0.0119143
0.0132638
0.0141164
0.0148927
0.0159654
0.0169968
0.0177193
0.0180845
0.0182064
0.0184785
0.0191356
0.0197396
0.0199247
0.0199193
0.0197643
0.0194828
0.0191548
0.0188847
0.0185487
0.0179322
0.0172201
0.0165090
0.0157768
0.0150409
0.0144337
0.0140789
0.0137550
0.0132653
0.0126258
0.0119896
0.0114958
0.0111010
0.0106466
0.0101382
0.0097487
0.0092147
0.0085004
0.0080445
0.0075810
0.0068623
0.0061086
0.0053180
0.0045818
0.0039373
0.0033109
0.0026659
0.0019950
0.0010494
-0.0002604
-0.0013658
-0.0022528
-0.0032491
-0.0043235
-0.0051855
-0.0054971
-0.0054676
-0.0053985
-0.0053431
-0.0052688
-0.0051590
-0.0049609
-0.0045201
-0.0039444
-0.0033433
-0.0027249
-0.0021532
-0.0014817
-0.0006738
-0.0000129
0.0004620
0.0009094
0.0013965
0.0019523
0.0024460
0.0029802
0.0037696
0.0046198
0.0052964
0.0056784
0.0057529
0.0058535
0.0060044
0.0060038
0.0060408
0.0061740
0.0063653
0.0065107
0.0064250
0.0062394
0.0061250
0.0060307
0.0060416
0.0061332
0.0059841
0.0057018
0.0055303
0.0053602
0.0052101
0.0050529
0.0047119
0.0042669
0.0039511
0.0038293
0.0038046
0.0037864
0.0037053
0.0036218
0.0035287
0.0034691
0.0035308
0.0035859
0.0034943
0.0033745
0.0033971
0.0036019
0.0038345
0.0038420
0.0038125
0.0039594
0.0041463
0.0041736
0.0041097
0.0040665
0.0041241
0.0042415
0.0043681
0.0046685
0.0050358
0.0052831
0.0054357
0.0056028
0.0057695
0.0059715
0.0062647
0.0065299
0.0066003
0.0064795
0.0063911
0.0064396
0.0064811
0.0064829
0.0064217
0.0062552
0.0061835
0.0061367
0.0060385
0.0058678
0.0054486
0.0048669
0.0043355
0.0039042
0.0034704
0.0030645
0.0029030
0.0031248
0.0034472
0.0035481
0.0034193
0.0032350
0.0030720
0.0028842
0.0027378
0.0026343
0.0025877
0.0025017
0.0024438
0.0024110
0.0021455
0.0019635
0.0020151
0.0020320
0.0020977
0.0021099
0.0019937
0.0020745
0.0023705
0.0026311
0.0029412
0.0033205
0.0034717
0.0034823
0.0036685
0.0039393
0.0041773
0.0044566
0.0046662
0.0048064
0.0048658
0.0049437
0.0049274
0.0046226
0.0043272
0.0040695
0.0038106
0.0034710
0.0029926
0.0026165
0.0024415
0.0024050
0.0022836
0.0020526
0.0018817
0.0017917
0.0016939
0.0014955
0.0013778
0.0011939
0.0007916
0.0004041
0.0000677
-0.0001866
-0.0004203
-0.0007151
-0.0010183
-0.0013096
-0.0014955
-0.0014879
-0.0014481
-0.0014514
-0.0015091
-0.0015660
-0.0014706
-0.0013347
-0.0012307
-0.0011356
-0.0010842
-0.0011027
-0.0010941
-0.0009766
-0.0008129
-0.0006926
-0.0006257
-0.0005012
-0.0003229
-0.0001718
-0.0000092
0.0000997
0.0001162
0.0000833
-0.0000229
-0.0001642
-0.0002789
-0.0003780
-0.0006120
-0.0009561
-0.0012452
-0.0014720
-0.0017470
-0.0020933
-0.0024111
-0.0027160
-0.0030211
-0.0032695
-0.0033970
-0.0033428
-0.0031835
-0.0031368
-0.0033069
-0.0035347
-0.0036865
-0.0037900
-0.0039148
-0.0041783
-0.0044887
-0.0047060
-0.0048814
-0.0050208
-0.0051630
-0.0053487
-0.0055407
-0.0057225
-0.0058731
-0.0059602
-0.0060358
-0.0060920
-0.0060052
-0.0058917
-0.0059324
-0.0060458
-0.0061914
-0.0063230
-0.0063317
-0.0062938
-0.0062454
-0.0062211
-0.0062329
-0.0062454
-0.0062603
-0.0062321
-0.0062013
-0.0061823
-0.0061807
-0.0062239
-0.0063024
-0.0063289
-0.0062865
-0.0062303
-0.0061093
-0.0059840
-0.0058927
-0.0057817
-0.0056638
-0.0055751
-0.0055089
-0.0054136
-0.0052937
-0.0052280
-0.0052074
-0.0051923
-0.0051615
-0.0050425
-0.0048779
-0.0047397
-0.0046127
-0.0045025
-0.0044277
-0.0043464
-0.0042378
-0.0041479
-0.0040866
-0.0040275
-0.0039890
-0.0039631
-0.0039343
-0.0038989
-0.0038499
-0.0038213
-0.0038409
-0.0038838
-0.0038709
-0.0038011
-0.0037376
-0.0037319
-0.0037502
-0.0037392
-0.0037098
-0.0036701
-0.0036358
-0.0035609
-0.0034592
-0.0033684
-0.0032659
-0.0032099
-0.0031932
-0.0031329
-0.0030028
-0.0028631
-0.0027483
-0.0026272
-0.0025181
-0.0024279
-0.0023262
-0.0021927
-0.0020470
-0.0018726
-0.0017008
-0.0016032
-0.0015520
-0.0015087
-0.0014464
-0.0014085
-0.0014015
-0.0013743
-0.0013572
-0.0013710
-0.0013743
-0.0013426
-0.0013219
-0.0013164
-0.0012840
-0.0012420
-0.0012071
-0.0011908
-0.0011771
-0.0011199
-0.0010670
-0.0010353
-0.0009989
-0.0009821
-0.0009842
-0.0010072
-0.0010446
-0.0010459
-0.0009890
-0.0009240
-0.0008819
-0.0008519
-0.0008205
-0.0007756
-0.0007360
-0.0007138
-0.0006934
-0.0006746
-0.0006666
-0.0006592
-0.0006568
-0.0006541
-0.0006564
-0.0006684
-0.0006702
-0.0006700
-0.0006666
-0.0006597
-0.0006580
-0.0006556
-0.0006553
-0.0006529
-0.0006348
-0.0006164
-0.0006028
-0.0005863
-0.0005712
-0.0005510
-0.0005383
-0.0005294
-0.0005069
-0.0004901
-0.0004740
-0.0004572
-0.0004515
-0.0004480
-0.0004404
-0.0004231
-0.0003951
-0.0003722
-0.0003584
-0.0003460
-0.0003300
-0.0003092
-0.0002951
-0.0002743
-0.0002493
-0.0002296
-0.0002042
-0.0001812
-0.0001642
-0.0001475
-0.0001281
-0.0001116
-0.0001035
-0.0000984
-0.0000922
-0.0000872
-0.0000826
-0.0000780
-0.0000779
-0.0000771
-0.0000743
-0.0000741
-0.0000737
-0.0000737
-0.0000791
-0.0000874
-0.0000879
-0.0000826
-0.0000745
-0.0000689
-0.0000691
-0.0000692
-0.0000668
-0.0000589
-0.0000502
-0.0000426
-0.0000354
-0.0000289
-0.0000223
-0.0000142
-0.0000040
0.0000048
0.0000153
0.0000260
0.0000354
0.0000459
0.0000549
0.0000635
0.0000755
0.0000865
0.0000940
0.0000999
0.0001046
0.0001123
0.0001215
0.0001289
0.0001357
0.0001415
0.0001470
0.0001529
0.0001594
0.0001643
0.0001673
0.0001708
0.0001751
0.0001798
0.0001836
0.0001879
0.0001919
0.0001947
0.0001970
0.0001992
0.0002026
0.0002051
0.0002066
0.0002080
0.0002102
0.0002124
0.0002134
0.0002149
0.0002168
0.0002185
0.0002200
0.0002211
0.0002223
0.0002239
0.0002253
0.0002262
0.0002275
0.0002289
0.0002298
0.0002304
0.0002315
0.0002323
0.0002330
0.0002337
0.0002343
0.0002348
0.0002351
0.0002355
0.0002360
0.0002362
0.0002365
0.0002367
0.0002368
0.0002370
0.0002371
0.0002372
0.0002373
0.0002373
0.0002373
0.0002373
0.0002372
0.0002372
0.0002371
0.0002370
0.0002368
0.0002367
0.0002365
0.0002363
0.0002361
0.0002359
0.0002356
0.0002353
0.0002350
0.0002347
0.0002344
