0.0000003
0.0000004
0.0000007
0.0000010
0.0000007
-0.0000005
-0.0000018
-0.0000016
-0.0000024
-0.0000065
-0.0000091
-0.0000091
-0.0000051
-0.0000028
-0.0000086
-0.0000105
-0.0000043
0.0000033
0.0000185
0.0000275
0.0000078
-0.0000174
-0.0000260
-0.0000205
-0.0000194
-0.0000143
0.0000107
0.0000294
0.0000166
-0.0000205
-0.0000571
-0.0000419
-0.0000135
0.0000010
-0.0000306
-0.0001258
-0.0002077
-0.0001225
0.0000158
0.0000506
0.0000449
0.0000520
0.0000632
0.0001383
0.0001378
-0.0000532
-0.0002245
-0.0002429
-0.0001209
-0.0000322
-0.0001079
-0.0001442
-0.0000606
0.0000140
-0.0000268
-0.0001518
-0.0001236
-0.0000362
0.0000827
0.0001840
-0.0000383
-0.0003400
-0.0001908
0.0000842
-0.0000777
-0.0001755
0.0000517
0.0001389
-0.0000636
-0.0001852
-0.0000841
-0.0000404
-0.0002283
-0.0003390
-0.0004034
-0.0005424
-0.0005352
-0.0002127
-0.0001397
-0.0001985
0.0002524
0.0005462
0.0000792
-0.0001691
-0.0000314
-0.0003005
-0.0002557
0.0001644
0.0003797
0.0001803
-0.0002901
-0.0006314
-0.0005192
-0.0004320
-0.0004388
-0.0002807
-0.0001547
-0.0000949
0.0001550
0.0006479
0.0005127
-0.0001505
-0.0005492
-0.0000389
0.0004210
-0.0000521
-0.0006599
-0.0001625
0.0003581
0.0000310
0.0002070
0.0005476
0.0003764
0.0002058
0.0001400
0.0001195
0.0001235
-0.0002443
-0.0001128
0.0005236
0.0000569
-0.0010247
-0.0009509
-0.0003698
-0.0010041
-0.0019104
-0.0018707
-0.0007758
0.0002528
0.0004836
0.0005370
0.0005237
-0.0000815
-0.0001228
0.0002801
-0.0002494
-0.0006233
-0.0006056
-0.0004754
-0.0007636
-0.0011586
-0.0006868
0.0001740
0.0003094
-0.0004464
-0.0005504
0.0003457
0.0010495
0.0018034
0.0022584
0.0009460
-0.0009278
-0.0007014
0.0005430
0.0002632
-0.0007713
-0.0015892
-0.0013153
0.0001615
0.0012405
0.0010114
0.0006348
0.0005646
-0.0003540
-0.0015132
-0.0016121
-0.0013000
-0.0012062
-0.0005897
0.0000291
-0.0001042
0.0002313
0.0005870
0.0004657
-0.0002773
-0.0007391
-0.0009217
-0.0008281
-0.0001782
0.0005223
0.0010840
0.0011559
0.0006004
0.0007241
0.0007856
-0.0004751
-0.0015190
-0.0006204
0.0001713
-0.0003606
-0.0004560
-0.0003813
0.0001016
0.0018018
0.0025205
0.0002645
-0.0015799
-0.0006966
-0.0001781
-0.0015186
-0.0022230
-0.0010853
-0.0001195
0.0007918
0.0019379
0.0011678
-0.0001654
-0.0004025
-0.0004105
-0.0005420
-0.0009341
-0.0005315
-0.0000478
0.0004802
0.0007389
0.0003864
0.0003854
0.0001745
-0.0008297
-0.0014376
-0.0007884
-0.0002497
0.0001356
0.0010219
0.0016508
0.0013925
0.0010133
0.0009285
0.0009760
0.0003440
-0.0011781
-0.0026342
-0.0029073
-0.0029079
-0.0022224
-0.0003322
0.0008874
0.0005181
0.0007322
0.0013699
0.0012103
0.0009467
0.0014861
0.0016794
0.0007993
-0.0004003
-0.0007200
-0.0008383
-0.0003870
0.0005371
0.0013291
0.0023362
0.0027591
0.0021404
0.0004766
-0.0006041
-0.0010118
-0.0020570
-0.0039785
-0.0049466
-0.0040402
-0.0032467
-0.0036360
-0.0025454
-0.0013355
-0.0010954
0.0004543
0.0031861
0.0042318
0.0034909
0.0037567
0.0042587
0.0043748
0.0051785
0.0044125
-0.0002806
-0.0047957
-0.0061076
-0.0066564
-0.0064105
-0.0045171
-0.0016309
0.0009495
0.0022508
0.0017104
-0.0003335
-0.0023993
-0.0040509
-0.0041491
-0.0037636
-0.0054045
-0.0077537
-0.0077151
-0.0056371
-0.0035150
-0.0021209
-0.0027839
-0.0040374
-0.0027410
0.0001517
0.0023235
0.0047338
0.0082429
0.0096284
0.0061742
-0.0008271
-0.0067810
-0.0088463
-0.0066853
-0.0019166
0.0013445
0.0004829
-0.0034585
-0.0058345
-0.0060056
-0.0071356
-0.0079408
-0.0066867
-0.0046082
-0.0033064
-0.0028851
-0.0027565
-0.0026539
-0.0007183
0.0040033
0.0089221
0.0079353
0.0025581
-0.0004354
0.0008118
0.0036447
0.0054826
0.0046224
0.0009225
-0.0028245
-0.0041240
-0.0039471
-0.0031634
-0.0005919
0.0026811
0.0043668
0.0010583
-0.0060273
-0.0116724
-0.0121114
-0.0096748
-0.0080351
-0.0069359
-0.0054609
-0.0022695
0.0039625
0.0117176
0.0165450
0.0147059
0.0104414
0.0086300
0.0074222
0.0060113
0.0050449
0.0049584
0.0049891
0.0025989
-0.0024145
-0.0056999
-0.0066194
-0.0079306
-0.0084861
-0.0041250
0.0042399
0.0124268
0.0168691
0.0164409
0.0125556
0.0052923
-0.0037324
-0.0096281
-0.0107680
-0.0090957
-0.0059567
-0.0039723
-0.0036144
-0.0011520
0.0082040
0.0236398
0.0382301
0.0432530
0.0349194
0.0164510
-0.0035722
-0.0174232
-0.0236795
-0.0225861
-0.0156047
-0.0085463
-0.0041914
-0.0008655
0.0037272
0.0080910
0.0113903
0.0125594
0.0090367
0.0015183
-0.0054076
-0.0087280
-0.0091623
-0.0083329
-0.0056573
-0.0020639
0.0016444
0.0066067
0.0142933
0.0248008
0.0345410
0.0388289
0.0327337
0.0162071
-0.0024775
-0.0152374
-0.0246922
-0.0328024
-0.0341656
-0.0258021
-0.0129161
-0.0019667
0.0029366
0.0031994
0.0038048
0.0073783
0.0155109
0.0240094
0.0262139
0.0227709
0.0202628
0.0203918
0.0230901
0.0266103
0.0258966
0.0160029
-0.0023341
-0.0237005
-0.0412682
-0.0490114
-0.0452286
-0.0323658
-0.0128350
0.0126570
0.0400542
0.0622908
0.0741451
0.0775633
0.0756080
0.0679520
0.0531600
0.0311338
0.0057450
-0.0184852
-0.0419871
-0.0638316
-0.0809410
-0.0904998
-0.0898786
-0.0783343
-0.0591281
-0.0392085
-0.0257304
-0.0186534
-0.0108835
0.0063864
0.0347424
0.0677234
0.0992046
0.1266097
0.1478004
0.1577275
0.1531469
0.1364009
0.1127808
0.0884537
0.0700300
0.0587303
0.0513719
0.0502809
0.0613131
0.0785840
0.0850843
0.0684037
0.0332616
-0.0035100
-0.0276963
-0.0357289
-0.0328110
-0.0268571
-0.0248446
-0.0318149
-0.0425750
-0.0459767
-0.0341799
-0.0053026
0.0317552
0.0592868
0.0681446
0.0631459
0.0540361
0.0428364
0.0225846
-0.0132366
-0.0639303
-0.1191157
-0.1619368
-0.1769330
-0.1598213
-0.1221112
-0.0864630
-0.0710147
-0.0760077
-0.0891519
-0.0973326
-0.0936892
-0.0835522
-0.0778946
-0.0753078
-0.0623506
-0.0328077
0.0067266
0.0407400
0.0592889
0.0648078
0.0640563
0.0615641
0.0611288
0.0641488
0.0665029
0.0585293
0.0334078
-0.0044607
-0.0399252
-0.0604851
-0.0695597
-0.0795260
-0.0947894
-0.1067929
-0.1033694
-0.0782962
-0.0375927
0.0035500
0.0333860
0.0469080
0.0410906
0.0138586
-0.0283687
-0.0736051
-0.1107668
-0.1291570
-0.1241587
-0.1017443
-0.0751604
-0.0548846
-0.0441815
-0.0379704
-0.0292712
-0.0191539
-0.0164036
-0.0260737
-0.0445917
-0.0647880
-0.0823451
-0.0999583
-0.1201848
-0.1367191
-0.1396080
-0.1241879
-0.0982373
-0.0768783
-0.0670557
-0.0664142
-0.0709749
-0.0770262
-0.0788983
-0.0709348
-0.0505772
-0.0225713
0.0024326
0.0126304
0.0041250
-0.0232203
-0.0675085
-0.1190410
-0.1670752
-0.2047608
-0.2244663
-0.2194160
-0.1891664
-0.1378761
-0.0728826
-0.0029035
0.0674855
0.1336713
0.1895421
0.2342258
0.2663280
0.2827663
0.2863600
0.2811811
0.2665563
0.2463595
0.2318242
0.2298937
0.2386548
0.2476383
0.2368471
0.1895276
0.1105126
0.0220964
-0.0547755
-0.1085877
-0.1355909
-0.1374454
-0.1216704
-0.0986120
-0.0803761
-0.0723809
-0.0678146
-0.0570599
-0.0381229
-0.0106111
0.0239145
0.0601288
0.0918652
0.1159771
0.1348535
0.1524605
0.1712600
0.1883023
0.1961804
0.1871448
0.1600583
0.1266004
0.0998576
0.0832846
0.0754901
0.0715279
0.0621932
0.0405343
0.0070512
-0.0343919
-0.0753215
-0.1028570
-0.1110029
-0.1018744
-0.0808934
-0.0557719
-0.0311809
-0.0057282
0.0238695
0.0602360
0.0989975
0.1287119
0.1408085
0.1290953
0.0893342
0.0299322
-0.0288253
-0.0693966
-0.0861889
-0.0829264
-0.0678920
-0.0476398
-0.0214845
0.0102360
0.0401376
0.0635499
0.0830264
0.1046355
0.1340382
0.1693612
0.1989606
0.2126390
0.2119035
0.1986384
0.1699277
0.1331948
0.1021546
0.0835788
0.0783375
0.0822900
0.0884015
0.0923666
0.0956997
0.1042870
0.1152224
0.1193051
0.1149070
0.1083080
0.1080778
0.1194894
0.1383392
0.1525515
0.1577868
0.1606161
0.1622591
0.1528102
0.1135258
0.0263062
-0.1095561
-0.2731570
-0.4370923
-0.5769379
-0.6736561
-0.7211793
-0.7264723
-0.6973787
-0.6371063
-0.5536893
-0.4622497
-0.3776522
-0.3067880
-0.2424854
-0.1643196
-0.0645869
0.0347338
0.1042059
0.1390674
0.1545442
0.1601566
0.1545182
0.1380299
0.1146966
0.0932515
0.0837820
0.0918566
0.1228818
0.1759851
0.2364612
0.2801320
0.2888064
0.2622747
0.2152645
0.1677414
0.1372506
0.1300710
0.1409346
0.1593546
0.1739505
0.1773925
0.1662675
0.1387957
0.1035120
0.0759011
0.0593600
0.0441760
0.0205469
-0.0161706
-0.0664051
-0.1274189
-0.1926879
-0.2537247
-0.3017174
-0.3317633
-0.3450819
-0.3463477
-0.3441253
-0.3459185
-0.3471208
-0.3361865
-0.3057273
-0.2508592
-0.1744101
-0.0931613
-0.0263091
0.0202333
0.0490968
0.0623065
0.0601241
0.0442553
0.0233717
0.0092350
0.0042941
0.0050782
0.0124881
0.0289694
0.0542269
0.0867786
0.1176375
0.1318061
0.1119895
0.0503780
-0.0394264
-0.1262460
-0.1883427
-0.2293692
-0.2655231
-0.3033604
-0.3355593
-0.3515093
-0.3484820
-0.3355088
-0.3244748
-0.3207625
-0.3224142
-0.3193392
-0.2984098
-0.2477164
-0.1630379
-0.0632764
0.0194523
0.0745377
0.1183592
0.1650277
0.2174479
0.2767551
0.3380534
0.3905864
0.4227376
0.4265727
0.4039859
0.3686050
0.3393163
0.3271263
0.3313212
0.3430343
0.3551290
0.3642570
0.3678695
0.3686787
0.3710457
0.3731597
0.3712104
0.3635201
0.3468477
0.3119784
0.2524415
0.1726269
0.0859697
0.0004746
-0.0834924
-0.1603849
-0.2218725
-0.2684955
-0.3077388
-0.3423985
-0.3679100
-0.3748908
-0.3586736
-0.3257724
-0.2911516
-0.2672715
-0.2572201
-0.2619857
-0.2841795
-0.3204490
-0.3527968
-0.3618612
-0.3391906
-0.2959750
-0.2492972
-0.2086233
-0.1774908
-0.1494910
-0.1184154
-0.0820786
-0.0442072
-0.0135808
0.0116555
0.0401700
0.0724662
0.1108347
0.1639107
0.2296047
0.2926443
0.3371720
0.3571578
0.3609870
0.3612514
0.3567806
0.3379176
0.3036537
0.2601231
0.2096117
0.1523984
0.0945741
0.0432899
0.0013843
-0.0307680
-0.0515463
-0.0542122
-0.0333713
0.0050447
0.0474470
0.0803949
0.0951946
0.0935340
0.0832853
0.0663746
0.0393189
0.0080933
-0.0173847
-0.0310961
-0.0320186
-0.0209808
0.0010940
0.0335645
0.0716009
0.1032610
0.1180863
0.1142504
0.0978505
0.0705384
0.0281928
-0.0284252
-0.0902087
-0.1454523
-0.1909177
-0.2285961
-0.2601159
-0.2880969
-0.3061998
-0.3003519
-0.2685576
-0.2250486
-0.1757611
-0.1146425
-0.0447561
0.0202676
0.0690120
0.0933070
0.0927157
0.0732122
0.0373502
-0.0179667
-0.0938054
-0.1813172
-0.2621432
-0.3210819
-0.3556203
-0.3680690
-0.3583990
-0.3315365
-0.2972726
-0.2620739
-0.2247351
-0.1760487
-0.1095690
-0.0342607
0.0300427
0.0739363
0.1061178
0.1452283
0.2019879
0.2667875
0.3209518
0.3607890
0.3954373
0.4304655
0.4607975
0.4714298
0.4524570
0.4140619
0.3729661
0.3327402
0.2895780
0.2455575
0.2012191
0.1543491
0.1054434
0.0539569
-0.0005031
-0.0536978
-0.1022942
-0.1388787
-0.1541873
-0.1488711
-0.1343534
-0.1248230
-0.1300733
-0.1478495
-0.1644107
-0.1679711
-0.1556699
-0.1256290
-0.0799792
-0.0312234
0.0021551
0.0066032
-0.0151104
-0.0454359
-0.0751563
-0.1099925
-0.1519779
-0.1897574
-0.2065339
-0.1856912
-0.1251199
-0.0444212
0.0340526
0.0986580
0.1476689
0.1803822
0.1972006
0.1992901
0.1894843
0.1693771
0.1378322
0.0966491
0.0536203
0.0179934
-0.0005671
0.0013673
0.0198273
0.0509527
0.0921416
0.1399699
0.1888846
0.2354974
0.2778908
0.3135520
0.3428378
0.3650865
0.3765482
0.3689894
0.3271668
0.2394625
0.1073535
-0.0507922
-0.1997409
-0.3067157
-0.3628077
-0.3837400
-0.3886978
-0.3835608
-0.3622962
-0.3188551
-0.2534761
-0.1761397
-0.1066283
-0.0574724
-0.0219130
0.0136616
0.0582023
0.1083887
0.1457095
0.1581914
0.1511037
0.1373445
0.1251561
0.1156397
0.1065422
0.0955356
0.0771624
0.0450022
0.0002940
-0.0443575
-0.0756381
-0.0940991
-0.1090624
-0.1294578
-0.1541540
-0.1756961
-0.1887734
-0.1911851
-0.1820440
-0.1612692
-0.1287732
-0.0885909
-0.0482942
-0.0117371
0.0215434
0.0491138
0.0632396
0.0546271
0.0202793
-0.0288509
-0.0779578
-0.1197353
-0.1524417
-0.1809126
-0.2091088
-0.2370205
-0.2630969
-0.2843384
-0.2952467
-0.2903164
-0.2643093
-0.2143788
-0.1490749
-0.0834766
-0.0262961
0.0211736
0.0597707
0.0892959
0.1103873
0.1212777
0.1178240
0.0999096
0.0783135
0.0684640
0.0799744
0.1108214
0.1476515
0.1751311
0.1874700
0.1933786
0.2047912
0.2259532
0.2521915
0.2744156
0.2855219
0.2840451
0.2770845
0.2710849
0.2620132
0.2468378
0.2266916
0.2030341
0.1786584
0.1586552
0.1472744
0.1437841
0.1424108
0.1382062
0.1295140
0.1167745
0.0944107
0.0542716
0.0010949
-0.0532818
-0.1002460
-0.1361755
-0.1666490
-0.1993103
-0.2348443
-0.2687975
-0.2992537
-0.3239502
-0.3312879
-0.2989243
-0.2207541
-0.1288296
-0.0674717
-0.0553720
-0.0745778
-0.0903926
-0.0800815
-0.0474138
-0.0087469
0.0244400
0.0473742
0.0607267
0.0664126
0.0665662
0.0680745
0.0824248
0.1063883
0.1222935
0.1221860
0.1098691
0.0912723
0.0713568
0.0517839
0.0309792
0.0106596
-0.0007516
0.0003306
0.0078784
0.0116124
0.0099670
0.0127829
0.0303314
0.0642961
0.1105266
0.1576090
0.1949999
0.2166113
0.2184450
0.2037334
0.1843979
0.1735315
0.1730792
0.1768853
0.1736529
0.1570845
0.1372639
0.1293542
0.1363888
0.1510516
0.1614614
0.1597014
0.1481804
0.1341606
0.1208068
0.1038264
0.0779799
0.0422041
0.0048856
-0.0221500
-0.0366154
-0.0438407
-0.0531792
-0.0734397
-0.1032012
-0.1347656
-0.1607505
-0.1765963
-0.1840135
-0.1901476
-0.1967628
-0.1966183
-0.1860741
-0.1689899
-0.1499462
-0.1351757
-0.1288611
-0.1266347
-0.1196560
-0.1019066
-0.0743939
-0.0468858
-0.0292445
-0.0250804
-0.0346797
-0.0510228
-0.0648486
-0.0714817
-0.0738503
-0.0749597
-0.0783504
-0.0866139
-0.0976609
-0.1060964
-0.1075355
-0.1016507
-0.0907918
-0.0802017
-0.0732212
-0.0703854
-0.0711139
-0.0746582
-0.0801968
-0.0867046
-0.0911802
-0.0923268
-0.0902057
-0.0846251
-0.0757144
-0.0675016
-0.0635300
-0.0593446
-0.0486458
-0.0287590
0.0014652
0.0378945
0.0734206
0.1033711
0.1236534
0.1340466
0.1393299
0.1458829
0.1554199
0.1624512
0.1547581
0.1263059
0.0863750
0.0511631
0.0318030
0.0280636
0.0296361
0.0249992
0.0086216
-0.0164938
-0.0420119
-0.0671302
-0.0983444
-0.1329466
-0.1592823
-0.1672082
-0.1544228
-0.1275869
-0.0989311
-0.0744798
-0.0529108
-0.0304881
-0.0046284
0.0193273
0.0356155
0.0434925
0.0413919
0.0293133
0.0098795
-0.0130222
-0.0299771
-0.0303002
-0.0124618
0.0122600
0.0281090
0.0313594
0.0294362
0.0306690
0.0334468
0.0279963
0.0035032
-0.0352762
-0.0656263
-0.0700422
-0.0503299
-0.0246981
-0.0107204
-0.0110006
-0.0158766
-0.0156602
-0.0054694
0.0085351
0.0146746
0.0090860
-0.0047995
-0.0219029
-0.0368910
-0.0476155
-0.0572432
-0.0698123
-0.0835814
-0.0935762
-0.0955551
-0.0901697
-0.0795084
-0.0629790
-0.0432012
-0.0267786
-0.0168107
-0.0109734
-0.0050619
-0.0017143
-0.0051439
-0.0111382
-0.0118671
-0.0025590
0.0136812
0.0318906
0.0484023
0.0606062
0.0649350
0.0598785
0.0508376
0.0419129
0.0308463
0.0160269
-0.0024982
-0.0229050
-0.0398862
-0.0497668
-0.0526461
-0.0564602
-0.0672117
-0.0800364
-0.0877950
-0.0895464
-0.0901892
-0.0926283
-0.0938304
-0.0902508
-0.0846951
-0.0812188
-0.0805002
-0.0821279
-0.0802632
-0.0679419
-0.0463719
-0.0232506
-0.0042358
0.0088918
0.0190957
0.0279219
0.0355016
0.0437218
0.0535633
0.0584081
0.0514258
0.0365641
0.0222972
0.0160886
0.0204754
0.0278050
0.0318573
0.0346265
0.0398610
0.0482785
0.0579052
0.0652274
0.0677533
0.0640758
0.0534683
0.0385957
0.0248524
0.0151270
0.0101741
0.0104129
0.0128234
0.0146821
0.0153401
0.0143729
0.0145824
0.0187708
0.0264730
0.0345726
0.0402739
0.0420502
0.0403339
0.0375687
0.0346726
0.0344046
0.0414867
0.0529584
0.0626108
0.0680909
0.0714300
0.0751235
0.0799073
0.0849487
0.0892848
0.0920845
0.0898706
0.0783774
0.0584042
0.0324872
0.0056301
-0.0164834
-0.0344393
-0.0500324
-0.0611655
-0.0658459
-0.0651441
-0.0622480
-0.0559203
-0.0447181
-0.0318354
-0.0224712
-0.0206347
-0.0276577
-0.0431691
-0.0641301
-0.0851908
-0.1043297
-0.1192022
-0.1243778
-0.1185445
-0.1073241
-0.0972920
-0.0911250
-0.0871413
-0.0842960
-0.0848231
-0.0915279
-0.1027912
-0.1167336
-0.1299658
-0.1359483
-0.1336207
-0.1283410
-0.1210271
-0.1105474
-0.1004480
-0.0925563
-0.0844954
-0.0743242
-0.0631020
-0.0524526
-0.0428971
-0.0339958
-0.0273670
-0.0230886
-0.0161482
-0.0052323
0.0077867
0.0222088
0.0365649
0.0501269
0.0635343
0.0760924
0.0833605
0.0826150
0.0763219
0.0683286
0.0612411
0.0524549
0.0385539
0.0224080
0.0103510
0.0057826
0.0082143
0.0163217
0.0287744
0.0421001
0.0529957
0.0616017
0.0675019
0.0689407
0.0667207
0.0626608
0.0569515
0.0520112
0.0506016
0.0529691
0.0577731
0.0634463
0.0675597
0.0684436
0.0620479
0.0458902
0.0253570
0.0074630
-0.0062515
-0.0169993
-0.0245373
-0.0279181
-0.0257026
-0.0176479
-0.0045024
0.0127111
0.0296520
0.0404377
0.0433309
0.0393186
0.0306123
0.0212330
0.0132038
0.0065711
0.0001953
-0.0052606
-0.0066832
-0.0038427
-0.0018138
-0.0030213
-0.0031315
0.0005696
0.0068504
0.0125793
0.0137501
0.0097842
0.0022039
-0.0067233
-0.0140941
-0.0190694
-0.0218673
-0.0193783
-0.0088334
0.0069547
0.0222698
0.0383581
0.0594748
0.0850189
0.1109779
0.1321106
0.1483871
0.1625365
0.1741138
0.1843502
0.1930404
0.1984635
0.1989505
0.1914033
0.1712383
0.1375754
0.0955878
0.0533946
0.0158248
-0.0157715
-0.0417982
-0.0624129
-0.0795027
-0.0959263
-0.1090005
-0.1129217
-0.1048498
-0.0846702
-0.0587085
-0.0344991
-0.0175765
-0.0096105
-0.0041318
0.0047246
0.0125079
0.0101589
-0.0049354
-0.0266552
-0.0467304
-0.0612122
-0.0708128
-0.0745749
-0.0737869
-0.0679638
-0.0552029
-0.0367760
-0.0153326
0.0040795
0.0191627
0.0331019
0.0459380
0.0538593
0.0534604
0.0420859
0.0214772
-0.0032736
-0.0246319
-0.0385574
-0.0494298
-0.0630211
-0.0777439
-0.0857203
-0.0806704
-0.0630136
-0.0400727
-0.0213825
-0.0131767
-0.0148157
-0.0199300
-0.0205667
-0.0142522
-0.0020272
0.0156660
0.0370355
0.0566505
0.0714096
0.0845189
0.0992864
0.1147918
0.1292914
0.1377258
0.1361972
0.1255488
0.1095697
0.0941971
0.0832665
0.0777862
0.0787408
0.0854664
0.0915873
0.0888045
0.0739551
0.0512242
0.0277593
0.0080813
-0.0062215
-0.0158525
-0.0235815
-0.0303839
-0.0337033
-0.0316139
-0.0250744
-0.0155535
-0.0050508
0.0035625
0.0105082
0.0147137
0.0124823
0.0040071
-0.0065078
-0.0163502
-0.0258083
-0.0356591
-0.0476529
-0.0608922
-0.0728205
-0.0830400
-0.0917789
-0.0966383
-0.0977511
-0.0941465
-0.0832071
-0.0676233
-0.0514141
-0.0362192
-0.0224328
-0.0090599
0.0046568
0.0168260
0.0250810
0.0265230
0.0225765
0.0159248
0.0074462
-0.0029152
-0.0167445
-0.0335786
-0.0511354
-0.0671473
-0.0802562
-0.0901546
-0.0934784
-0.0845344
-0.0637638
-0.0376483
-0.0133384
0.0059632
0.0199595
0.0304946
0.0375488
0.0368039
0.0275801
0.0154465
0.0052972
0.0039525
0.0145949
0.0335004
0.0547658
0.0731799
0.0818314
0.0790174
0.0691209
0.0566892
0.0455512
0.0373382
0.0303240
0.0224783
0.0133519
0.0020512
-0.0102767
-0.0218136
-0.0303712
-0.0333315
-0.0317646
-0.0308029
-0.0351580
-0.0457139
-0.0632690
-0.0864924
-0.1087991
-0.1234404
-0.1267160
-0.1211761
-0.1134929
-0.1067524
-0.1012682
-0.0958599
-0.0884044
-0.0797706
-0.0723270
-0.0669437
-0.0624984
-0.0561819
-0.0441871
-0.0258802
-0.0049201
0.0147591
0.0315107
0.0468030
0.0645963
0.0845588
0.1038328
0.1183556
0.1231300
0.1178942
0.1062695
0.0927499
0.0801566
0.0684427
0.0532341
0.0317209
0.0067443
-0.0174305
-0.0375897
-0.0511572
-0.0591733
-0.0632453
-0.0621114
-0.0548133
-0.0407195
-0.0204754
0.0027799
0.0251694
0.0427198
0.0539430
0.0561135
0.0487549
0.0366459
0.0232053
0.0058020
-0.0162515
-0.0370656
-0.0490946
-0.0494443
-0.0392913
-0.0221571
-0.0007804
0.0235243
0.0487137
0.0742311
0.0967485
0.1138151
0.1267511
0.1350738
0.1364698
0.1273208
0.1083418
0.0863518
0.0672113
0.0515913
0.0362507
0.0192149
0.0017902
-0.0121835
-0.0212856
-0.0286957
-0.0355753
-0.0411040
-0.0442960
-0.0430454
-0.0357298
-0.0204225
0.0032813
0.0307804
0.0570873
0.0781564
0.0932222
0.1044219
0.1126526
0.1157280
0.1108280
0.0982377
0.0814635
0.0624834
0.0408646
0.0171987
-0.0065501
-0.0316350
-0.0578413
-0.0793473
-0.0918540
-0.0957354
-0.0927751
-0.0837649
-0.0710611
-0.0584818
-0.0460922
-0.0324369
-0.0196036
-0.0066144
0.0072333
0.0221634
0.0376295
0.0482683
0.0500461
0.0434126
0.0296189
0.0108681
-0.0089655
-0.0267796
-0.0392228
-0.0469489
-0.0554327
-0.0667944
-0.0755734
-0.0766168
-0.0693220
-0.0574148
-0.0461244
-0.0368237
-0.0289720
-0.0225936
-0.0185417
-0.0173094
-0.0183983
-0.0205453
-0.0243517
-0.0283633
-0.0300787
-0.0300285
-0.0293841
-0.0282538
-0.0291630
-0.0314642
-0.0328599
-0.0345034
-0.0377580
-0.0408429
-0.0416388
-0.0397660
-0.0351490
-0.0286504
-0.0213090
-0.0124125
-0.0037923
0.0030325
0.0100342
0.0179603
0.0249723
0.0301907
0.0332346
0.0362708
0.0416841
0.0467855
0.0488791
0.0481832
0.0451850
0.0397245
0.0325213
0.0201213
-0.0009491
-0.0258289
-0.0484000
-0.0667607
-0.0794425
-0.0888497
-0.0971690
-0.1024444
-0.1034227
-0.1010009
-0.0964631
-0.0898845
-0.0813360
-0.0705329
-0.0576866
-0.0445732
-0.0317913
-0.0183940
-0.0033179
0.0149182
0.0344056
0.0492222
0.0575361
0.0594891
0.0549737
0.0454425
0.0348598
0.0264132
0.0209365
0.0174456
0.0123461
0.0049723
-0.0010049
0.0004346
0.0113674
0.0276193
0.0437683
0.0572883
0.0681861
0.0726851
0.0692266
0.0611374
0.0502876
0.0383361
0.0282130
0.0198306
0.0138595
0.0132614
0.0163187
0.0204356
0.0258532
0.0320170
0.0371956
0.0435695
0.0508120
0.0544430
0.0548164
0.0558862
0.0598216
0.0671876
0.0753676
0.0838041
0.0943628
0.1065449
0.1200032
0.1322166
0.1390869
0.1382083
0.1307783
0.1174593
0.0952582
0.0623947
0.0203981
-0.0252392
-0.0662447
-0.0982376
-0.1181779
-0.1237138
-0.1177281
-0.1060763
-0.0926203
-0.0771246
-0.0592384
-0.0377672
-0.0147071
0.0037664
0.0153453
0.0209596
0.0219045
0.0207951
0.0182434
0.0136604
0.0063665
-0.0048324
-0.0189578
-0.0327555
-0.0444999
-0.0537998
-0.0601591
-0.0665662
-0.0748617
-0.0800748
-0.0798627
-0.0755248
-0.0677274
-0.0598174
-0.0514163
-0.0392692
-0.0246805
-0.0109344
0.0006464
0.0098792
0.0177427
0.0235732
0.0258375
0.0243750
0.0199505
0.0124610
0.0042219
-0.0023995
-0.0096389
-0.0188601
-0.0290718
-0.0376015
-0.0417998
-0.0419375
-0.0391622
-0.0353551
-0.0323364
-0.0300563
-0.0264039
-0.0200682
-0.0122488
-0.0053474
0.0006422
0.0059953
0.0092678
0.0079463
0.0046500
0.0026618
0.0009290
0.0001144
-0.0000128
0.0004370
0.0007984
-0.0015241
-0.0067305
-0.0146344
-0.0255136
-0.0396602
-0.0557416
-0.0695522
-0.0761678
-0.0734674
-0.0640560
-0.0517917
-0.0383171
-0.0243367
-0.0096411
0.0031542
0.0118804
0.0173968
0.0187541
0.0162921
0.0112411
0.0043348
-0.0009874
-0.0021758
-0.0001427
0.0029323
0.0033960
0.0022838
0.0033274
0.0035605
0.0006707
-0.0034075
-0.0067238
-0.0082146
-0.0095725
-0.0136925
-0.0182105
-0.0191007
-0.0159607
-0.0085072
0.0022590
0.0131219
0.0233852
0.0332145
0.0415698
0.0474148
0.0479000
0.0430853
0.0372507
0.0306344
0.0218529
0.0110758
-0.0021811
-0.0143779
-0.0221036
-0.0252765
-0.0259711
-0.0260762
-0.0263093
-0.0257165
-0.0242731
-0.0223896
-0.0199547
-0.0192108
-0.0203297
-0.0198092
-0.0171352
-0.0134328
-0.0092050
-0.0047308
-0.0009647
0.0002094
0.0000591
0.0024830
0.0080830
0.0108569
0.0072587
-0.0004594
-0.0088583
-0.0143192
-0.0145855
-0.0107795
-0.0044797
0.0027756
0.0122733
0.0255551
0.0387198
0.0495693
0.0586947
0.0649886
0.0668562
0.0657396
0.0615053
0.0546584
0.0482871
0.0410896
0.0321031
0.0203772
0.0050312
-0.0105480
-0.0231456
-0.0338789
-0.0415950
-0.0444005
-0.0421362
-0.0348505
-0.0230288
-0.0083059
0.0083339
0.0267196
0.0442644
0.0592720
0.0711258
0.0789830
0.0828034
0.0842182
0.0803429
0.0712743
0.0624487
0.0568066
0.0525110
0.0470197
0.0382601
0.0279222
0.0195563
0.0127440
0.0070294
0.0053308
0.0065820
0.0087902
0.0132670
0.0164220
0.0154475
0.0113010
0.0049548
-0.0022542
-0.0097466
-0.0165765
-0.0218358
-0.0247536
-0.0261707
-0.0258050
-0.0212873
-0.0157388
-0.0129656
-0.0103665
-0.0084967
-0.0085564
-0.0079776
-0.0073360
-0.0075878
-0.0073702
-0.0063307
-0.0046785
-0.0024374
-0.0004118
0.0009913
0.0010874
-0.0006344
-0.0012163
0.0006554
0.0014253
0.0003502
-0.0003882
-0.0011097
-0.0023128
-0.0057539
-0.0119355
-0.0199651
-0.0281573
-0.0342592
-0.0375142
-0.0397220
-0.0428726
-0.0452246
-0.0455658
-0.0450906
-0.0432377
-0.0395660
-0.0356630
-0.0306732
-0.0251225
-0.0220221
-0.0224580
-0.0264331
-0.0337004
-0.0430296
-0.0511234
-0.0536842
-0.0492517
-0.0424664
-0.0353116
-0.0276668
-0.0204093
-0.0136226
-0.0073875
-0.0048828
-0.0058591
-0.0074495
-0.0109278
-0.0182095
-0.0299121
-0.0429383
-0.0539911
-0.0611156
-0.0643354
-0.0635614
-0.0602078
-0.0547693
-0.0460389
-0.0355937
-0.0262335
-0.0184918
-0.0127208
-0.0085588
-0.0035538
0.0006225
0.0018627
0.0017805
0.0014335
0.0010770
0.0010259
0.0012183
0.0020232
0.0054961
0.0112269
0.0160473
0.0202803
0.0239045
0.0260178
0.0271865
0.0263526
0.0235935
0.0194597
0.0142425
0.0099114
0.0054545
0.0007529
-0.0025160
-0.0058004
-0.0086925
-0.0093540
-0.0074426
-0.0043093
0.0000606
0.0063806
0.0144503
0.0224754
0.0279330
0.0298449
0.0295043
0.0269614
0.0247826
0.0234984
0.0212963
0.0202647
0.0219522
0.0273098
0.0359130
0.0445602
0.0508454
0.0539303
0.0538999
0.0516978
0.0481270
0.0431737
0.0373249
0.0337744
0.0321079
0.0303768
0.0300797
0.0313043
0.0346790
0.0386306
0.0405518
0.0408871
0.0380718
0.0318011
0.0226199
0.0120229
0.0046752
-0.0004492
-0.0042732
-0.0051211
-0.0031830
0.0008059
0.0050827
0.0060396
0.0040999
0.0031331
0.0036655
0.0046373
0.0060762
0.0073909
0.0088559
0.0115329
0.0139794
0.0155878
0.0157132
0.0131101
0.0100217
0.0053631
-0.0010483
-0.0082294
-0.0158476
-0.0222199
-0.0247622
-0.0239827
-0.0223423
-0.0208551
-0.0207865
-0.0209691
-0.0171925
-0.0096501
-0.0029517
0.0023826
0.0047330
0.0033683
0.0012334
0.0005304
0.0001047
-0.0011028
-0.0041632
-0.0076309
-0.0085530
-0.0072288
-0.0059431
-0.0032814
0.0021928
0.0072124
0.0097507
0.0080573
0.0026203
-0.0040628
-0.0097831
-0.0147925
-0.0196984
-0.0221716
-0.0207223
-0.0161755
-0.0089386
-0.0012660
0.0051289
0.0106304
0.0146341
0.0166084
0.0154911
0.0102737
0.0026366
-0.0056263
-0.0146899
-0.0239796
-0.0298953
-0.0309659
-0.0291748
-0.0243108
-0.0189240
-0.0156512
-0.0134209
-0.0115470
-0.0099315
-0.0084950
-0.0073992
-0.0065303
-0.0053034
-0.0047925
-0.0053518
-0.0055651
-0.0052417
-0.0070580
-0.0098463
-0.0122206
-0.0149169
-0.0178635
-0.0219193
-0.0248592
-0.0238512
-0.0186490
-0.0130308
-0.0095258
-0.0090766
-0.0120339
-0.0174849
-0.0220374
-0.0238382
-0.0224378
-0.0197287
-0.0167022
-0.0138418
-0.0146760
-0.0184593
-0.0219448
-0.0218828
-0.0192168
-0.0166311
-0.0151601
-0.0138513
-0.0101755
-0.0055731
-0.0019843
0.0035300
0.0097604
0.0116075
0.0095303
0.0061011
0.0016354
-0.0030707
-0.0049502
-0.0044699
-0.0029288
-0.0007757
0.0010316
0.0025999
0.0050738
0.0072375
0.0090040
0.0116028
0.0143919
0.0172420
0.0206210
0.0237090
0.0248628
0.0241459
0.0220815
0.0172309
0.0090228
-0.0012746
-0.0118920
-0.0202439
-0.0247397
-0.0271463
-0.0296034
-0.0302372
-0.0254573
-0.0163191
-0.0066302
0.0011486
0.0073092
0.0122105
0.0160268
0.0197232
0.0219412
0.0214120
0.0190471
0.0167353
0.0182365
0.0224284
0.0247787
0.0254697
0.0270189
0.0308580
0.0353097
0.0389688
0.0413488
0.0424242
0.0407377
0.0368646
0.0330058
0.0308291
0.0299077
0.0308203
0.0327266
0.0340128
0.0345619
0.0336961
0.0314523
0.0260453
0.0164726
0.0059493
-0.0013762
-0.0058521
-0.0087915
-0.0095761
-0.0089558
-0.0071413
-0.0052492
-0.0048202
-0.0039310
-0.0016502
0.0000347
-0.0003537
-0.0028620
-0.0055747
-0.0077313
-0.0100416
-0.0103402
-0.0093380
-0.0107636
-0.0135115
-0.0150105
-0.0141694
-0.0129965
-0.0139406
-0.0165029
-0.0180621
-0.0177122
-0.0164146
-0.0136329
-0.0095012
-0.0062681
-0.0031443
0.0000999
0.0030669
0.0055869
0.0063304
0.0063330
0.0052510
0.0030566
0.0016820
0.0011470
0.0006592
-0.0004495
-0.0027782
-0.0045027
-0.0040712
-0.0034468
-0.0036841
-0.0032082
-0.0019078
-0.0008823
0.0010630
0.0043056
0.0078421
0.0103811
0.0110282
0.0105282
0.0096445
0.0083555
0.0070991
0.0057233
0.0072179
0.0097745
0.0090868
0.0079506
0.0099993
0.0131399
0.0136128
0.0107531
0.0071001
0.0043767
0.0026421
-0.0003286
-0.0040638
-0.0071676
-0.0096381
-0.0104788
-0.0107657
-0.0124417
-0.0151130
-0.0172816
-0.0196556
-0.0247485
-0.0304089
-0.0338306
-0.0350849
-0.0349502
-0.0340212
-0.0319599
-0.0293016
-0.0278019
-0.0256243
-0.0220822
-0.0196660
-0.0181109
-0.0153921
-0.0149260
-0.0175578
-0.0198883
-0.0209155
-0.0211389
-0.0193289
-0.0165981
-0.0142081
-0.0103170
-0.0051774
-0.0004311
0.0042319
0.0100109
0.0159357
0.0201624
0.0226982
0.0223556
0.0170181
0.0085538
-0.0005309
-0.0082465
-0.0146483
-0.0198498
-0.0219459
-0.0197556
-0.0163252
-0.0148193
-0.0130319
-0.0086703
-0.0046949
-0.0035708
-0.0043529
-0.0049742
-0.0047290
-0.0042397
-0.0040111
-0.0036428
-0.0015636
0.0035803
0.0109506
0.0169098
0.0185701
0.0168811
0.0142756
0.0125281
0.0129623
0.0146035
0.0167520
0.0195204
0.0221758
0.0247695
0.0264399
0.0269289
0.0272819
0.0267208
0.0233457
0.0182781
0.0150271
0.0152158
0.0178460
0.0205700
0.0216962
0.0228983
0.0241634
0.0244556
0.0250687
0.0241157
0.0196269
0.0150514
0.0131322
0.0110883
0.0072049
0.0043079
0.0038843
0.0045879
0.0060698
0.0079848
0.0105206
0.0124565
0.0138218
0.0172455
0.0209672
0.0215262
0.0198628
0.0181170
0.0153895
0.0112171
0.0068762
0.0035744
0.0016069
0.0017639
0.0034418
0.0057849
0.0071606
0.0073003
0.0087254
0.0097962
0.0077982
0.0056484
0.0061756
0.0059349
0.0018233
-0.0037663
-0.0074864
-0.0091101
-0.0096619
-0.0103218
-0.0109825
-0.0124436
-0.0134407
-0.0121759
-0.0114761
-0.0135599
-0.0146845
-0.0132830
-0.0127393
-0.0149540
-0.0167908
-0.0171907
-0.0161604
-0.0144971
-0.0133949
-0.0124967
-0.0134054
-0.0146444
-0.0131574
-0.0111252
-0.0110581
-0.0107160
-0.0086720
-0.0052174
-0.0027738
-0.0040328
-0.0072977
-0.0091282
-0.0100334
-0.0124058
-0.0147902
-0.0151504
-0.0138901
-0.0120425
-0.0113251
-0.0111140
-0.0094450
-0.0055548
0.0011370
0.0068408
0.0088784
0.0100345
0.0117189
0.0107030
0.0058148
0.0010274
-0.0012464
-0.0020331
-0.0041235
-0.0082101
-0.0105694
-0.0091464
-0.0071651
-0.0042333
-0.0001499
0.0028001
0.0048443
0.0061342
0.0067124
0.0060276
0.0041660
0.0027796
0.0026554
0.0029924
0.0033635
0.0043592
0.0045159
0.0033680
0.0034026
0.0043299
0.0050284
0.0046233
0.0028495
0.0012174
-0.0011177
-0.0059537
-0.0110702
-0.0134422
-0.0134579
-0.0130012
-0.0125980
-0.0113873
-0.0088496
-0.0055031
-0.0022201
0.0011993
0.0024243
0.0016009
0.0010730
0.0000764
-0.0019311
-0.0026358
-0.0020627
-0.0011174
-0.0008957
-0.0023613
-0.0036612
-0.0040071
-0.0048569
-0.0077573
-0.0096464
-0.0082829
-0.0042310
0.0005762
0.0043618
0.0073819
0.0107566
0.0138077
0.0160125
0.0153121
0.0101180
0.0039974
-0.0020790
-0.0085286
-0.0149234
-0.0191033
-0.0182782
-0.0145078
-0.0106632
-0.0086251
-0.0079160
-0.0056310
-0.0014708
0.0020807
0.0029580
0.0019474
0.0013202
0.0029229
0.0057435
0.0084727
0.0120593
0.0173115
0.0216519
0.0244808
0.0255141
0.0241564
0.0226931
0.0219133
0.0202033
0.0177702
0.0155700
0.0131586
0.0110958
0.0099734
0.0087759
0.0066155
0.0047227
0.0026428
0.0011515
0.0001675
-0.0012403
-0.0011638
0.0017110
0.0058479
0.0095118
0.0131760
0.0155429
0.0164762
0.0172498
0.0161927
0.0129272
0.0103350
0.0102628
0.0119642
0.0129955
0.0126701
0.0120932
0.0126514
0.0130448
0.0108372
0.0062159
0.0014844
-0.0029950
-0.0064883
-0.0090796
-0.0112909
-0.0112284
-0.0091737
-0.0072878
-0.0066185
-0.0061612
-0.0061694
-0.0060338
-0.0053722
-0.0060636
-0.0081209
-0.0094482
-0.0100851
-0.0106776
-0.0126126
-0.0160356
-0.0186125
-0.0188203
-0.0186132
-0.0210180
-0.0241364
-0.0259049
-0.0258813
-0.0236357
-0.0187648
-0.0138583
-0.0100711
-0.0066959
-0.0020971
0.0019612
0.0035773
0.0055229
0.0098431
0.0140811
0.0151020
0.0133332
0.0102607
0.0066974
0.0015787
-0.0053219
-0.0113694
-0.0135352
-0.0119891
-0.0085633
-0.0043832
-0.0007765
0.0020013
0.0041821
0.0043853
0.0023991
0.0000948
-0.0013558
-0.0014461
-0.0014361
-0.0031059
-0.0045112
-0.0050685
-0.0055698
-0.0065962
-0.0091797
-0.0127702
-0.0145129
-0.0124283
-0.0081341
-0.0045421
-0.0018939
-0.0000715
0.0028782
0.0087077
0.0143726
0.0164834
0.0149227
0.0117494
0.0093149
0.0068108
0.0041573
0.0019380
-0.0001100
-0.0027840
-0.0047359
-0.0061044
-0.0092104
-0.0130086
-0.0148927
-0.0146107
-0.0136821
-0.0124777
-0.0094267
-0.0036557
0.0020549
0.0047184
0.0062653
0.0090778
0.0111599
0.0102321
0.0065805
0.0004387
-0.0056435
-0.0087848
-0.0095637
-0.0086583
-0.0075197
-0.0075465
-0.0073031
-0.0065232
-0.0052484
-0.0028194
-0.0010434
-0.0010221
-0.0032062
-0.0057663
-0.0060075
-0.0040523
-0.0024312
-0.0020861
-0.0017085
-0.0009846
0.0005574
0.0025623
0.0035403
0.0038930
0.0044728
0.0059923
0.0087530
0.0114085
0.0134925
0.0151315
0.0161589
0.0169003
0.0162691
0.0142242
0.0124995
0.0121523
0.0124039
0.0126727
0.0121569
0.0112344
0.0107917
0.0095903
0.0073288
0.0051045
0.0020018
-0.0015006
-0.0039290
-0.0058868
-0.0072773
-0.0073165
-0.0056752
-0.0029462
-0.0009256
-0.0008625
-0.0016037
-0.0015848
-0.0016306
-0.0033654
-0.0058517
-0.0063877
-0.0039186
-0.0003681
0.0023417
0.0044806
0.0052740
0.0053254
0.0045767
0.0016188
-0.0032924
-0.0083325
-0.0118534
-0.0131416
-0.0140491
-0.0151361
-0.0154200
-0.0146943
-0.0134136
-0.0131273
-0.0131917
-0.0109426
-0.0072501
-0.0052345
-0.0045547
-0.0032446
-0.0026453
-0.0026237
-0.0024024
-0.0017943
-0.0011640
-0.0021730
-0.0039188
-0.0036444
-0.0038248
-0.0052130
-0.0052310
-0.0047852
-0.0044046
-0.0026282
-0.0004741
0.0012253
0.0037951
0.0055036
0.0055670
0.0063534
0.0074501
0.0070562
0.0051675
0.0020902
-0.0009321
-0.0016109
-0.0004732
0.0005010
0.0013623
0.0025169
0.0042569
0.0075188
0.0107376
0.0123088
0.0134895
0.0143395
0.0135177
0.0121633
0.0086624
0.0036981
0.0005877
-0.0006202
-0.0004772
-0.0000063
0.0006544
0.0009652
0.0012601
0.0017777
0.0020224
0.0019292
0.0015613
0.0006047
-0.0002364
-0.0000976
-0.0001636
-0.0018469
-0.0043959
-0.0073123
-0.0100335
-0.0112403
-0.0118753
-0.0118789
-0.0093047
-0.0058160
-0.0030238
-0.0002718
0.0022863
0.0047007
0.0069150
0.0073591
0.0063353
0.0052409
0.0038921
0.0025349
0.0017053
0.0014795
0.0027949
0.0065130
0.0089296
0.0095920
0.0097944
0.0082358
0.0053384
0.0021341
-0.0007035
-0.0046481
-0.0080707
-0.0080365
-0.0064152
-0.0047307
-0.0030021
-0.0012554
0.0018063
0.0051085
0.0054433
0.0037179
0.0041685
0.0048437
0.0027818
-0.0001445
-0.0026517
-0.0038690
-0.0031941
-0.0034775
-0.0042468
-0.0041211
-0.0041649
-0.0046091
-0.0054983
-0.0065924
-0.0070008
-0.0064585
-0.0060934
-0.0061055
-0.0052707
-0.0035604
-0.0009074
0.0035335
0.0072061
0.0095192
0.0120033
0.0139353
0.0144331
0.0143510
0.0139965
0.0112958
0.0076918
0.0040196
0.0008624
-0.0010150
-0.0015980
-0.0012284
-0.0002391
0.0003144
0.0009517
0.0032041
0.0055101
0.0069747
0.0083030
0.0098537
0.0104613
0.0107552
0.0101549
0.0069137
0.0034549
0.0006660
-0.0011650
-0.0019842
-0.0038440
-0.0078348
-0.0126669
-0.0160223
-0.0166864
-0.0151611
-0.0138972
-0.0135604
-0.0139135
-0.0144821
-0.0145513
-0.0135223
-0.0132176
-0.0133292
-0.0114264
-0.0099919
-0.0109225
-0.0124391
-0.0117716
-0.0092361
-0.0068338
-0.0051490
-0.0036196
-0.0027354
-0.0011072
0.0021224
0.0049797
0.0068609
0.0075263
0.0067364
0.0045272
0.0028833
0.0020812
0.0007002
-0.0004721
-0.0022999
-0.0044478
-0.0057415
-0.0064578
-0.0056802
-0.0034814
-0.0030147
-0.0039544
-0.0045917
-0.0032797
-0.0000827
0.0029457
0.0030951
0.0019849
0.0014172
-0.0002507
-0.0025745
-0.0045072
-0.0061807
-0.0073555
-0.0095973
-0.0127727
-0.0131755
-0.0107310
-0.0074500
-0.0042593
-0.0019848
0.0005191
0.0046956
0.0095125
0.0131725
0.0148985
0.0152709
0.0164544
0.0169564
0.0147282
0.0116953
0.0085931
0.0060640
0.0036291
0.0005187
-0.0016932
-0.0037881
-0.0056710
-0.0067044
-0.0084820
-0.0100781
-0.0091537
-0.0066038
-0.0026309
0.0031355
0.0086696
0.0143074
0.0197761
0.0238718
0.0259995
0.0259876
0.0228379
0.0186888
0.0151341
0.0117388
0.0084482
0.0043801
0.0015841
0.0023253
0.0049525
0.0078311
0.0099277
0.0122189
0.0160151
0.0197584
0.0214568
0.0227322
0.0245173
0.0238270
0.0194881
0.0123559
0.0035135
-0.0039475
-0.0080298
-0.0111616
-0.0145386
-0.0166538
-0.0173569
-0.0163685
-0.0144209
-0.0129168
-0.0113243
-0.0097762
-0.0096034
-0.0101377
-0.0107569
-0.0120189
-0.0124578
-0.0110446
-0.0098893
-0.0088878
-0.0075536
-0.0061417
-0.0037888
-0.0002899
0.0014165
0.0012194
0.0018719
0.0015638
0.0000629
-0.0012464
-0.0038738
-0.0067104
-0.0065415
-0.0059100
-0.0061208
-0.0048468
-0.0025420
-0.0004847
0.0013448
0.0020451
0.0013583
0.0007728
0.0002390
-0.0020770
-0.0062981
-0.0105841
-0.0123332
-0.0109783
-0.0104937
-0.0115179
-0.0114817
-0.0097035
-0.0067331
-0.0032119
-0.0009518
-0.0008800
-0.0004208
0.0010198
0.0020495
0.0023517
0.0010784
-0.0001202
0.0012916
0.0026753
0.0022837
0.0021605
0.0028418
0.0029348
0.0022217
0.0012620
0.0004800
0.0006118
0.0011401
0.0001298
-0.0013918
-0.0022650
-0.0026740
-0.0017477
-0.0000979
0.0022927
0.0058710
0.0096253
0.0126299
0.0140575
0.0126766
0.0094001
0.0057559
0.0029448
0.0000183
-0.0020251
-0.0013024
0.0005127
0.0022739
0.0040011
0.0049908
0.0049477
0.0045411
0.0043495
0.0042538
0.0035612
0.0020518
0.0011710
0.0026684
0.0061121
0.0101374
0.0136748
0.0160431
0.0176260
0.0170300
0.0132736
0.0084215
0.0051092
0.0026344
-0.0001995
-0.0030505
-0.0063771
-0.0084810
-0.0076355
-0.0061868
-0.0054607
-0.0055835
-0.0069037
-0.0077294
-0.0086880
-0.0104705
-0.0115349
-0.0117661
-0.0113633
-0.0107308
-0.0112674
-0.0126179
-0.0139147
-0.0148004
-0.0149465
-0.0151745
-0.0176697
-0.0209026
-0.0215140
-0.0204020
-0.0185128
-0.0148868
-0.0115531
-0.0092653
-0.0056003
-0.0029184
-0.0017411
0.0006979
0.0028864
0.0023803
0.0026875
0.0049714
0.0069781
0.0088915
0.0086033
0.0066023
0.0059764
0.0062947
0.0065515
0.0067371
0.0059993
0.0042611
0.0034468
0.0041338
0.0046236
0.0040797
0.0033401
0.0036819
0.0051377
0.0079174
0.0109056
0.0120238
0.0122313
0.0139861
0.0136943
0.0103888
0.0082050
0.0078217
0.0084384
0.0098849
0.0109151
0.0103431
0.0100167
0.0096677
0.0085098
0.0073907
0.0054417
0.0024471
0.0000481
-0.0017806
-0.0025302
-0.0021384
-0.0014227
0.0005635
0.0019204
0.0022227
0.0028385
0.0045342
0.0066949
0.0083471
0.0078513
0.0059473
0.0044930
0.0022598
-0.0002702
-0.0016471
-0.0021481
-0.0020278
-0.0010441
-0.0005961
0.0005058
0.0023996
0.0024918
0.0025275
0.0013545
-0.0014406
-0.0041715
-0.0057425
-0.0057489
-0.0050135
-0.0063558
-0.0089967
-0.0091867
-0.0082733
-0.0081298
-0.0074475
-0.0067553
-0.0068072
-0.0056707
-0.0045119
-0.0033823
-0.0024080
-0.0035026
-0.0055329
-0.0086064
-0.0129865
-0.0161067
-0.0164298
-0.0153660
-0.0147084
-0.0145879
-0.0149040
-0.0159764
-0.0156687
-0.0138933
-0.0125785
-0.0121454
-0.0120257
-0.0114362
-0.0112081
-0.0115906
-0.0117447
-0.0114158
-0.0109703
-0.0105209
-0.0089871
-0.0064331
-0.0051744
-0.0036775
-0.0024992
-0.0032456
-0.0034564
-0.0021548
-0.0001197
0.0018519
0.0028990
0.0023652
0.0024172
0.0028325
0.0020355
0.0008351
0.0020791
0.0039941
0.0055822
0.0068072
0.0073463
0.0081579
0.0100391
0.0121781
0.0124318
0.0125617
0.0143815
0.0152225
0.0156902
0.0168214
0.0154760
0.0124289
0.0101909
0.0084501
0.0064890
0.0052837
0.0042156
0.0031265
0.0018443
-0.0004252
-0.0024595
-0.0018929
0.0002231
0.0024484
0.0039982
0.0050855
0.0064011
0.0082568
0.0095272
0.0098236
0.0105175
0.0111452
0.0109361
0.0098399
0.0072243
0.0048027
0.0037320
0.0030001
0.0034653
0.0024331
-0.0018641
-0.0060234
-0.0076824
-0.0079805
-0.0094005
-0.0108522
-0.0098867
-0.0074862
-0.0054667
-0.0052563
-0.0059099
-0.0052077
-0.0024157
0.0015113
0.0030289
0.0015909
-0.0005161
-0.0010768
0.0004216
0.0019383
0.0025636
0.0025531
0.0023034
0.0010427
-0.0011582
-0.0023770
-0.0022748
-0.0025320
-0.0010494
0.0027434
0.0049542
0.0051656
0.0058732
0.0074906
0.0085364
0.0079961
0.0078656
0.0094364
0.0102401
0.0087204
0.0068882
0.0073704
0.0078314
0.0075042
0.0069887
0.0055586
0.0032789
0.0026325
0.0037048
0.0047940
0.0056372
0.0054774
0.0057950
0.0073014
0.0084689
0.0095936
0.0111860
0.0113265
0.0114602
0.0110646
0.0078910
0.0035925
0.0009079
0.0000611
-0.0008373
-0.0018911
-0.0028405
-0.0034256
-0.0038380
-0.0046631
-0.0039789
-0.0017463
-0.0006200
-0.0006460
-0.0021956
-0.0047931
-0.0060813
-0.0061561
-0.0057369
-0.0066452
-0.0090792
-0.0110593
-0.0121219
-0.0139324
-0.0163116
-0.0177927
-0.0188190
-0.0190856
-0.0191431
-0.0190932
-0.0171507
-0.0144762
-0.0133349
-0.0134639
-0.0135567
-0.0128039
-0.0112938
-0.0101326
-0.0074467
-0.0047219
-0.0054553
-0.0075948
-0.0086460
-0.0083183
-0.0084224
-0.0092346
-0.0092232
-0.0074649
-0.0057091
-0.0050150
-0.0030282
-0.0001655
0.0008437
-0.0000772
-0.0013584
-0.0007722
0.0013697
0.0018959
0.0025949
0.0035804
0.0038874
0.0050166
0.0073093
0.0096905
0.0106296
0.0111274
0.0117573
0.0121679
0.0107378
0.0069078
0.0039519
0.0025342
0.0007038
0.0004503
0.0011964
0.0009074
0.0013780
0.0023855
0.0034011
0.0043388
0.0044533
0.0039496
0.0033381
0.0019828
0.0002264
-0.0000916
0.0008086
0.0016559
0.0026876
0.0037009
0.0045049
0.0051932
0.0056710
0.0072981
0.0082262
0.0070351
0.0056449
0.0050329
0.0066137
0.0083483
0.0067912
0.0040114
0.0030724
0.0040682
0.0050786
0.0048581
0.0037842
0.0037349
0.0055310
0.0078903
0.0096662
0.0101092
0.0096619
0.0097489
0.0086289
0.0052522
0.0022878
0.0012573
0.0013074
0.0004153
-0.0016593
-0.0026754
-0.0015697
-0.0000447
0.0005241
0.0013667
0.0017835
0.0011385
0.0020124
0.0029525
0.0013407
-0.0006134
-0.0009004
-0.0003244
-0.0003833
-0.0004704
0.0001733
0.0014349
0.0031125
0.0036836
0.0033792
0.0029363
0.0017422
0.0002631
-0.0009629
-0.0018794
-0.0020113
-0.0023192
-0.0036910
-0.0047561
-0.0052876
-0.0058033
-0.0055344
-0.0037497
-0.0024731
-0.0034845
-0.0047354
-0.0043506
-0.0038084
-0.0047713
-0.0069086
-0.0087273
-0.0090543
-0.0078562
-0.0069786
-0.0067042
-0.0062482
-0.0056802
-0.0048180
-0.0039316
-0.0032231
-0.0023434
-0.0012100
-0.0008788
-0.0022457
-0.0036319
-0.0041131
-0.0037103
-0.0023484
-0.0014154
-0.0022594
-0.0031300
-0.0026182
-0.0023153
-0.0031204
-0.0037956
-0.0041742
-0.0049237
-0.0054471
-0.0053248
-0.0042606
-0.0036023
-0.0035400
-0.0026322
-0.0009351
0.0006232
0.0018830
0.0024911
0.0020491
0.0012692
0.0013772
0.0022622
0.0028018
0.0027783
0.0022908
0.0018175
0.0013530
0.0008240
0.0008502
0.0008473
0.0000284
-0.0008104
-0.0010752
-0.0010458
-0.0015009
-0.0023788
-0.0030387
-0.0026753
-0.0015981
-0.0008767
-0.0004583
0.0000192
0.0009283
0.0024221
0.0032408
0.0024817
0.0016650
0.0015150
0.0017213
0.0020194
0.0020498
0.0020312
0.0022350
0.0027056
0.0030779
0.0031422
0.0028315
0.0022455
0.0019480
0.0020488
0.0023756
0.0024488
0.0021634
0.0024042
0.0032219
0.0035526
0.0035562
0.0037684
0.0036888
0.0031352
0.0025870
0.0021845
0.0018645
0.0016470
0.0013619
0.0010587
0.0006709
0.0002975
0.0002945
0.0002585
-0.0000190
-0.0001366
-0.0000725
-0.0000678
-0.0002136
-0.0003894
-0.0003582
-0.0000409
0.0003026
0.0005640
0.0007828
0.0007456
0.0006217
0.0006229
0.0006482
0.0005182
0.0002528
-0.0000578
-0.0002306
-0.0003667
-0.0006366
-0.0008504
-0.0008142
-0.0007721
-0.0007783
-0.0007075
-0.0005328
-0.0002745
-0.0001176
-0.0000758
-0.0000270
-0.0000007
-0.0000529
-0.0000993
-0.0001323
-0.0001818
-0.0002548
-0.0003167
-0.0002752
-0.0003427
-0.0006244
-0.0008710
-0.0009410
-0.0009818
-0.0011110
-0.0012238
-0.0012619
-0.0012111
-0.0010828
-0.0009378
-0.0007968
-0.0006596
-0.0005588
-0.0005066
-0.0004982
-0.0005292
-0.0005701
-0.0006124
-0.0006140
-0.0005757
-0.0005357
-0.0005068
-0.0004758
-0.0004299
-0.0003938
-0.0003871
-0.0003877
-0.0003531
-0.0003143
-0.0003065
-0.0003026
-0.0002872
-0.0002713
-0.0002465
-0.0002151
-0.0001944
-0.0001667
-0.0001251
-0.0000831
-0.0000683
-0.0000837
-0.0000910
-0.0000681
-0.0000419
-0.0000383
-0.0000377
-0.0000288
-0.0000203
-0.0000179
-0.0000154
-0.0000051
0.0000077
0.0000129
0.0000108
0.0000048
-0.0000045
-0.0000118
-0.0000129
-0.0000101
-0.0000060
-0.0000011
0.0000045
0.0000110
0.0000168
0.0000204
0.0000232
0.0000268
0.0000304
0.0000329
0.0000346
0.0000362
0.0000389
0.0000422
0.0000447
0.0000466
0.0000488
0.0000509
0.0000528
0.0000547
0.0000565
0.0000581
0.0000596
0.0000611
0.0000623
0.0000635
0.0000645
0.0000655
0.0000665
0.0000674
0.0000682
0.0000690
0.0000697
0.0000703
0.0000709
0.0000714
0.0000718
