-0.0000011
-0.0000010
-0.0000009
-0.0000009
-0.0000004
-0.0000013
-0.0000029
-0.0000028
-0.0000038
-0.0000040
0.0000027
0.0000058
-0.0000031
-0.0000047
0.0000037
-0.0000023
-0.0000122
-0.0000136
-0.0000217
-0.0000251
-0.0000134
-0.0000130
-0.0000102
0.0000023
0.0000054
-0.0000226
-0.0000469
-0.0000554
-0.0000490
-0.0000518
-0.0000537
-0.0000675
-0.0000862
-0.0000827
0.0000248
0.0001717
0.0001474
0.0000141
-0.0000003
0.0001232
0.0001514
0.0000059
-0.0000956
-0.0000894
-0.0001062
-0.0001191
-0.0001004
-0.0000878
-0.0001590
-0.0002793
-0.0002193
0.0001386
0.0002156
0.0000658
0.0000476
-0.0000571
-0.0002021
-0.0002257
-0.0002407
-0.0000442
0.0001560
-0.0000194
-0.0001848
-0.0000126
0.0002024
0.0001492
-0.0000332
-0.0000430
0.0001437
0.0001024
-0.0001459
-0.0003716
-0.0003229
-0.0002515
-0.0001986
0.0003805
0.0007441
0.0002670
-0.0003321
-0.0001093
0.0002172
0.0001832
0.0000065
-0.0000918
-0.0001607
-0.0003814
-0.0004683
-0.0005916
-0.0009266
-0.0010060
-0.0007202
-0.0004354
-0.0002132
-0.0003489
-0.0003625
-0.0002817
-0.0000246
0.0000891
-0.0002228
-0.0003006
-0.0003110
-0.0003411
-0.0005755
-0.0006984
-0.0000086
0.0004964
0.0001785
0.0000361
0.0004914
0.0008762
0.0004089
-0.0002024
-0.0001585
0.0004244
0.0009412
0.0005394
-0.0004969
-0.0008762
-0.0008511
-0.0010327
-0.0012536
-0.0011528
-0.0004764
0.0000996
0.0002044
0.0007970
0.0012133
0.0008999
0.0009863
0.0011267
0.0005774
-0.0000527
-0.0003371
-0.0006533
-0.0007399
-0.0007786
-0.0004275
0.0001657
-0.0001291
-0.0004290
0.0001209
0.0005309
0.0002934
-0.0000239
-0.0002005
-0.0007416
-0.0009151
-0.0002797
-0.0000032
0.0002028
-0.0002876
-0.0013515
-0.0018730
-0.0014360
-0.0001090
0.0008104
0.0010159
0.0007210
-0.0001464
-0.0004289
-0.0005945
-0.0007629
-0.0005457
-0.0004939
0.0000649
0.0009182
0.0009273
0.0003160
0.0001149
0.0002804
-0.0007463
-0.0016042
-0.0004250
0.0003182
0.0002256
0.0006938
0.0006747
0.0002214
0.0006068
0.0013373
0.0002685
-0.0012199
-0.0005473
-0.0000258
-0.0010783
-0.0017362
-0.0004651
0.0009799
0.0015026
0.0015122
0.0008640
0.0008852
0.0011044
0.0001806
-0.0004521
-0.0006677
-0.0004169
-0.0000737
-0.0004872
-0.0006078
0.0002193
0.0014031
0.0011906
-0.0004528
-0.0009862
-0.0002011
0.0000757
-0.0007297
-0.0016005
-0.0009663
0.0000844
0.0013397
0.0014296
-0.0003834
-0.0017881
-0.0010258
0.0004702
0.0006823
-0.0003323
0.0001470
0.0024007
0.0028148
0.0011464
-0.0009182
-0.0018641
-0.0014730
-0.0007834
-0.0002252
-0.0010901
-0.0015423
-0.0000734
0.0014052
0.0020043
0.0018610
0.0013717
0.0008431
0.0010910
0.0019194
0.0005836
-0.0023689
-0.0034240
-0.0025303
-0.0018918
-0.0026031
-0.0021275
0.0003119
0.0021784
0.0019638
0.0007313
0.0007416
0.0014486
0.0018652
0.0013144
-0.0003083
-0.0021448
-0.0022361
-0.0012944
-0.0007028
0.0004488
0.0018345
0.0013401
0.0001806
0.0008942
0.0014105
0.0005367
-0.0007981
-0.0009125
0.0000977
0.0000298
-0.0002154
-0.0003203
-0.0000254
0.0000015
-0.0016587
-0.0033546
-0.0049050
-0.0045321
-0.0011848
0.0032499
0.0073770
0.0087368
0.0066161
0.0017731
-0.0017587
-0.0006914
0.0024734
0.0030724
0.0006477
-0.0015218
-0.0007611
0.0019021
0.0028445
0.0008399
-0.0026017
-0.0039921
-0.0024097
-0.0001312
0.0007489
0.0021789
0.0065631
0.0090911
0.0044952
-0.0046639
-0.0110207
-0.0080506
0.0007957
0.0059809
0.0025342
-0.0043869
-0.0068179
-0.0049164
-0.0021409
-0.0029891
-0.0080124
-0.0077639
0.0021202
0.0113849
0.0102185
0.0019119
-0.0017951
0.0031195
0.0079813
0.0038283
-0.0073887
-0.0146214
-0.0109343
0.0004259
0.0089053
0.0060235
-0.0031702
-0.0078522
-0.0062422
-0.0042370
-0.0058038
-0.0060461
-0.0014740
0.0039984
0.0053237
0.0011647
-0.0051736
-0.0084749
-0.0037870
0.0046976
0.0047296
-0.0035089
-0.0097562
-0.0076353
0.0009640
0.0078876
0.0065081
-0.0021714
-0.0095751
-0.0093113
-0.0011609
0.0077427
0.0087400
0.0027441
-0.0032347
-0.0043068
-0.0030175
-0.0021395
-0.0026639
-0.0028032
-0.0002344
0.0069614
0.0144000
0.0142356
0.0057716
-0.0054570
-0.0137401
-0.0192964
-0.0211366
-0.0172419
-0.0064616
0.0074350
0.0147081
0.0100405
-0.0010482
-0.0071144
-0.0004739
0.0138700
0.0210671
0.0140408
-0.0007161
-0.0115289
-0.0127596
-0.0071747
-0.0009783
0.0009344
0.0014634
0.0048240
0.0082208
0.0063548
-0.0020037
-0.0110938
-0.0161889
-0.0160596
-0.0119639
-0.0061401
0.0004429
0.0081048
0.0191169
0.0334363
0.0415981
0.0341485
0.0141823
-0.0058566
-0.0129622
-0.0072274
-0.0005070
-0.0038532
-0.0142751
-0.0164200
-0.0042454
0.0110710
0.0149459
0.0045448
-0.0038857
0.0064289
0.0308232
0.0464140
0.0351600
0.0035564
-0.0233081
-0.0246005
-0.0064995
0.0080344
0.0028330
-0.0193790
-0.0371700
-0.0288870
-0.0009736
0.0210716
0.0191279
-0.0002696
-0.0136471
-0.0056744
0.0189779
0.0416504
0.0486807
0.0418768
0.0331568
0.0324915
0.0390770
0.0439082
0.0395534
0.0287549
0.0198029
0.0167682
0.0131035
-0.0028524
-0.0340084
-0.0712425
-0.1024401
-0.1183871
-0.1111698
-0.0761476
-0.0194848
0.0434605
0.0974547
0.1336978
0.1522857
0.1564068
0.1452312
0.1157766
0.0741672
0.0371475
0.0144053
-0.0057420
-0.0411514
-0.0917552
-0.1382218
-0.1617490
-0.1620914
-0.1563880
-0.1604571
-0.1680347
-0.1564978
-0.1128757
-0.0526135
-0.0039476
0.0156050
0.0091166
-0.0052094
-0.0031276
0.0331474
0.0990641
0.1623342
0.1902126
0.1774344
0.1469666
0.1349205
0.1618328
0.2076104
0.2286611
0.1979115
0.1315635
0.0774016
0.0700185
0.0940616
0.0988483
0.0508886
-0.0327459
-0.1041742
-0.1252386
-0.0990844
-0.0609368
-0.0433829
-0.0482376
-0.0472035
-0.0171406
0.0321851
0.0713027
0.0796799
0.0633591
0.0466744
0.0473021
0.0597577
0.0606052
0.0283078
-0.0425220
-0.1341246
-0.2126924
-0.2461312
-0.2222338
-0.1634945
-0.1153736
-0.1074574
-0.1315541
-0.1551569
-0.1584471
-0.1493263
-0.1468192
-0.1528839
-0.1400228
-0.0805326
0.0187724
0.1216384
0.1917110
0.2142270
0.2027349
0.1806539
0.1618660
0.1493003
0.1394110
0.1265662
0.1105525
0.1035202
0.1139553
0.1266696
0.1150474
0.0678465
-0.0038631
-0.0754416
-0.1251211
-0.1511759
-0.1632503
-0.1631000
-0.1432954
-0.1000220
-0.0479646
-0.0201452
-0.0430890
-0.1095559
-0.1849167
-0.2374699
-0.2577591
-0.2548142
-0.2393512
-0.2096045
-0.1602404
-0.0944598
-0.0214942
0.0446573
0.0915468
0.1207037
0.1431946
0.1687312
0.1946415
0.2037262
0.1779127
0.1130010
0.0153891
-0.0934068
-0.1745112
-0.2008131
-0.1819963
-0.1490084
-0.1259455
-0.1200088
-0.1242506
-0.1291843
-0.1337859
-0.1404082
-0.1448425
-0.1406306
-0.1276945
-0.1125094
-0.1081939
-0.1221612
-0.1464045
-0.1651404
-0.1712874
-0.1709103
-0.1703149
-0.1659308
-0.1438318
-0.0913403
-0.0104964
0.0815574
0.1635176
0.2193597
0.2464115
0.2509922
0.2369858
0.2032089
0.1523536
0.0983473
0.0638634
0.0658362
0.1042260
0.1585483
0.2024720
0.2237019
0.2308778
0.2385753
0.2503145
0.2597489
0.2614641
0.2526322
0.2302810
0.1943800
0.1480070
0.0929722
0.0351622
-0.0151618
-0.0507793
-0.0705907
-0.0769429
-0.0703864
-0.0512404
-0.0241512
0.0033927
0.0232288
0.0295131
0.0214655
0.0075064
-0.0026568
-0.0035653
0.0100889
0.0376498
0.0624513
0.0610239
0.0230657
-0.0397014
-0.1054304
-0.1519865
-0.1696242
-0.1715620
-0.1792205
-0.1979072
-0.2052261
-0.1722960
-0.0935581
0.0072351
0.0925754
0.1439185
0.1713481
0.1929754
0.2125364
0.2178482
0.1981919
0.1545240
0.0990995
0.0462023
-0.0028505
-0.0562700
-0.1215144
-0.1936994
-0.2514488
-0.2743058
-0.2634929
-0.2394105
-0.2259547
-0.2287594
-0.2230777
-0.1725359
-0.0655043
0.0706689
0.1916272
0.2672166
0.2941500
0.2870117
0.2642125
0.2405925
0.2187903
0.1866218
0.1316307
0.0616415
-0.0013587
-0.0421570
-0.0558922
-0.0458169
-0.0259187
-0.0082625
0.0100102
0.0468382
0.1127536
0.1941256
0.2696890
0.3269876
0.3635187
0.3804873
0.3768632
0.3536117
0.3140375
0.2639596
0.2046033
0.1219752
0.0053642
-0.1322109
-0.2683351
-0.4076316
-0.5544942
-0.6762181
-0.7359934
-0.7353013
-0.7028899
-0.6629313
-0.6241591
-0.5857943
-0.5325576
-0.4409273
-0.3100652
-0.1716848
-0.0546986
0.0420955
0.1293461
0.2112214
0.2862661
0.3479285
0.3851402
0.3866271
0.3600853
0.3309310
0.3115088
0.3006900
0.2952063
0.2854323
0.2595076
0.2151143
0.1644367
0.1189703
0.0846767
0.0667467
0.0687504
0.0874330
0.1154996
0.1461213
0.1754389
0.2014894
0.2186415
0.2189146
0.1955287
0.1469103
0.0750549
-0.0130540
-0.1075564
-0.2010949
-0.2886893
-0.3637860
-0.4208302
-0.4588525
-0.4813035
-0.4975843
-0.5106905
-0.5134706
-0.4991478
-0.4720699
-0.4432653
-0.4113510
-0.3587241
-0.2761944
-0.1787219
-0.0865383
-0.0101809
0.0404193
0.0659390
0.0843394
0.1162122
0.1654496
0.2252726
0.2842748
0.3331419
0.3709228
0.4004153
0.4206973
0.4274845
0.4196468
0.4042272
0.3939951
0.3963621
0.4039974
0.3955846
0.3446946
0.2454665
0.1221578
-0.0012629
-0.1199354
-0.2371202
-0.3504790
-0.4463547
-0.5082412
-0.5317036
-0.5275955
-0.5138391
-0.5016607
-0.4897929
-0.4651383
-0.4116328
-0.3216613
-0.2132531
-0.1303098
-0.0961624
-0.0882661
-0.0816817
-0.0700673
-0.0477304
-0.0108268
0.0359851
0.0881040
0.1460303
0.2084311
0.2686385
0.3184318
0.3532881
0.3772620
0.3988099
0.4234847
0.4531144
0.4828641
0.5032458
0.5124375
0.5115213
0.5008182
0.4781592
0.4286434
0.3404637
0.2337418
0.1409920
0.0673059
-0.0007423
-0.0667870
-0.1311304
-0.1909481
-0.2333270
-0.2569846
-0.2726397
-0.2938581
-0.3212582
-0.3474950
-0.3687640
-0.3752000
-0.3647007
-0.3426572
-0.3179838
-0.2985688
-0.2858094
-0.2735992
-0.2618051
-0.2524675
-0.2443495
-0.2413656
-0.2543995
-0.2876619
-0.3300813
-0.3664115
-0.3903740
-0.3945731
-0.3644073
-0.2956817
-0.2024662
-0.1004649
0.0050507
0.1145862
0.2283216
0.3423162
0.4465397
0.5323756
0.5977026
0.6465450
0.6838188
0.7116683
0.7267960
0.7238121
0.7034303
0.6698298
0.6262760
0.5800533
0.5336038
0.4737230
0.3800278
0.2511237
0.1080058
-0.0220081
-0.1184172
-0.1822824
-0.2275904
-0.2704274
-0.3221151
-0.3757621
-0.4105823
-0.4134723
-0.3852471
-0.3338412
-0.2636229
-0.1735676
-0.0727423
0.0068042
0.0333581
0.0133892
-0.0145968
-0.0271052
-0.0307719
-0.0383169
-0.0540288
-0.0811756
-0.1217170
-0.1685361
-0.2055223
-0.2176864
-0.1976384
-0.1476299
-0.0778924
-0.0016573
0.0737314
0.1435782
0.1984231
0.2348934
0.2622791
0.2905375
0.3171067
0.3372919
0.3509760
0.3599957
0.3612211
0.3465298
0.3095681
0.2483319
0.1649598
0.0686664
-0.0222725
-0.0911704
-0.1369409
-0.1643601
-0.1767293
-0.1780009
-0.1750097
-0.1731240
-0.1681677
-0.1462745
-0.1030948
-0.0534875
-0.0150134
0.0051244
0.0102078
0.0104962
0.0069795
-0.0128848
-0.0480919
-0.0820688
-0.1023291
-0.1081939
-0.1065323
-0.1052509
-0.1091683
-0.1177077
-0.1268339
-0.1340568
-0.1368470
-0.1275006
-0.0980006
-0.0520486
-0.0061303
0.0231772
0.0368122
0.0449655
0.0513020
0.0594950
0.0746389
0.0954581
0.1181559
0.1378060
0.1513464
0.1630813
0.1792465
0.1974751
0.2090135
0.2077520
0.1938540
0.1776815
0.1705288
0.1736847
0.1817637
0.1853892
0.1749461
0.1440195
0.0937218
0.0308864
-0.0341481
-0.0937470
-0.1399342
-0.1665738
-0.1787465
-0.1940375
-0.2249287
-0.2705575
-0.3229994
-0.3739458
-0.4162727
-0.4417900
-0.4417640
-0.4148711
-0.3724979
-0.3251539
-0.2742133
-0.2205460
-0.1671417
-0.1234443
-0.0953845
-0.0861616
-0.0982207
-0.1241171
-0.1465880
-0.1519403
-0.1401961
-0.1242972
-0.1205318
-0.1365469
-0.1653253
-0.1917645
-0.2056741
-0.2059515
-0.1969752
-0.1822434
-0.1649742
-0.1474073
-0.1303861
-0.1085850
-0.0778966
-0.0383090
0.0061162
0.0470017
0.0776805
0.0987773
0.1138984
0.1229189
0.1253928
0.1224609
0.1170168
0.1109474
0.1013342
0.0853423
0.0669364
0.0502844
0.0365511
0.0339740
0.0506643
0.0831949
0.1204184
0.1542942
0.1844123
0.2154726
0.2497538
0.2822475
0.3010686
0.3010152
0.2877559
0.2670476
0.2443827
0.2229606
0.2009720
0.1754851
0.1496153
0.1298413
0.1194353
0.1155789
0.1133169
0.1098145
0.1036668
0.0889450
0.0588716
0.0154339
-0.0340370
-0.0815549
-0.1216804
-0.1586798
-0.1982685
-0.2344195
-0.2592446
-0.2738781
-0.2857459
-0.3008056
-0.3170113
-0.3273301
-0.3246554
-0.3002855
-0.2460922
-0.1692398
-0.0917374
-0.0322866
0.0062648
0.0309479
0.0470207
0.0608417
0.0843763
0.1231724
0.1718091
0.2220401
0.2642977
0.2929188
0.3081549
0.3085162
0.2873585
0.2426141
0.1812637
0.1228104
0.0859172
0.0722121
0.0722452
0.0810440
0.0979277
0.1184286
0.1361535
0.1443483
0.1347438
0.1076710
0.0773149
0.0524243
0.0285730
-0.0017680
-0.0391372
-0.0806365
-0.1221156
-0.1556164
-0.1743277
-0.1797407
-0.1802666
-0.1832029
-0.1940953
-0.2124280
-0.2309572
-0.2429854
-0.2412095
-0.2148715
-0.1602751
-0.0901306
-0.0223796
0.0356385
0.0812414
0.1098878
0.1202951
0.1142011
0.0946760
0.0675341
0.0431542
0.0314660
0.0339727
0.0442723
0.0569395
0.0711706
0.0896045
0.1129346
0.1369861
0.1588286
0.1761686
0.1871709
0.1958683
0.2097071
0.2273707
0.2396518
0.2396012
0.2221456
0.1826321
0.1287424
0.0803192
0.0501243
0.0354178
0.0269849
0.0229767
0.0260638
0.0384686
0.0590531
0.0805548
0.0951402
0.0986604
0.0920774
0.0756523
0.0517428
0.0317516
0.0221873
0.0160732
0.0031100
-0.0225143
-0.0600655
-0.1022723
-0.1384936
-0.1648398
-0.1829543
-0.1918411
-0.1865741
-0.1643543
-0.1332380
-0.1085707
-0.0958866
-0.0898520
-0.0853473
-0.0802001
-0.0730750
-0.0646393
-0.0565650
-0.0453513
-0.0281714
-0.0080192
0.0088667
0.0191947
0.0245637
0.0287736
0.0302385
0.0246784
0.0098899
-0.0117604
-0.0334400
-0.0491332
-0.0574528
-0.0602292
-0.0605049
-0.0606316
-0.0639475
-0.0737693
-0.0900187
-0.1093140
-0.1254270
-0.1348272
-0.1343090
-0.1252003
-0.1143310
-0.1072030
-0.1053958
-0.1076596
-0.1113677
-0.1096729
-0.0972631
-0.0792580
-0.0632563
-0.0545014
-0.0586872
-0.0729654
-0.0864990
-0.0913119
-0.0875749
-0.0770233
-0.0603860
-0.0381896
-0.0120725
0.0167983
0.0493054
0.0857214
0.1225909
0.1579717
0.1891736
0.2147617
0.2326522
0.2355061
0.2190895
0.1850597
0.1385950
0.0845461
0.0294497
-0.0195886
-0.0577301
-0.0818406
-0.0904729
-0.0873513
-0.0818100
-0.0777159
-0.0670441
-0.0468793
-0.0283522
-0.0184424
-0.0152848
-0.0193144
-0.0327431
-0.0541915
-0.0769217
-0.0954022
-0.1117267
-0.1253289
-0.1260511
-0.1088147
-0.0826861
-0.0643697
-0.0667652
-0.0851476
-0.1035906
-0.1124407
-0.1114020
-0.1057585
-0.0989024
-0.0903625
-0.0811343
-0.0745049
-0.0701756
-0.0646062
-0.0532711
-0.0332831
-0.0080206
0.0152108
0.0339524
0.0511345
0.0711368
0.0943634
0.1154802
0.1296075
0.1342574
0.1270899
0.1100869
0.0877891
0.0655175
0.0503005
0.0438757
0.0412675
0.0378678
0.0314980
0.0249664
0.0247657
0.0304545
0.0368332
0.0421404
0.0460832
0.0474128
0.0486662
0.0519914
0.0578793
0.0707845
0.0932941
0.1179429
0.1352886
0.1437891
0.1481183
0.1546092
0.1654323
0.1766917
0.1813880
0.1769171
0.1616579
0.1345831
0.0990436
0.0607409
0.0263283
0.0010638
-0.0144854
-0.0220815
-0.0240501
-0.0269169
-0.0370501
-0.0528955
-0.0701897
-0.0885596
-0.1091656
-0.1329881
-0.1592997
-0.1825497
-0.1980242
-0.2058995
-0.2083531
-0.2060512
-0.2003608
-0.1897979
-0.1700187
-0.1399666
-0.1038110
-0.0702400
-0.0467096
-0.0322645
-0.0227261
-0.0176932
-0.0161467
-0.0140648
-0.0132148
-0.0200374
-0.0352372
-0.0537092
-0.0680803
-0.0734183
-0.0701052
-0.0610119
-0.0483516
-0.0348902
-0.0193798
-0.0001073
0.0201543
0.0393841
0.0582969
0.0760397
0.0925981
0.1093970
0.1232289
0.1310404
0.1327795
0.1295302
0.1208563
0.1076386
0.0927025
0.0802599
0.0699905
0.0568165
0.0431088
0.0372697
0.0421460
0.0538726
0.0694937
0.0850286
0.0982444
0.1106067
0.1202168
0.1236089
0.1201288
0.1072352
0.0857976
0.0608432
0.0377207
0.0207788
0.0122943
0.0106824
0.0145676
0.0229865
0.0303712
0.0309781
0.0243507
0.0133416
-0.0005494
-0.0154992
-0.0278668
-0.0320927
-0.0272328
-0.0162362
-0.0032117
0.0074729
0.0138789
0.0162545
0.0174118
0.0162625
0.0077726
-0.0062989
-0.0189978
-0.0275712
-0.0340469
-0.0427347
-0.0559939
-0.0710337
-0.0828907
-0.0882292
-0.0883654
-0.0860518
-0.0830410
-0.0786331
-0.0735751
-0.0713956
-0.0709583
-0.0701167
-0.0712306
-0.0743463
-0.0761746
-0.0737856
-0.0675483
-0.0612952
-0.0545619
-0.0438507
-0.0279990
-0.0097729
0.0108463
0.0326102
0.0491807
0.0560768
0.0543610
0.0447464
0.0282068
0.0083053
-0.0092003
-0.0209469
-0.0281115
-0.0328217
-0.0376466
-0.0446028
-0.0516983
-0.0552763
-0.0544729
-0.0519839
-0.0510345
-0.0546304
-0.0634189
-0.0730083
-0.0766951
-0.0690948
-0.0491212
-0.0211815
0.0062814
0.0281927
0.0470953
0.0662491
0.0828783
0.0906488
0.0842601
0.0629556
0.0335145
0.0070909
-0.0103708
-0.0213376
-0.0288434
-0.0352236
-0.0445423
-0.0572645
-0.0661515
-0.0626292
-0.0510675
-0.0411248
-0.0372944
-0.0387558
-0.0398048
-0.0351011
-0.0257405
-0.0197076
-0.0229483
-0.0348333
-0.0499492
-0.0603481
-0.0621970
-0.0593664
-0.0555733
-0.0539385
-0.0543086
-0.0528515
-0.0479194
-0.0421402
-0.0391975
-0.0428224
-0.0497516
-0.0525854
-0.0523930
-0.0554798
-0.0609313
-0.0655407
-0.0716087
-0.0812313
-0.0921953
-0.1024067
-0.1077396
-0.1009223
-0.0747897
-0.0287322
0.0280191
0.0833849
0.1289176
0.1621579
0.1833430
0.1962324
0.2033418
0.2021035
0.1915319
0.1744245
0.1547653
0.1362631
0.1182107
0.0963916
0.0694552
0.0406983
0.0147456
-0.0090177
-0.0293043
-0.0396355
-0.0356034
-0.0193225
0.0019215
0.0211473
0.0381808
0.0545125
0.0666831
0.0710573
0.0658988
0.0536940
0.0411043
0.0324700
0.0270521
0.0252423
0.0286795
0.0369653
0.0479695
0.0570486
0.0642071
0.0773101
0.1021757
0.1348444
0.1665406
0.1887878
0.1974867
0.1894626
0.1648731
0.1322237
0.1031026
0.0815587
0.0643840
0.0493707
0.0362016
0.0269927
0.0248378
0.0313850
0.0455788
0.0607602
0.0682333
0.0636865
0.0465102
0.0231576
0.0062033
0.0025081
0.0092486
0.0208917
0.0315134
0.0363004
0.0388734
0.0441498
0.0532876
0.0647315
0.0738623
0.0754968
0.0640722
0.0374774
0.0023961
-0.0328024
-0.0627311
-0.0870332
-0.1069536
-0.1206319
-0.1243579
-0.1142293
-0.0920153
-0.0655019
-0.0418333
-0.0267435
-0.0206638
-0.0187911
-0.0172745
-0.0133878
-0.0087287
-0.0074706
-0.0138597
-0.0272702
-0.0399587
-0.0472132
-0.0494879
-0.0497881
-0.0522337
-0.0576902
-0.0662506
-0.0772205
-0.0873263
-0.0914861
-0.0859289
-0.0683972
-0.0422138
-0.0167931
0.0006603
0.0090663
0.0111906
0.0094096
0.0057144
-0.0009071
-0.0126603
-0.0300009
-0.0522931
-0.0769692
-0.0989733
-0.1138806
-0.1171989
-0.1069267
-0.0881412
-0.0690603
-0.0570200
-0.0539051
-0.0559177
-0.0610793
-0.0724826
-0.0900179
-0.1070593
-0.1158224
-0.1145176
-0.1059958
-0.0917954
-0.0726124
-0.0492207
-0.0222005
0.0046931
0.0279456
0.0460884
0.0585169
0.0638274
0.0629324
0.0600223
0.0601876
0.0652975
0.0721276
0.0751440
0.0731806
0.0694110
0.0683757
0.0712447
0.0749157
0.0755749
0.0682131
0.0506288
0.0258093
0.0012053
-0.0155767
-0.0223757
-0.0219799
-0.0191754
-0.0167756
-0.0167999
-0.0175841
-0.0146205
-0.0082135
-0.0030098
0.0000806
0.0023467
0.0027826
-0.0019770
-0.0126919
-0.0257002
-0.0362429
-0.0423577
-0.0461575
-0.0490463
-0.0520542
-0.0519973
-0.0474515
-0.0422673
-0.0406216
-0.0429363
-0.0487471
-0.0563377
-0.0619353
-0.0630295
-0.0576961
-0.0450919
-0.0263822
-0.0061603
0.0107278
0.0227246
0.0316618
0.0390394
0.0447311
0.0499016
0.0557296
0.0610576
0.0680875
0.0772555
0.0863502
0.0937903
0.0980538
0.1000636
0.1023384
0.1039049
0.1056939
0.1086087
0.1107211
0.1090870
0.1029509
0.0934338
0.0817432
0.0688982
0.0555188
0.0433272
0.0352655
0.0314077
0.0321669
0.0372728
0.0405213
0.0362285
0.0244120
0.0103628
-0.0025722
-0.0156090
-0.0269108
-0.0327593
-0.0308122
-0.0234275
-0.0135550
-0.0018690
0.0105184
0.0230191
0.0358295
0.0476201
0.0552850
0.0581232
0.0577376
0.0525500
0.0419303
0.0306340
0.0225904
0.0172709
0.0110747
-0.0002530
-0.0155820
-0.0313264
-0.0440183
-0.0528494
-0.0594214
-0.0637157
-0.0642493
-0.0593063
-0.0469707
-0.0294511
-0.0105946
0.0065929
0.0171501
0.0179956
0.0095060
-0.0085348
-0.0334041
-0.0583302
-0.0804064
-0.0965256
-0.1037010
-0.1059707
-0.1064088
-0.1058542
-0.1057412
-0.1011017
-0.0869998
-0.0652211
-0.0415698
-0.0233529
-0.0111116
-0.0008630
0.0098818
0.0187067
0.0235863
0.0249092
0.0227995
0.0183177
0.0132381
0.0111505
0.0133208
0.0149052
0.0130951
0.0089949
0.0036268
-0.0010415
-0.0017737
0.0039434
0.0134520
0.0236258
0.0349670
0.0471631
0.0588018
0.0693708
0.0754828
0.0717945
0.0559458
0.0313315
0.0021364
-0.0253271
-0.0463394
-0.0612166
-0.0686059
-0.0676335
-0.0607599
-0.0511933
-0.0414401
-0.0348692
-0.0325249
-0.0333279
-0.0357604
-0.0363783
-0.0313520
-0.0222371
-0.0146410
-0.0113768
-0.0117148
-0.0129256
-0.0134378
-0.0127709
-0.0097455
-0.0051886
-0.0015495
0.0028261
0.0107544
0.0185937
0.0227810
0.0242783
0.0234813
0.0193149
0.0142417
0.0122903
0.0154184
0.0212068
0.0250102
0.0239552
0.0195503
0.0143422
0.0085017
0.0010082
-0.0103537
-0.0236811
-0.0321936
-0.0331986
-0.0304151
-0.0267828
-0.0223276
-0.0156333
-0.0059179
0.0045373
0.0119825
0.0150897
0.0172373
0.0214529
0.0272021
0.0310900
0.0289088
0.0212025
0.0101601
-0.0044235
-0.0212422
-0.0390494
-0.0554367
-0.0659692
-0.0687638
-0.0670512
-0.0639014
-0.0560526
-0.0417033
-0.0220782
-0.0002600
0.0194170
0.0363224
0.0497527
0.0581529
0.0610731
0.0579597
0.0481572
0.0338328
0.0185328
0.0048343
-0.0065944
-0.0143669
-0.0178773
-0.0170556
-0.0149838
-0.0157998
-0.0178187
-0.0159136
-0.0080722
0.0046627
0.0185776
0.0285000
0.0290636
0.0205577
0.0085597
-0.0014589
-0.0076889
-0.0128629
-0.0201069
-0.0284158
-0.0356522
-0.0397405
-0.0408548
-0.0410689
-0.0410172
-0.0402009
-0.0376836
-0.0318740
-0.0212026
-0.0070281
0.0067923
0.0178814
0.0247255
0.0281776
0.0307846
0.0343316
0.0407359
0.0483613
0.0515855
0.0477269
0.0383955
0.0258646
0.0150599
0.0105407
0.0094585
0.0085926
0.0084754
0.0084120
0.0069479
0.0039079
-0.0026238
-0.0103442
-0.0144156
-0.0145636
-0.0125059
-0.0097991
-0.0070979
-0.0031131
0.0024127
0.0064200
0.0074256
0.0051028
0.0007510
-0.0040987
-0.0089071
-0.0128866
-0.0145016
-0.0140756
-0.0119035
-0.0050128
0.0051546
0.0139700
0.0193273
0.0223424
0.0227957
0.0186136
0.0084222
-0.0054794
-0.0175485
-0.0241873
-0.0256317
-0.0254699
-0.0264600
-0.0287965
-0.0327587
-0.0378431
-0.0420205
-0.0445048
-0.0456447
-0.0464797
-0.0457194
-0.0394011
-0.0279553
-0.0160573
-0.0054339
0.0049745
0.0126850
0.0158071
0.0154716
0.0132897
0.0105786
0.0065563
0.0016369
-0.0010527
0.0013897
0.0104325
0.0223342
0.0334399
0.0428954
0.0496953
0.0541353
0.0571798
0.0548746
0.0458871
0.0323059
0.0168698
0.0037651
-0.0038728
-0.0078060
-0.0100730
-0.0104349
-0.0111229
-0.0147110
-0.0196939
-0.0238590
-0.0265308
-0.0286893
-0.0297287
-0.0286715
-0.0294044
-0.0333120
-0.0361741
-0.0356743
-0.0325720
-0.0259470
-0.0179777
-0.0076816
0.0058999
0.0213019
0.0369962
0.0502269
0.0603452
0.0698623
0.0792661
0.0873859
0.0933008
0.0950206
0.0913993
0.0834940
0.0726923
0.0612067
0.0518070
0.0445537
0.0380148
0.0295890
0.0207691
0.0149933
0.0128050
0.0125771
0.0145364
0.0195815
0.0269750
0.0372106
0.0486053
0.0556854
0.0556821
0.0502704
0.0419157
0.0320888
0.0205135
0.0069319
-0.0077185
-0.0220805
-0.0333739
-0.0389357
-0.0419485
-0.0417752
-0.0353170
-0.0252803
-0.0135107
-0.0001927
0.0118643
0.0208113
0.0279878
0.0315351
0.0308382
0.0271836
0.0213505
0.0138601
0.0051881
-0.0058985
-0.0170072
-0.0250673
-0.0321777
-0.0379084
-0.0405273
-0.0444059
-0.0523432
-0.0598919
-0.0652951
-0.0679182
-0.0657890
-0.0598168
-0.0523279
-0.0445319
-0.0375232
-0.0306011
-0.0242529
-0.0213143
-0.0208313
-0.0212903
-0.0247660
-0.0319594
-0.0386954
-0.0437205
-0.0489939
-0.0553439
-0.0620684
-0.0683768
-0.0719624
-0.0721541
-0.0668535
-0.0563567
-0.0461482
-0.0382377
-0.0305417
-0.0236674
-0.0182425
-0.0149543
-0.0151458
-0.0193100
-0.0254246
-0.0330271
-0.0419748
-0.0488906
-0.0513657
-0.0487117
-0.0426885
-0.0371196
-0.0340708
-0.0326486
-0.0318339
-0.0291533
-0.0223143
-0.0129967
-0.0044032
0.0030114
0.0090981
0.0138926
0.0181482
0.0232242
0.0288429
0.0317647
0.0319969
0.0321465
0.0321369
0.0316649
0.0322294
0.0318170
0.0284195
0.0241858
0.0236945
0.0270448
0.0303307
0.0308354
0.0281646
0.0235558
0.0169327
0.0105711
0.0064210
0.0040975
0.0059576
0.0119684
0.0178511
0.0219741
0.0252004
0.0258733
0.0233875
0.0196962
0.0138749
0.0062470
0.0000160
-0.0030868
-0.0051512
-0.0080081
-0.0124945
-0.0154218
-0.0138959
-0.0106390
-0.0069667
-0.0011085
0.0078455
0.0192059
0.0302329
0.0374834
0.0409318
0.0418546
0.0427642
0.0448681
0.0461784
0.0452573
0.0439945
0.0424739
0.0397923
0.0360866
0.0310860
0.0248981
0.0165555
0.0064504
-0.0024350
-0.0091022
-0.0143082
-0.0172205
-0.0174219
-0.0164536
-0.0158477
-0.0156241
-0.0147400
-0.0122556
-0.0089401
-0.0057166
-0.0005187
0.0066400
0.0130658
0.0172338
0.0178054
0.0149865
0.0115139
0.0077405
0.0032373
-0.0005449
-0.0021491
-0.0016247
0.0012195
0.0046904
0.0070549
0.0078153
0.0074897
0.0070723
0.0066977
0.0055408
0.0029433
-0.0014272
-0.0057276
-0.0076342
-0.0080280
-0.0077154
-0.0054802
-0.0024574
-0.0008747
-0.0020490
-0.0072219
-0.0152968
-0.0249764
-0.0353288
-0.0426016
-0.0450509
-0.0435811
-0.0405924
-0.0387055
-0.0370780
-0.0328391
-0.0245891
-0.0133136
-0.0025903
0.0054479
0.0107714
0.0114640
0.0084251
0.0050409
0.0017614
-0.0000417
0.0007501
0.0008944
0.0005845
0.0017411
0.0053467
0.0116198
0.0203927
0.0291441
0.0359944
0.0417277
0.0457987
0.0483744
0.0489234
0.0466669
0.0408676
0.0304089
0.0163713
0.0025675
-0.0102524
-0.0213590
-0.0287374
-0.0329070
-0.0355233
-0.0345121
-0.0298439
-0.0231979
-0.0147139
-0.0059248
0.0016179
0.0082768
0.0123249
0.0124394
0.0101389
0.0057881
0.0004422
-0.0045498
-0.0100207
-0.0160827
-0.0188234
-0.0157910
-0.0107875
-0.0056782
0.0002725
0.0058374
0.0108546
0.0158213
0.0200023
0.0232076
0.0244812
0.0243319
0.0231568
0.0207054
0.0152972
0.0078748
0.0001028
-0.0083177
-0.0154936
-0.0203647
-0.0234058
-0.0226812
-0.0166103
-0.0069802
0.0020314
0.0109472
0.0201810
0.0269680
0.0314954
0.0338886
0.0333642
0.0300213
0.0233068
0.0135730
0.0034703
-0.0043495
-0.0073844
-0.0058301
-0.0025947
0.0004116
0.0043066
0.0107052
0.0171861
0.0218524
0.0221234
0.0162620
0.0064920
-0.0039646
-0.0135408
-0.0207795
-0.0265019
-0.0317802
-0.0366049
-0.0405419
-0.0425550
-0.0420397
-0.0391225
-0.0359526
-0.0312082
-0.0231428
-0.0133437
-0.0031840
0.0071085
0.0165230
0.0230803
0.0248264
0.0233583
0.0203785
0.0169321
0.0128902
0.0099160
0.0099822
0.0112083
0.0126008
0.0131560
0.0115678
0.0098722
0.0087362
0.0069817
0.0044513
-0.0000884
-0.0059301
-0.0113651
-0.0165851
-0.0215883
-0.0245440
-0.0265124
-0.0298041
-0.0323572
-0.0328969
-0.0334513
-0.0312986
-0.0238835
-0.0147063
-0.0086121
-0.0054373
-0.0035391
-0.0039495
-0.0054362
-0.0064863
-0.0062464
-0.0050215
-0.0036949
-0.0028043
-0.0016144
-0.0012242
-0.0011104
0.0009364
0.0029230
0.0019843
-0.0013560
-0.0051466
-0.0094166
-0.0159470
-0.0243243
-0.0302492
-0.0320403
-0.0312025
-0.0282742
-0.0232868
-0.0182619
-0.0146439
-0.0126472
-0.0104984
-0.0068044
-0.0038237
-0.0029799
-0.0015812
0.0024053
0.0066171
0.0110540
0.0166305
0.0213633
0.0251135
0.0277992
0.0290111
0.0281213
0.0240655
0.0171928
0.0096453
0.0031448
0.0004441
0.0035750
0.0104822
0.0195852
0.0285973
0.0373639
0.0442430
0.0476447
0.0478412
0.0467531
0.0445478
0.0404919
0.0355090
0.0305502
0.0270565
0.0264426
0.0267997
0.0247413
0.0198091
0.0134075
0.0086010
0.0064089
0.0062628
0.0066691
0.0054406
0.0037223
0.0022257
-0.0014057
-0.0064421
-0.0081230
-0.0043806
0.0013352
0.0068120
0.0103159
0.0105362
0.0092108
0.0065636
0.0022939
-0.0022658
-0.0053362
-0.0064848
-0.0063901
-0.0057909
-0.0062918
-0.0094069
-0.0120115
-0.0109804
-0.0095346
-0.0106026
-0.0128360
-0.0144983
-0.0166499
-0.0184493
-0.0187294
-0.0172003
-0.0131459
-0.0072697
0.0004153
0.0093905
0.0165978
0.0204522
0.0203943
0.0156242
0.0069059
-0.0031353
-0.0118781
-0.0183735
-0.0218611
-0.0223461
-0.0244625
-0.0263986
-0.0232051
-0.0167778
-0.0102304
-0.0036744
0.0030168
0.0092775
0.0126499
0.0118716
0.0074015
0.0013164
-0.0044221
-0.0096492
-0.0141080
-0.0164544
-0.0153221
-0.0120847
-0.0093163
-0.0083925
-0.0080405
-0.0062957
-0.0054209
-0.0057476
-0.0051412
-0.0048938
-0.0058505
-0.0057927
-0.0039311
-0.0016693
0.0013635
0.0037981
0.0029527
0.0001722
-0.0030909
-0.0064316
-0.0070718
-0.0040624
0.0002463
0.0038807
0.0056069
0.0046697
0.0011405
-0.0047682
-0.0106830
-0.0147686
-0.0184529
-0.0227327
-0.0264000
-0.0283299
-0.0296215
-0.0281589
-0.0234474
-0.0191288
-0.0172747
-0.0163994
-0.0130336
-0.0086350
-0.0060723
-0.0062807
-0.0077708
-0.0090074
-0.0118382
-0.0160168
-0.0182142
-0.0199984
-0.0224367
-0.0251832
-0.0280654
-0.0297807
-0.0295367
-0.0271607
-0.0215207
-0.0137840
-0.0061045
0.0011829
0.0070722
0.0112888
0.0150383
0.0189393
0.0198919
0.0187441
0.0186177
0.0177475
0.0126913
0.0047470
-0.0005664
-0.0022464
-0.0041812
-0.0069649
-0.0071774
-0.0036558
0.0019030
0.0100381
0.0190002
0.0244547
0.0270355
0.0286594
0.0297583
0.0304300
0.0310096
0.0342280
0.0392397
0.0411490
0.0395908
0.0376019
0.0371228
0.0380383
0.0404048
0.0434371
0.0438420
0.0416518
0.0393043
0.0364182
0.0319903
0.0268266
0.0229632
0.0221101
0.0230167
0.0238080
0.0246333
0.0252619
0.0234510
0.0199245
0.0170123
0.0160060
0.0181284
0.0222153
0.0253625
0.0265137
0.0262507
0.0256947
0.0258120
0.0255151
0.0237717
0.0215496
0.0187471
0.0140819
0.0092611
0.0062693
0.0034696
0.0012530
0.0005900
0.0014661
0.0024646
0.0031059
0.0044702
0.0070979
0.0067837
0.0009394
-0.0069281
-0.0141005
-0.0212034
-0.0273836
-0.0301995
-0.0297592
-0.0285019
-0.0276248
-0.0260229
-0.0237548
-0.0218091
-0.0202486
-0.0193116
-0.0195896
-0.0209599
-0.0224695
-0.0234139
-0.0224804
-0.0193562
-0.0167944
-0.0166007
-0.0170363
-0.0166098
-0.0150384
-0.0128203
-0.0124220
-0.0139375
-0.0166869
-0.0195916
-0.0214317
-0.0217660
-0.0213642
-0.0220777
-0.0245958
-0.0267915
-0.0263585
-0.0243715
-0.0238947
-0.0231454
-0.0198962
-0.0167538
-0.0157441
-0.0152172
-0.0135435
-0.0113562
-0.0116202
-0.0141354
-0.0161739
-0.0171633
-0.0162629
-0.0143455
-0.0133535
-0.0129287
-0.0112476
-0.0097703
-0.0111672
-0.0151224
-0.0193503
-0.0215208
-0.0212036
-0.0211726
-0.0225602
-0.0246628
-0.0262425
-0.0276009
-0.0280563
-0.0255188
-0.0208716
-0.0173517
-0.0150146
-0.0130941
-0.0112159
-0.0077557
-0.0042562
-0.0029259
-0.0029335
-0.0010341
0.0034120
0.0087062
0.0125248
0.0144073
0.0155161
0.0162612
0.0161561
0.0134703
0.0081094
0.0026966
-0.0003213
-0.0030077
-0.0067630
-0.0090636
-0.0081251
-0.0049405
-0.0006700
0.0053695
0.0118406
0.0166490
0.0188253
0.0192754
0.0193740
0.0193214
0.0196029
0.0202140
0.0211970
0.0215340
0.0188555
0.0142578
0.0101189
0.0075788
0.0065713
0.0059957
0.0063208
0.0077363
0.0089351
0.0104043
0.0121360
0.0128775
0.0127269
0.0132810
0.0153063
0.0186009
0.0221845
0.0242267
0.0244712
0.0248947
0.0256398
0.0259587
0.0265809
0.0272763
0.0270855
0.0270172
0.0293388
0.0319068
0.0327175
0.0321589
0.0295472
0.0252350
0.0212655
0.0179496
0.0157056
0.0154507
0.0173719
0.0199586
0.0220504
0.0227944
0.0223023
0.0193730
0.0136953
0.0080231
0.0040258
0.0019643
0.0025300
0.0039774
0.0030654
0.0003581
-0.0024737
-0.0040059
-0.0040866
-0.0034902
-0.0031183
-0.0054339
-0.0104653
-0.0158688
-0.0201018
-0.0227534
-0.0235028
-0.0220290
-0.0184798
-0.0150456
-0.0137294
-0.0143899
-0.0153712
-0.0167883
-0.0185408
-0.0196946
-0.0201507
-0.0198465
-0.0187958
-0.0181440
-0.0175462
-0.0159950
-0.0134563
-0.0109133
-0.0087508
-0.0074777
-0.0071365
-0.0073297
-0.0094094
-0.0128073
-0.0149919
-0.0159597
-0.0164062
-0.0163435
-0.0159197
-0.0159769
-0.0182622
-0.0214077
-0.0216973
-0.0190756
-0.0153270
-0.0128697
-0.0119773
-0.0093448
-0.0029883
0.0043564
0.0078034
0.0075789
0.0052492
0.0001612
-0.0057367
-0.0106426
-0.0127856
-0.0115652
-0.0088153
-0.0056177
-0.0020095
0.0022944
0.0067778
0.0101966
0.0120527
0.0137721
0.0169153
0.0203968
0.0215915
0.0210323
0.0192290
0.0167413
0.0145855
0.0130989
0.0106134
0.0059469
0.0000550
-0.0055368
-0.0090375
-0.0094859
-0.0079814
-0.0063449
-0.0039752
-0.0017540
-0.0006801
-0.0006616
-0.0006892
-0.0003857
0.0000777
0.0008375
0.0017567
0.0034354
0.0042019
0.0035436
0.0015207
-0.0025267
-0.0058956
-0.0066014
-0.0065187
-0.0069183
-0.0073549
-0.0076538
-0.0075130
-0.0057362
-0.0030597
-0.0025599
-0.0048424
-0.0072344
-0.0063508
-0.0053125
-0.0058670
-0.0071485
-0.0096083
-0.0120784
-0.0127823
-0.0121264
-0.0111121
-0.0098693
-0.0096860
-0.0111943
-0.0136892
-0.0133942
-0.0106276
-0.0089471
-0.0090770
-0.0094695
-0.0092302
-0.0087398
-0.0084417
-0.0082911
-0.0083023
-0.0091534
-0.0107681
-0.0112967
-0.0091906
-0.0066514
-0.0053503
-0.0035723
-0.0018970
-0.0021772
-0.0035763
-0.0025439
0.0012487
0.0038026
0.0040098
0.0041110
0.0060007
0.0095674
0.0122760
0.0133305
0.0140231
0.0153926
0.0175514
0.0204862
0.0235737
0.0259409
0.0280599
0.0306545
0.0325530
0.0326043
0.0316347
0.0313863
0.0318659
0.0306392
0.0282401
0.0264117
0.0244034
0.0218705
0.0183281
0.0144299
0.0126254
0.0140402
0.0172878
0.0209417
0.0226033
0.0220503
0.0209964
0.0177690
0.0129190
0.0098855
0.0078802
0.0075902
0.0096806
0.0110388
0.0093647
0.0059090
0.0032003
0.0020027
0.0023112
0.0034023
0.0052361
0.0077728
0.0096360
0.0098296
0.0082177
0.0050670
0.0025945
0.0006934
-0.0026639
-0.0070912
-0.0107262
-0.0117886
-0.0107647
-0.0086151
-0.0050712
-0.0011059
0.0017698
0.0029609
0.0020715
0.0002356
-0.0009347
-0.0010851
-0.0034287
-0.0072232
-0.0095353
-0.0118440
-0.0148410
-0.0170964
-0.0187406
-0.0203268
-0.0211161
-0.0209009
-0.0206719
-0.0207002
-0.0205875
-0.0196758
-0.0168451
-0.0137833
-0.0127530
-0.0124744
-0.0114105
-0.0106001
-0.0117180
-0.0140588
-0.0170371
-0.0197482
-0.0199979
-0.0191471
-0.0178264
-0.0163395
-0.0154609
-0.0145711
-0.0124197
-0.0098867
-0.0089905
-0.0086580
-0.0081834
-0.0079105
-0.0085015
-0.0111466
-0.0137815
-0.0141651
-0.0131781
-0.0124704
-0.0123767
-0.0120951
-0.0107195
-0.0079812
-0.0045063
-0.0025757
-0.0021600
-0.0029957
-0.0044069
-0.0055480
-0.0067186
-0.0062805
-0.0038552
-0.0012642
-0.0003436
0.0007503
0.0034263
0.0055118
0.0057766
0.0050287
0.0028551
0.0001040
-0.0019704
-0.0023418
-0.0005093
-0.0008580
-0.0043718
-0.0073131
-0.0081253
-0.0093381
-0.0135311
-0.0175397
-0.0182514
-0.0156047
-0.0106105
-0.0067188
-0.0043701
-0.0008498
0.0021441
0.0039394
0.0042844
0.0020529
-0.0019038
-0.0055905
-0.0071596
-0.0065469
-0.0048055
-0.0028576
-0.0005554
0.0027171
0.0064110
0.0086284
0.0108887
0.0130945
0.0133417
0.0119357
0.0099463
0.0090286
0.0089591
0.0084562
0.0089690
0.0099200
0.0102842
0.0106332
0.0114782
0.0121886
0.0121268
0.0131713
0.0151448
0.0169302
0.0186087
0.0195741
0.0195936
0.0198458
0.0202686
0.0207648
0.0219572
0.0220363
0.0218824
0.0217796
0.0201497
0.0160972
0.0119045
0.0092610
0.0089534
0.0111941
0.0129156
0.0149991
0.0187532
0.0215938
0.0221952
0.0227138
0.0232291
0.0224708
0.0209227
0.0189997
0.0171949
0.0172270
0.0186643
0.0194766
0.0189405
0.0167108
0.0144777
0.0131322
0.0111887
0.0090097
0.0063850
0.0038977
0.0011647
-0.0018196
-0.0032937
-0.0019249
-0.0002696
-0.0003449
-0.0004173
-0.0004620
-0.0009777
-0.0008219
-0.0012104
-0.0030157
-0.0053073
-0.0086592
-0.0114975
-0.0122279
-0.0124348
-0.0131830
-0.0137413
-0.0143378
-0.0139558
-0.0121088
-0.0113259
-0.0118530
-0.0121731
-0.0124360
-0.0134829
-0.0152557
-0.0174521
-0.0183843
-0.0171604
-0.0146926
-0.0125835
-0.0124099
-0.0131958
-0.0133386
-0.0137889
-0.0143207
-0.0132282
-0.0111684
-0.0098677
-0.0111081
-0.0138097
-0.0154784
-0.0161685
-0.0154135
-0.0126697
-0.0098124
-0.0080705
-0.0078824
-0.0082765
-0.0083139
-0.0071404
-0.0043298
-0.0005704
0.0012527
-0.0014375
-0.0062092
-0.0113706
-0.0150267
-0.0156265
-0.0153408
-0.0176317
-0.0209395
-0.0242241
-0.0274762
-0.0295831
-0.0314569
-0.0337975
-0.0355330
-0.0346654
-0.0310811
-0.0251297
-0.0180404
-0.0101333
-0.0028006
0.0018572
0.0026216
0.0011977
0.0012440
0.0015179
0.0000301
-0.0003636
0.0019730
0.0038505
0.0033678
0.0023389
0.0014350
0.0003383
0.0002049
0.0015442
0.0047243
0.0083729
0.0107555
0.0127159
0.0132011
0.0129591
0.0143810
0.0166652
0.0170676
0.0161031
0.0151672
0.0130243
0.0089875
0.0049446
0.0025299
0.0014946
0.0019160
0.0021691
0.0029533
0.0047982
0.0055256
0.0053811
0.0063566
0.0075383
0.0085792
0.0109715
0.0128369
0.0130534
0.0134788
0.0140519
0.0127817
0.0107682
0.0079533
0.0050127
0.0027585
0.0014122
0.0017979
0.0045103
0.0084051
0.0126009
0.0173663
0.0209495
0.0224888
0.0232967
0.0240655
0.0244701
0.0245865
0.0229326
0.0192736
0.0167042
0.0144182
0.0108015
0.0077753
0.0078259
0.0100355
0.0126839
0.0133946
0.0119737
0.0107393
0.0096758
0.0076594
0.0053884
0.0027669
0.0000840
-0.0001722
0.0010623
-0.0002763
-0.0028496
-0.0037907
-0.0038315
-0.0040110
-0.0048135
-0.0054163
-0.0045496
-0.0025960
0.0001334
0.0036600
0.0060017
0.0062903
0.0062821
0.0061613
0.0052538
0.0047160
0.0049811
0.0054754
0.0047612
0.0031066
0.0014248
-0.0000257
-0.0016643
-0.0030994
-0.0021330
0.0007573
0.0036941
0.0080536
0.0134650
0.0166114
0.0174469
0.0168457
0.0137931
0.0097367
0.0056401
0.0010867
-0.0021065
-0.0054257
-0.0109167
-0.0170572
-0.0217381
-0.0247198
-0.0253697
-0.0231222
-0.0198894
-0.0165257
-0.0131868
-0.0104125
-0.0085476
-0.0071711
-0.0074806
-0.0079932
-0.0076593
-0.0084932
-0.0115958
-0.0158294
-0.0185567
-0.0183576
-0.0163206
-0.0155663
-0.0159090
-0.0147740
-0.0116787
-0.0084867
-0.0070262
-0.0076695
-0.0090687
-0.0103878
-0.0100630
-0.0083283
-0.0087313
-0.0104011
-0.0109457
-0.0109038
-0.0122526
-0.0139917
-0.0143221
-0.0131644
-0.0106302
-0.0079112
-0.0057169
-0.0033770
-0.0008451
0.0017831
0.0045202
0.0048933
0.0037249
0.0045975
0.0054683
0.0037370
0.0014769
0.0000264
-0.0006317
-0.0010104
-0.0023288
-0.0042966
-0.0062817
-0.0081651
-0.0089756
-0.0089799
-0.0091313
-0.0091479
-0.0090107
-0.0081466
-0.0060750
-0.0050351
-0.0044932
-0.0024030
-0.0014215
-0.0023395
-0.0025933
-0.0017511
-0.0005739
0.0003126
0.0007456
0.0011262
0.0031056
0.0058673
0.0077256
0.0090793
0.0104316
0.0121743
0.0127418
0.0124151
0.0133120
0.0132267
0.0115275
0.0105707
0.0102220
0.0088742
0.0072514
0.0056449
0.0041636
0.0029912
0.0014070
0.0003965
0.0000007
-0.0002416
0.0001299
0.0010610
0.0022407
0.0044252
0.0059798
0.0057172
0.0047133
0.0020797
-0.0004986
0.0000413
0.0014629
-0.0000630
-0.0015803
-0.0007832
0.0009184
0.0026710
0.0036243
0.0048044
0.0067693
0.0081433
0.0071555
0.0048945
0.0024663
0.0011835
0.0004179
-0.0000637
0.0007120
0.0015310
0.0020600
0.0030793
0.0043056
0.0040115
0.0032057
0.0035574
0.0035489
0.0030437
0.0028305
0.0015499
-0.0004892
-0.0012258
-0.0014077
-0.0028369
-0.0035548
-0.0028375
-0.0027333
-0.0031550
-0.0036074
-0.0048555
-0.0062480
-0.0083395
-0.0097837
-0.0088540
-0.0069231
-0.0050074
-0.0018977
0.0028649
0.0071122
0.0105810
0.0125152
0.0113602
0.0090021
0.0070411
0.0055967
0.0054693
0.0073746
0.0083476
0.0067808
0.0048187
0.0043233
0.0042536
0.0043666
0.0054785
0.0063153
0.0072281
0.0085571
0.0093291
0.0096310
0.0074348
0.0046733
0.0031311
0.0023919
0.0029164
0.0049060
0.0073818
0.0080719
0.0065536
0.0052931
0.0055057
0.0067092
0.0080767
0.0069186
0.0025035
-0.0019426
-0.0044944
-0.0070075
-0.0110057
-0.0144682
-0.0148900
-0.0130229
-0.0111195
-0.0098910
-0.0084118
-0.0063464
-0.0044947
-0.0035728
-0.0036975
-0.0047344
-0.0069021
-0.0084666
-0.0090167
-0.0085986
-0.0078647
-0.0076619
-0.0073063
-0.0069138
-0.0069838
-0.0080083
-0.0107927
-0.0130635
-0.0122662
-0.0102180
-0.0075819
-0.0056509
-0.0048986
-0.0042184
-0.0029745
-0.0025008
-0.0021827
-0.0018783
-0.0039221
-0.0076199
-0.0101231
-0.0115185
-0.0128597
-0.0143671
-0.0139955
-0.0120491
-0.0108732
-0.0104670
-0.0086053
-0.0055556
-0.0035963
-0.0026407
-0.0017943
-0.0016071
-0.0023665
-0.0031572
-0.0036082
-0.0036241
-0.0030200
-0.0012979
0.0015605
0.0018521
0.0002760
0.0007274
0.0026849
0.0035573
0.0033924
0.0034491
0.0027642
0.0014112
-0.0000028
-0.0004946
0.0008769
0.0042018
0.0084474
0.0129521
0.0149177
0.0140914
0.0135389
0.0147876
0.0152802
0.0148563
0.0142054
0.0123695
0.0097717
0.0080352
0.0069640
0.0060003
0.0053680
0.0046608
0.0043980
0.0037408
0.0032490
0.0034030
0.0036573
0.0041865
0.0043158
0.0050760
0.0071283
0.0096318
0.0103085
0.0095266
0.0094056
0.0082622
0.0053022
0.0024437
0.0018414
0.0037007
0.0053249
0.0065162
0.0075010
0.0070525
0.0061227
0.0055569
0.0056654
0.0050860
0.0032909
0.0028425
0.0055090
0.0099178
0.0113930
0.0112462
0.0118277
0.0119056
0.0106570
0.0087840
0.0069833
0.0051822
0.0028284
0.0007828
-0.0007416
-0.0025434
-0.0038175
-0.0036197
-0.0029153
-0.0029798
-0.0029263
-0.0014229
0.0004486
0.0003664
-0.0018349
-0.0027190
-0.0016777
-0.0018880
-0.0031837
-0.0037579
-0.0036629
-0.0035367
-0.0040010
-0.0040772
-0.0030242
-0.0030794
-0.0044671
-0.0061786
-0.0085974
-0.0104208
-0.0102269
-0.0079449
-0.0055425
-0.0035029
-0.0015433
0.0011928
0.0033295
0.0025482
0.0007626
-0.0000490
-0.0010782
-0.0025812
-0.0042027
-0.0064764
-0.0093373
-0.0122184
-0.0140533
-0.0141373
-0.0131489
-0.0114996
-0.0106635
-0.0111023
-0.0113035
-0.0105116
-0.0089623
-0.0068392
-0.0049435
-0.0056361
-0.0074076
-0.0083451
-0.0087693
-0.0089509
-0.0095255
-0.0098598
-0.0089656
-0.0083889
-0.0086696
-0.0086533
-0.0079700
-0.0061130
-0.0034497
-0.0014791
-0.0004766
0.0004820
0.0007628
0.0002803
0.0005720
0.0018945
0.0035422
0.0041431
0.0038044
0.0040957
0.0063973
0.0085854
0.0082744
0.0069032
0.0068242
0.0075956
0.0078930
0.0074067
0.0058135
0.0045021
0.0046064
0.0052194
0.0052646
0.0051042
0.0054879
0.0055427
0.0051771
0.0043890
0.0028188
0.0011732
0.0005910
0.0007135
0.0006591
0.0003326
0.0007615
0.0023949
0.0038008
0.0040613
0.0035277
0.0028884
0.0021917
0.0018227
0.0022601
0.0021770
0.0010457
0.0001440
-0.0002115
-0.0004681
-0.0005968
0.0003102
0.0022461
0.0039244
0.0039039
0.0026403
0.0019849
0.0016816
0.0005820
-0.0005468
-0.0011512
-0.0014729
-0.0015078
-0.0015706
-0.0017964
-0.0015737
-0.0009246
-0.0006518
-0.0005196
0.0000079
0.0003027
0.0005066
0.0002112
-0.0007923
-0.0014758
-0.0019697
-0.0023890
-0.0024136
-0.0025938
-0.0033632
-0.0038194
-0.0039811
-0.0052067
-0.0060793
-0.0053717
-0.0048747
-0.0050718
-0.0047226
-0.0036903
-0.0033542
-0.0042651
-0.0051023
-0.0049699
-0.0043714
-0.0040171
-0.0039054
-0.0034222
-0.0028176
-0.0022081
-0.0013959
-0.0012206
-0.0013100
-0.0012447
-0.0010676
-0.0006924
-0.0004044
-0.0003831
-0.0004745
-0.0003921
-0.0002558
-0.0001314
0.0002605
0.0009200
0.0012436
0.0008132
0.0003616
0.0003273
0.0001307
-0.0000863
0.0002824
0.0008490
0.0013841
0.0018962
0.0023551
0.0025932
0.0024044
0.0022832
0.0025559
0.0027814
0.0026742
0.0024398
0.0023209
0.0021553
0.0020687
0.0023103
0.0025329
0.0025254
0.0025364
0.0026829
0.0029110
0.0030109
0.0030130
0.0029899
0.0029344
0.0029009
0.0029510
0.0030063
0.0028966
0.0028904
0.0029692
0.0028421
0.0026664
0.0026222
0.0026270
0.0025480
0.0022352
0.0019380
0.0018421
0.0018292
0.0018329
0.0018413
0.0018956
0.0019733
0.0018335
0.0015160
0.0012524
0.0010819
0.0008596
0.0006969
0.0007441
0.0007343
0.0005642
0.0004233
0.0003689
0.0003020
0.0002035
0.0001573
0.0002090
0.0002970
0.0003277
0.0001955
0.0000015
-0.0001031
-0.0002300
-0.0004023
-0.0005224
-0.0005455
-0.0005538
-0.0005657
-0.0005517
-0.0005881
-0.0006360
-0.0006593
-0.0006572
-0.0006414
-0.0006784
-0.0007433
-0.0007892
-0.0008167
-0.0008492
-0.0008912
-0.0009101
-0.0008919
-0.0008581
-0.0008401
-0.0008380
-0.0008286
-0.0008175
-0.0008067
-0.0007832
-0.0007624
-0.0007375
-0.0007125
-0.0006968
-0.0006792
-0.0006745
-0.0006770
-0.0006679
-0.0006432
-0.0006158
-0.0005935
-0.0005748
-0.0005518
-0.0005180
-0.0004854
-0.0004631
-0.0004466
-0.0004332
-0.0004213
-0.0004047
-0.0003891
-0.0003756
-0.0003603
-0.0003465
-0.0003351
-0.0003218
-0.0003043
-0.0002861
-0.0002687
-0.0002541
-0.0002423
-0.0002309
-0.0002201
-0.0002095
-0.0001986
-0.0001881
-0.0001782
-0.0001680
-0.0001568
-0.0001452
-0.0001338
-0.0001227
-0.0001119
-0.0001015
-0.0000914
-0.0000814
-0.0000718
-0.0000625
-0.0000534
-0.0000445
-0.0000357
-0.0000270
-0.0000185
-0.0000102
-0.0000020
0.0000060
0.0000139
0.0000217
0.0000293
0.0000367
0.0000440
0.0000511
0.0000581
