-0.0000080
-0.0000080
-0.0000079
-0.0000078
-0.0000077
-0.0000077
-0.0000076
-0.0000074
-0.0000074
-0.0000079
-0.0000084
-0.0000085
-0.0000078
-0.0000062
-0.0000049
-0.0000053
-0.0000063
-0.0000072
-0.0000095
-0.0000105
-0.0000084
-0.0000062
-0.0000081
-0.0000109
-0.0000116
-0.0000119
-0.0000102
-0.0000078
-0.0000060
-0.0000048
-0.0000092
-0.0000106
-0.0000055
-0.0000076
-0.0000096
-0.0000082
-0.0000097
-0.0000122
-0.0000105
-0.0000065
-0.0000057
-0.0000085
-0.0000076
-0.0000206
-0.0000303
-0.0000191
0.0000030
0.0000116
0.0000001
-0.0000047
-0.0000106
-0.0000181
-0.0000010
0.0000189
0.0000207
0.0000112
0.0000004
-0.0000229
-0.0000541
-0.0000634
-0.0000198
0.0000338
0.0000179
-0.0000256
-0.0000236
0.0000209
0.0000371
0.0000314
0.0000343
0.0000380
0.0000308
-0.0000129
-0.0000442
-0.0000292
-0.0000103
-0.0000423
-0.0000979
-0.0000918
-0.0000475
-0.0000226
-0.0000333
-0.0000247
0.0000357
0.0000932
0.0000739
-0.0000196
-0.0000569
-0.0000409
-0.0000253
0.0000143
0.0000823
0.0001225
0.0000530
-0.0000287
-0.0000487
0.0000088
0.0000529
-0.0000171
-0.0001061
-0.0000889
0.0000032
0.0000152
-0.0000722
-0.0000790
-0.0000303
-0.0000384
-0.0000203
0.0000033
0.0000141
0.0000186
0.0000042
0.0000364
0.0001023
0.0000704
-0.0001180
-0.0001809
-0.0000167
0.0000865
0.0000283
-0.0000013
0.0000349
0.0000554
0.0000211
-0.0000609
-0.0000987
-0.0000744
-0.0000080
0.0000173
-0.0000693
-0.0001156
-0.0000482
-0.0000622
-0.0000656
0.0000286
0.0000276
-0.0001030
-0.0001749
-0.0000976
-0.0000156
-0.0000038
0.0000232
0.0000512
0.0000620
0.0000209
-0.0000955
-0.0001900
-0.0000814
0.0002040
0.0003761
0.0003640
0.0002500
0.0000750
-0.0000229
0.0000437
0.0001140
0.0000700
0.0000304
0.0000545
0.0000930
0.0001446
0.0001272
-0.0000262
-0.0001067
-0.0000140
0.0000185
-0.0000627
-0.0001888
-0.0003120
-0.0002732
-0.0000450
0.0001149
0.0001016
0.0000476
0.0000463
0.0000523
-0.0000055
-0.0000607
-0.0000751
-0.0000707
-0.0001055
-0.0001351
-0.0000765
0.0000203
-0.0000188
-0.0001070
0.0000043
0.0000656
0.0000126
0.0000040
-0.0000648
-0.0001443
-0.0001180
-0.0002888
-0.0004236
-0.0002492
0.0000668
0.0001482
0.0000477
-0.0000252
-0.0000308
-0.0000336
-0.0001157
-0.0002047
-0.0000975
0.0000654
-0.0001253
-0.0003387
-0.0002214
-0.0000642
-0.0000708
-0.0000382
0.0000384
0.0000244
-0.0000119
-0.0000681
-0.0002116
-0.0002396
0.0000427
0.0002466
0.0002199
0.0001835
0.0001065
0.0000270
0.0000937
0.0002615
0.0002967
0.0001970
0.0000981
0.0000074
-0.0000040
0.0001309
0.0001895
0.0000357
0.0000131
0.0001395
0.0001942
0.0000456
-0.0001318
-0.0001289
0.0000276
0.0001389
0.0000959
0.0000352
0.0000033
0.0000134
-0.0000252
-0.0000325
-0.0000036
-0.0000393
-0.0000980
-0.0000199
0.0001701
0.0001377
-0.0001086
-0.0003305
-0.0002716
0.0001174
0.0003130
0.0001360
-0.0000130
0.0001696
0.0003335
0.0002584
0.0000112
-0.0001533
-0.0000139
0.0002005
0.0001605
0.0000131
0.0000738
0.0001608
0.0001730
0.0001728
0.0002360
0.0003269
0.0001865
-0.0001776
-0.0003035
-0.0000848
0.0001311
0.0001092
0.0000044
0.0001195
0.0003030
0.0002244
0.0000325
-0.0000788
-0.0000126
0.0001425
0.0001742
0.0000122
-0.0001644
-0.0001052
0.0001231
0.0001563
0.0000456
-0.0000134
-0.0000285
-0.0000485
-0.0000171
0.0000206
0.0000089
0.0000019
-0.0000483
-0.0000990
-0.0000388
0.0000264
-0.0000142
-0.0000648
-0.0000433
-0.0000035
-0.0000284
-0.0000003
0.0001463
-0.0000198
-0.0005761
-0.0006178
-0.0001024
0.0001696
0.0000420
-0.0000938
-0.0000588
0.0001217
0.0002480
0.0001240
-0.0000409
0.0000395
0.0001039
0.0000765
0.0000106
-0.0001023
-0.0001040
0.0000156
0.0001279
0.0001634
-0.0000389
-0.0001943
-0.0001489
-0.0001446
-0.0002059
-0.0001233
0.0000682
0.0001689
0.0002206
0.0001980
0.0001001
-0.0000249
0.0000439
0.0001615
0.0002037
0.0001248
-0.0001147
-0.0001505
-0.0001221
-0.0002851
-0.0003753
-0.0001656
0.0001142
0.0001878
0.0000568
-0.0000707
-0.0000351
0.0000468
0.0000539
-0.0000171
-0.0001234
-0.0002104
-0.0001248
0.0000602
0.0002636
0.0002945
0.0000746
-0.0000855
-0.0000748
-0.0000446
-0.0000224
-0.0000221
0.0000408
0.0001171
0.0001337
0.0001023
0.0001130
0.0000955
-0.0000241
-0.0001304
-0.0001485
-0.0000457
0.0000911
0.0000201
-0.0001740
-0.0002383
-0.0000063
0.0003623
0.0004365
0.0001954
-0.0000231
0.0000214
0.0001355
0.0000361
-0.0001554
-0.0001646
-0.0000770
-0.0000523
-0.0001196
-0.0001261
-0.0000718
-0.0000328
0.0000702
0.0001119
0.0000922
0.0001082
0.0001217
-0.0000356
-0.0002415
-0.0001462
0.0001717
0.0002885
0.0000470
-0.0001824
-0.0001095
0.0001128
0.0000823
-0.0000334
-0.0000049
-0.0000044
0.0000279
0.0000673
0.0000986
0.0000751
0.0000231
0.0000656
-0.0001114
-0.0006209
-0.0006889
-0.0002249
0.0001646
0.0001207
-0.0001347
-0.0002741
-0.0002136
-0.0001084
-0.0000566
-0.0000284
-0.0000515
0.0000077
0.0001106
0.0001744
0.0001880
0.0000805
-0.0000860
-0.0002030
-0.0002101
-0.0000538
0.0001496
0.0002185
0.0001660
0.0001309
0.0000723
-0.0001390
-0.0003168
-0.0002131
0.0000617
0.0001183
-0.0001051
-0.0002220
-0.0001361
-0.0001493
-0.0002500
-0.0001204
0.0002111
0.0002978
0.0000839
-0.0000383
0.0000305
0.0000595
-0.0001934
-0.0003276
-0.0001241
0.0002018
0.0002536
0.0000528
0.0000837
0.0001685
-0.0000414
-0.0004249
-0.0003604
-0.0000951
-0.0000793
-0.0002197
-0.0003534
-0.0002561
-0.0000374
0.0000707
0.0000131
0.0000711
0.0001606
0.0001737
0.0001139
0.0000150
-0.0000322
-0.0000396
-0.0000826
-0.0001783
-0.0001715
-0.0000405
0.0000779
0.0001107
-0.0000056
-0.0001213
-0.0000335
0.0000636
0.0000125
-0.0000818
-0.0001448
-0.0002113
-0.0002773
-0.0002668
-0.0002386
-0.0001994
-0.0001874
-0.0002717
-0.0004262
-0.0005768
-0.0005821
-0.0003714
-0.0001162
0.0000013
-0.0000332
-0.0001366
-0.0003142
-0.0003388
-0.0001388
-0.0000141
-0.0000341
-0.0000158
0.0001335
0.0002127
0.0001242
0.0001062
0.0002517
0.0003610
0.0002361
0.0001268
0.0000494
-0.0001965
-0.0003936
-0.0003601
-0.0003022
-0.0004171
-0.0008371
-0.0009194
-0.0003945
0.0001249
0.0002250
-0.0000736
-0.0004942
-0.0008133
-0.0007854
-0.0003071
0.0004606
0.0012040
0.0012863
0.0005645
-0.0003869
-0.0010300
-0.0012225
-0.0011129
-0.0010249
-0.0011612
-0.0014204
-0.0016280
-0.0017253
-0.0016650
-0.0013392
-0.0007556
-0.0003978
-0.0007070
-0.0016922
-0.0026004
-0.0026308
-0.0019593
-0.0013579
-0.0011382
-0.0010297
-0.0008571
-0.0006104
-0.0001391
0.0004922
0.0008624
0.0008135
0.0005571
0.0004849
0.0009918
0.0023438
0.0039809
0.0048226
0.0045076
0.0032954
0.0014354
-0.0004613
-0.0017025
-0.0022241
-0.0024684
-0.0027614
-0.0028627
-0.0025346
-0.0020356
-0.0014512
-0.0008037
-0.0007759
-0.0020114
-0.0040174
-0.0055071
-0.0054823
-0.0039282
-0.0016241
0.0007105
0.0022332
0.0024296
0.0015596
0.0003563
-0.0002018
0.0002580
0.0013338
0.0025653
0.0039514
0.0054234
0.0061517
0.0057981
0.0047639
0.0035597
0.0022986
0.0010406
0.0004182
0.0012212
0.0035642
0.0063017
0.0081606
0.0087536
0.0079158
0.0057426
0.0028585
0.0001592
-0.0019814
-0.0036982
-0.0050014
-0.0056851
-0.0055374
-0.0046360
-0.0033053
-0.0019092
-0.0006258
0.0006131
0.0016942
0.0025684
0.0034218
0.0042934
0.0048219
0.0048936
0.0043636
0.0034126
0.0028174
0.0027926
0.0029038
0.0029352
0.0030685
0.0030757
0.0026434
0.0015168
-0.0004404
-0.0028858
-0.0051228
-0.0065763
-0.0066554
-0.0050458
-0.0026917
-0.0010865
-0.0009152
-0.0019196
-0.0034877
-0.0047163
-0.0052340
-0.0052524
-0.0050494
-0.0048587
-0.0047819
-0.0051649
-0.0061818
-0.0076945
-0.0093306
-0.0100890
-0.0088311
-0.0051056
0.0005694
0.0068507
0.0119598
0.0140669
0.0123150
0.0073224
0.0010402
-0.0042630
-0.0072167
-0.0073916
-0.0051372
-0.0015127
0.0022422
0.0053567
0.0076695
0.0093398
0.0103273
0.0104142
0.0094612
0.0074895
0.0048796
0.0017454
-0.0014751
-0.0036272
-0.0041632
-0.0038240
-0.0034325
-0.0036565
-0.0050155
-0.0073566
-0.0100533
-0.0124684
-0.0137666
-0.0131480
-0.0106733
-0.0075648
-0.0051623
-0.0040465
-0.0043151
-0.0053322
-0.0053897
-0.0028303
0.0028151
0.0105331
0.0184685
0.0247138
0.0280370
0.0281352
0.0254886
0.0215487
0.0176722
0.0142850
0.0114642
0.0094695
0.0083166
0.0081867
0.0096148
0.0128492
0.0165526
0.0182213
0.0161248
0.0103890
0.0025451
-0.0053021
-0.0111202
-0.0133843
-0.0119654
-0.0080492
-0.0040513
-0.0020957
-0.0028435
-0.0058878
-0.0098773
-0.0132231
-0.0146633
-0.0134577
-0.0095555
-0.0040171
0.0013440
0.0054709
0.0076529
0.0074503
0.0055417
0.0032710
0.0013964
0.0001092
-0.0001703
0.0011603
0.0039142
0.0071255
0.0093602
0.0095806
0.0079610
0.0049297
0.0003450
-0.0058347
-0.0123480
-0.0167895
-0.0173845
-0.0140261
-0.0075376
0.0006255
0.0081255
0.0123018
0.0114489
0.0060774
-0.0016963
-0.0098518
-0.0167806
-0.0207392
-0.0197838
-0.0135363
-0.0038400
0.0062806
0.0134215
0.0147958
0.0094595
-0.0011757
-0.0137140
-0.0237299
-0.0277982
-0.0252108
-0.0178015
-0.0085320
-0.0004065
0.0039422
0.0030440
-0.0022848
-0.0093509
-0.0150601
-0.0167134
-0.0137340
-0.0079166
-0.0020129
0.0020527
0.0043265
0.0055985
0.0062443
0.0061206
0.0048246
0.0025610
-0.0001341
-0.0025420
-0.0036546
-0.0024737
0.0010984
0.0059781
0.0102496
0.0118984
0.0100398
0.0048698
-0.0021259
-0.0090936
-0.0145061
-0.0178387
-0.0189048
-0.0170471
-0.0120016
-0.0048706
0.0020922
0.0059760
0.0045777
-0.0019705
-0.0111119
-0.0192425
-0.0230727
-0.0208239
-0.0130725
-0.0024815
0.0077084
0.0154848
0.0197715
0.0205960
0.0189278
0.0159586
0.0125969
0.0090985
0.0052542
0.0008464
-0.0035397
-0.0067199
-0.0076952
-0.0056347
-0.0004875
0.0064475
0.0135391
0.0196104
0.0237536
0.0250124
0.0224907
0.0163786
0.0083172
0.0006722
-0.0046741
-0.0073954
-0.0079808
-0.0073908
-0.0069024
-0.0072641
-0.0082873
-0.0088529
-0.0076952
-0.0047939
-0.0012818
0.0013974
0.0021019
0.0004405
-0.0030981
-0.0075635
-0.0121003
-0.0164265
-0.0203524
-0.0225700
-0.0207100
-0.0134773
-0.0019549
0.0106367
0.0198692
0.0225277
0.0182282
0.0092770
-0.0006364
-0.0075378
-0.0096630
-0.0079354
-0.0039857
0.0015629
0.0083566
0.0152320
0.0203725
0.0221888
0.0197563
0.0134646
0.0052194
-0.0021338
-0.0057169
-0.0040297
0.0020745
0.0092194
0.0132652
0.0115132
0.0038474
-0.0072911
-0.0181387
-0.0252437
-0.0263292
-0.0207423
-0.0099698
0.0027211
0.0134221
0.0189409
0.0174966
0.0091342
-0.0038215
-0.0179463
-0.0288052
-0.0325109
-0.0277752
-0.0159454
0.0000163
0.0168777
0.0313207
0.0407948
0.0441172
0.0413380
0.0341097
0.0249861
0.0161224
0.0095274
0.0072574
0.0095545
0.0140320
0.0172100
0.0162194
0.0103547
0.0013425
-0.0079063
-0.0150072
-0.0191619
-0.0210762
-0.0219352
-0.0219559
-0.0203527
-0.0168043
-0.0117349
-0.0058956
-0.0003222
0.0039247
0.0059637
0.0050066
0.0012983
-0.0029203
-0.0047752
-0.0033037
0.0003816
0.0045692
0.0080405
0.0104802
0.0119107
0.0124254
0.0123940
0.0115185
0.0085688
0.0027502
-0.0050441
-0.0132595
-0.0208120
-0.0271687
-0.0318751
-0.0341361
-0.0328405
-0.0266098
-0.0151388
-0.0007360
0.0123304
0.0197909
0.0200374
0.0149257
0.0086514
0.0056498
0.0078262
0.0136829
0.0195374
0.0216461
0.0186204
0.0124286
0.0059692
0.0008987
-0.0026419
-0.0051212
-0.0064679
-0.0065126
-0.0057671
-0.0045201
-0.0022449
0.0009322
0.0034584
0.0037636
0.0014202
-0.0025899
-0.0064862
-0.0085304
-0.0077173
-0.0044430
-0.0003668
0.0031407
0.0056427
0.0079047
0.0108480
0.0142948
0.0169461
0.0171922
0.0140046
0.0077671
0.0005275
-0.0048502
-0.0057558
-0.0013790
0.0065201
0.0144805
0.0188880
0.0174372
0.0097039
-0.0036596
-0.0210336
-0.0391114
-0.0539176
-0.0623321
-0.0628773
-0.0557144
-0.0425347
-0.0259526
-0.0088934
0.0051275
0.0122906
0.0105012
0.0008704
-0.0124704
-0.0237593
-0.0277847
-0.0220482
-0.0078452
0.0099901
0.0250929
0.0331191
0.0338098
0.0301191
0.0257532
0.0231732
0.0231375
0.0254417
0.0293347
0.0339877
0.0388299
0.0434733
0.0475074
0.0497566
0.0487430
0.0431324
0.0320356
0.0161349
-0.0021508
-0.0182842
-0.0265650
-0.0240153
-0.0121025
0.0045072
0.0201215
0.0301519
0.0325730
0.0286861
0.0220102
0.0158245
0.0118293
0.0098217
0.0086884
0.0077662
0.0072471
0.0078989
0.0107921
0.0164497
0.0243678
0.0331451
0.0409993
0.0461143
0.0468933
0.0434383
0.0379232
0.0332169
0.0319526
0.0346550
0.0400102
0.0459910
0.0502581
0.0513637
0.0488403
0.0427812
0.0329831
0.0188630
-0.0000858
-0.0231529
-0.0481921
-0.0727003
-0.0939684
-0.1097077
-0.1190920
-0.1229051
-0.1228072
-0.1208893
-0.1189449
-0.1179851
-0.1183972
-0.1195213
-0.1195980
-0.1163017
-0.1076360
-0.0928897
-0.0733431
-0.0518950
-0.0316988
-0.0151229
-0.0030694
0.0052442
0.0118957
0.0190044
0.0279248
0.0391641
0.0526999
0.0681140
0.0846196
0.1009309
0.1147157
0.1234107
0.1252832
0.1198482
0.1083584
0.0936070
0.0790083
0.0674517
0.0607836
0.0589957
0.0607481
0.0640980
0.0662437
0.0651273
0.0601074
0.0520464
0.0429548
0.0347112
0.0286675
0.0257161
0.0256849
0.0272695
0.0287247
0.0286509
0.0256742
0.0183964
0.0061736
-0.0104431
-0.0292425
-0.0472661
-0.0616227
-0.0702650
-0.0732034
-0.0724030
-0.0708758
-0.0717626
-0.0773225
-0.0882190
-0.1036920
-0.1218863
-0.1405556
-0.1575411
-0.1708077
-0.1781555
-0.1784228
-0.1724131
-0.1629859
-0.1545717
-0.1514967
-0.1558230
-0.1666981
-0.1807074
-0.1924451
-0.1956140
-0.1858256
-0.1627460
-0.1301972
-0.0956745
-0.0682914
-0.0553660
-0.0603618
-0.0816161
-0.1127023
-0.1441502
-0.1669206
-0.1760964
-0.1719738
-0.1582694
-0.1394525
-0.1195347
-0.1005432
-0.0815481
-0.0605770
-0.0369858
-0.0118568
0.0122831
0.0324200
0.0465761
0.0552195
0.0612910
0.0688888
0.0820178
0.1030250
0.1311119
0.1631246
0.1943944
0.2197036
0.2350177
0.2393845
0.2350842
0.2263202
0.2177832
0.2134323
0.2151200
0.2229881
0.2355104
0.2487423
0.2571132
0.2557823
0.2430649
0.2201125
0.1891317
0.1517900
0.1095387
0.0648357
0.0216084
-0.0151607
-0.0401924
-0.0489333
-0.0402008
-0.0180005
0.0089966
0.0299128
0.0346348
0.0173745
-0.0213831
-0.0754979
-0.1353838
-0.1909900
-0.2340611
-0.2594425
-0.2657947
-0.2554471
-0.2327288
-0.2019127
-0.1673960
-0.1336069
-0.1034198
-0.0778458
-0.0568683
-0.0406843
-0.0293831
-0.0225710
-0.0187857
-0.0152546
-0.0079362
0.0072164
0.0328018
0.0687495
0.1115023
0.1546396
0.1910131
0.2151215
0.2249547
0.2222396
0.2109700
0.1962238
0.1826581
0.1725027
0.1656057
0.1604571
0.1547263
0.1461921
0.1344531
0.1212754
0.1092723
0.1019307
0.1019252
0.1094713
0.1225029
0.1375147
0.1507699
0.1595569
0.1618530
0.1552046
0.1360313
0.1012405
0.0509098
-0.0106586
-0.0768922
-0.1410293
-0.1969362
-0.2395420
-0.2655101
-0.2737769
-0.2651575
-0.2414364
-0.2055195
-0.1617316
-0.1147934
-0.0695372
-0.0318202
-0.0072389
0.0015802
-0.0037153
-0.0168818
-0.0292786
-0.0331932
-0.0246177
-0.0041135
0.0236431
0.0515169
0.0722506
0.0812229
0.0777539
0.0646377
0.0463852
0.0273557
0.0112072
-0.0001834
-0.0072207
-0.0115891
-0.0144886
-0.0158378
-0.0147949
-0.0106823
-0.0030377
0.0086532
0.0244123
0.0431587
0.0624897
0.0784298
0.0863980
0.0834243
0.0702149
0.0510847
0.0315954
0.0162837
0.0084699
0.0101421
0.0211120
0.0400288
0.0645723
0.0913581
0.1170943
0.1393509
0.1561886
0.1661331
0.1675160
0.1577319
0.1344528
0.0979287
0.0522184
0.0047266
-0.0353428
-0.0595388
-0.0627711
-0.0451753
-0.0126308
0.0246789
0.0552371
0.0697559
0.0635306
0.0366316
-0.0061740
-0.0565897
-0.1060416
-0.1477339
-0.1767076
-0.1888008
-0.1803750
-0.1497338
-0.0994056
-0.0366277
0.0286588
0.0855410
0.1241131
0.1376650
0.1248181
0.0907064
0.0456536
0.0028706
-0.0259698
-0.0342592
-0.0213337
0.0078427
0.0441072
0.0770337
0.0982882
0.1034569
0.0922251
0.0676289
0.0347807
-0.0009262
-0.0352376
-0.0652357
-0.0888159
-0.1045218
-0.1113823
-0.1088776
-0.0971627
-0.0774704
-0.0522743
-0.0255609
-0.0018409
0.0153459
0.0237090
0.0223355
0.0122734
-0.0035933
-0.0213343
-0.0371407
-0.0479617
-0.0519752
-0.0490450
-0.0408499
-0.0308258
-0.0227800
-0.0204598
-0.0272010
-0.0442706
-0.0701001
-0.1017222
-0.1358124
-0.1685159
-0.1966226
-0.2184956
-0.2339339
-0.2441906
-0.2516525
-0.2587547
-0.2669074
-0.2762233
-0.2860204
-0.2952554
-0.3022304
-0.3048675
-0.3011308
-0.2893309
-0.2689896
-0.2413656
-0.2098819
-0.1794791
-0.1549401
-0.1399662
-0.1365343
-0.1439469
-0.1585815
-0.1752395
-0.1886953
-0.1938800
-0.1865206
-0.1646765
-0.1289793
-0.0823283
-0.0296494
0.0234662
0.0724767
0.1146368
0.1487411
0.1750603
0.1952629
0.2115292
0.2259431
0.2405347
0.2564933
0.2737798
0.2917975
0.3095754
0.3258302
0.3392614
0.3483057
0.3514717
0.3485586
0.3404478
0.3287823
0.3160620
0.3049384
0.2958190
0.2856187
0.2695619
0.2436313
0.2066827
0.1619802
0.1160847
0.0759004
0.0458458
0.0266601
0.0158350
0.0087380
0.0004409
-0.0125131
-0.0312965
-0.0547156
-0.0798913
-0.1032817
-0.1215056
-0.1323455
-0.1351980
-0.1311780
-0.1226935
-0.1129090
-0.1043163
-0.0977561
-0.0931521
-0.0901653
-0.0880579
-0.0862619
-0.0850676
-0.0845335
-0.0846842
-0.0856610
-0.0873718
-0.0891607
-0.0902852
-0.0896841
-0.0855668
-0.0765639
-0.0631731
-0.0476406
-0.0328524
-0.0214707
-0.0157480
-0.0164885
-0.0224387
-0.0311581
-0.0398268
-0.0457507
-0.0464530
-0.0401785
-0.0268261
-0.0082204
0.0130076
0.0344745
0.0543226
0.0719613
0.0876651
0.1021908
0.1167365
0.1317534
0.1463034
0.1581581
0.1645335
0.1629050
0.1517134
0.1314291
0.1049858
0.0765895
0.0498203
0.0272768
0.0104726
-0.0006762
-0.0080935
-0.0144171
-0.0221085
-0.0323835
-0.0446639
-0.0568431
-0.0661371
-0.0702058
-0.0679198
-0.0602616
-0.0501662
-0.0413732
-0.0368961
-0.0383828
-0.0456198
-0.0565635
-0.0672822
-0.0734741
-0.0724715
-0.0636470
-0.0475739
-0.0259534
-0.0009773
0.0245825
0.0479993
0.0669077
0.0787672
0.0821928
0.0775864
0.0670911
0.0544752
0.0435062
0.0359478
0.0308967
0.0260580
0.0192230
0.0088355
-0.0049568
-0.0200731
-0.0337707
-0.0437319
-0.0485362
-0.0484943
-0.0454221
-0.0409386
-0.0350579
-0.0269633
-0.0157441
-0.0010465
0.0163979
0.0353407
0.0539361
0.0698093
0.0810089
0.0869079
0.0881824
0.0862892
0.0837285
0.0834534
0.0874040
0.0961869
0.1090198
0.1240936
0.1392708
0.1522394
0.1614094
0.1658918
0.1653730
0.1599471
0.1496139
0.1340464
0.1131295
0.0872966
0.0583530
0.0299125
0.0065331
-0.0076186
-0.0108231
-0.0055197
0.0025570
0.0067947
0.0014187
-0.0166597
-0.0466257
-0.0842608
-0.1231485
-0.1564010
-0.1784633
-0.1867171
-0.1824313
-0.1700635
-0.1552551
-0.1431225
-0.1366937
-0.1363290
-0.1402634
-0.1451344
-0.1470360
-0.1432521
-0.1328601
-0.1170912
-0.0989948
-0.0820493
-0.0697292
-0.0645987
-0.0666490
-0.0739216
-0.0834535
-0.0918576
-0.0957349
-0.0928421
-0.0827053
-0.0666041
-0.0466358
-0.0255223
-0.0064044
0.0083907
0.0178444
0.0218903
0.0210573
0.0161534
0.0083425
-0.0011853
-0.0115064
-0.0215899
-0.0302606
-0.0364446
-0.0393156
-0.0384004
-0.0343680
-0.0287013
-0.0230675
-0.0188792
-0.0170352
-0.0176086
-0.0191100
-0.0199874
-0.0196500
-0.0175332
-0.0132468
-0.0074952
-0.0022857
0.0000817
-0.0013697
-0.0059708
-0.0115588
-0.0148530
-0.0126803
-0.0033538
0.0129042
0.0340587
0.0568063
0.0769619
0.0908945
0.0964767
0.0931980
0.0825020
0.0675595
0.0522302
0.0403048
0.0350241
0.0381825
0.0494186
0.0661369
0.0843415
0.0999067
0.1101703
0.1142007
0.1125563
0.1073779
0.1015764
0.0971965
0.0949622
0.0949573
0.0967300
0.0998395
0.1039818
0.1088595
0.1141131
0.1191739
0.1226367
0.1223260
0.1155902
0.1004291
0.0765620
0.0454450
0.0106276
-0.0233308
-0.0525068
-0.0744067
-0.0879694
-0.0932305
-0.0914082
-0.0848157
-0.0765899
-0.0695137
-0.0645356
-0.0608118
-0.0569603
-0.0518449
-0.0446187
-0.0352155
-0.0245789
-0.0144123
-0.0061483
-0.0005272
0.0022567
0.0021665
-0.0007051
-0.0055688
-0.0108996
-0.0150516
-0.0163327
-0.0133549
-0.0056395
0.0057082
0.0176696
0.0259571
0.0260233
0.0148235
-0.0075302
-0.0371141
-0.0674210
-0.0915708
-0.1043202
-0.1034150
-0.0902690
-0.0696361
-0.0478182
-0.0312019
-0.0242558
-0.0276439
-0.0388521
-0.0532494
-0.0650962
-0.0695282
-0.0647779
-0.0523255
-0.0358919
-0.0203488
-0.0101062
-0.0075310
-0.0123390
-0.0216698
-0.0311408
-0.0367122
-0.0361039
-0.0292836
-0.0183291
-0.0067370
0.0021066
0.0061651
0.0056338
0.0024856
-0.0003829
-0.0007621
0.0022401
0.0076433
0.0127485
0.0146178
0.0114366
0.0037291
-0.0061410
-0.0152274
-0.0206914
-0.0204813
-0.0137165
-0.0009483
0.0164896
0.0369682
0.0584758
0.0783238
0.0932781
0.1004958
0.0984312
0.0876538
0.0716404
0.0561377
0.0465573
0.0457851
0.0539728
0.0687413
0.0858146
0.0996732
0.1054785
0.1011499
0.0871916
0.0661488
0.0425733
0.0216127
0.0068265
-0.0001014
0.0009312
0.0079823
0.0175523
0.0262220
0.0319472
0.0336909
0.0316448
0.0270705
0.0209639
0.0137654
0.0057101
-0.0029019
-0.0116158
-0.0198958
-0.0273079
-0.0333977
-0.0379521
-0.0413042
-0.0434348
-0.0435562
-0.0413065
-0.0370859
-0.0316361
-0.0259532
-0.0207055
-0.0162123
-0.0128708
-0.0106143
-0.0087909
-0.0072415
-0.0067852
-0.0084179
-0.0122024
-0.0170581
-0.0214282
-0.0235578
-0.0223778
-0.0183603
-0.0126725
-0.0067418
-0.0023623
-0.0008681
-0.0028246
-0.0083215
-0.0161826
-0.0242221
-0.0308880
-0.0354399
-0.0372710
-0.0359744
-0.0320479
-0.0265923
-0.0206664
-0.0153430
-0.0118535
-0.0111991
-0.0136633
-0.0183712
-0.0240514
-0.0298631
-0.0350755
-0.0384143
-0.0385419
-0.0347398
-0.0274164
-0.0183574
-0.0094243
-0.0015798
0.0045427
0.0088595
0.0117510
0.0136911
0.0151016
0.0163502
0.0176001
0.0188610
0.0204758
0.0230528
0.0270297
0.0325397
0.0389277
0.0443462
0.0460916
0.0420404
0.0312327
0.0140955
-0.0069776
-0.0282688
-0.0462397
-0.0586092
-0.0650572
-0.0666489
-0.0651861
-0.0624798
-0.0600069
-0.0584935
-0.0573305
-0.0554094
-0.0526119
-0.0494941
-0.0464018
-0.0441500
-0.0430926
-0.0426912
-0.0415813
-0.0383487
-0.0321819
-0.0230502
-0.0113146
0.0026090
0.0182642
0.0346615
0.0500440
0.0625314
0.0710596
0.0753859
0.0757033
0.0729205
0.0682867
0.0629322
0.0575879
0.0525734
0.0482501
0.0447301
0.0412507
0.0368816
0.0317417
0.0259791
0.0193299
0.0118382
0.0045685
-0.0007853
-0.0034171
-0.0036956
-0.0021260
0.0005756
0.0035420
0.0055059
0.0049894
0.0013403
-0.0052061
-0.0136804
-0.0221017
-0.0278665
-0.0288731
-0.0248109
-0.0176716
-0.0109344
-0.0081512
-0.0111948
-0.0197261
-0.0315607
-0.0432952
-0.0517849
-0.0552363
-0.0535562
-0.0482692
-0.0421206
-0.0381519
-0.0385254
-0.0435922
-0.0520579
-0.0614103
-0.0686323
-0.0709972
-0.0667626
-0.0561192
-0.0418258
-0.0283110
-0.0193367
-0.0173553
-0.0235844
-0.0364868
-0.0523447
-0.0669451
-0.0765604
-0.0783969
-0.0715327
-0.0574335
-0.0395615
-0.0221754
-0.0087564
-0.0013673
-0.0007736
-0.0062419
-0.0151450
-0.0240173
-0.0304816
-0.0340156
-0.0348651
-0.0337358
-0.0317857
-0.0295514
-0.0264396
-0.0209152
-0.0115019
0.0015990
0.0160128
0.0280294
0.0343767
0.0333136
0.0246188
0.0104573
-0.0050595
-0.0175183
-0.0231342
-0.0198753
-0.0082410
0.0096089
0.0307198
0.0513433
0.0679542
0.0782691
0.0809577
0.0755934
0.0635241
0.0485614
0.0342154
0.0223949
0.0140947
0.0096421
0.0083035
0.0085648
0.0092176
0.0099460
0.0108471
0.0119604
0.0129087
0.0124265
0.0088689
0.0013559
-0.0092818
-0.0208037
-0.0301382
-0.0342375
-0.0313153
-0.0211993
-0.0057712
0.0117373
0.0280235
0.0404658
0.0475662
0.0493901
0.0469917
0.0418968
0.0359087
0.0308392
0.0283944
0.0296131
0.0348233
0.0434987
0.0542391
0.0652559
0.0747342
0.0810245
0.0834126
0.0822860
0.0784764
0.0729848
0.0669117
0.0613587
0.0569340
0.0538036
0.0523076
0.0525182
0.0542018
0.0571544
0.0611109
0.0658388
0.0706520
0.0750042
0.0786755
0.0813711
0.0827232
0.0824565
0.0802877
0.0760200
0.0699127
0.0626376
0.0548272
0.0475109
0.0422040
0.0399225
0.0409598
0.0450388
0.0508014
0.0556584
0.0565654
0.0511862
0.0390910
0.0220731
0.0030506
-0.0146110
-0.0273994
-0.0337370
-0.0343858
-0.0315364
-0.0277489
-0.0249540
-0.0240671
-0.0253937
-0.0286874
-0.0327639
-0.0363389
-0.0387600
-0.0394956
-0.0378690
-0.0336770
-0.0273705
-0.0204736
-0.0150660
-0.0127069
-0.0141449
-0.0190161
-0.0257339
-0.0317867
-0.0345013
-0.0321747
-0.0250236
-0.0142980
-0.0019339
0.0095790
0.0180872
0.0225604
0.0227746
0.0191549
0.0128494
0.0055446
-0.0013044
-0.0065680
-0.0096385
-0.0104884
-0.0097470
-0.0084433
-0.0076681
-0.0084426
-0.0111458
-0.0158764
-0.0222807
-0.0293099
-0.0357172
-0.0404986
-0.0432390
-0.0442742
-0.0444456
-0.0449545
-0.0471310
-0.0516080
-0.0581455
-0.0655053
-0.0719341
-0.0754650
-0.0748014
-0.0697276
-0.0611702
-0.0513310
-0.0432751
-0.0394257
-0.0403958
-0.0455517
-0.0527666
-0.0581074
-0.0574567
-0.0487481
-0.0325931
-0.0120594
0.0085653
0.0251174
0.0349320
0.0369780
0.0329349
0.0264379
0.0207756
0.0177907
0.0174209
0.0181761
0.0182983
0.0166168
0.0131480
0.0092421
0.0069931
0.0079628
0.0121081
0.0180921
0.0238661
0.0269875
0.0259256
0.0204897
0.0118879
0.0026680
-0.0038484
-0.0050854
-0.0002913
0.0091140
0.0200989
0.0287684
0.0316127
0.0269280
0.0158024
0.0012328
-0.0131809
-0.0241780
-0.0302077
-0.0319754
-0.0314666
-0.0302592
-0.0294617
-0.0296523
-0.0305386
-0.0313881
-0.0313842
-0.0300972
-0.0276768
-0.0242920
-0.0199995
-0.0150591
-0.0099169
-0.0052622
-0.0016729
0.0010997
0.0035991
0.0058256
0.0074452
0.0084734
0.0090427
0.0093680
0.0097214
0.0101097
0.0103881
0.0100444
0.0082777
0.0045390
-0.0006434
-0.0057618
-0.0091939
-0.0095072
-0.0061560
-0.0002268
0.0060685
0.0107253
0.0120784
0.0095472
0.0043452
-0.0012082
-0.0048406
-0.0046177
0.0003947
0.0091253
0.0187260
0.0258418
0.0276650
0.0228843
0.0123168
-0.0014009
-0.0148760
-0.0253086
-0.0310101
-0.0312331
-0.0268900
-0.0202716
-0.0137139
-0.0086161
-0.0057565
-0.0052194
-0.0067498
-0.0100703
-0.0145409
-0.0191669
-0.0228375
-0.0244436
-0.0228733
-0.0174011
-0.0087741
0.0010518
0.0097169
0.0150724
0.0159300
0.0121560
0.0049520
-0.0032460
-0.0099615
-0.0136177
-0.0140783
-0.0117116
-0.0073394
-0.0023469
0.0022490
0.0062189
0.0099488
0.0139954
0.0190715
0.0255628
0.0332448
0.0412910
0.0485245
0.0538598
0.0570190
0.0578329
0.0563934
0.0535654
0.0503337
0.0475688
0.0454838
0.0441159
0.0435886
0.0438810
0.0445700
0.0446917
0.0436279
0.0414676
0.0386149
0.0355701
0.0325712
0.0295604
0.0263302
0.0226683
0.0183999
0.0134838
0.0082898
0.0033182
-0.0007278
-0.0035955
-0.0054818
-0.0062790
-0.0058182
-0.0042333
-0.0011258
0.0032049
0.0074422
0.0104174
0.0113925
0.0100503
0.0065846
0.0015812
-0.0041639
-0.0095499
-0.0135857
-0.0159081
-0.0169040
-0.0171439
-0.0169993
-0.0166367
-0.0163064
-0.0164481
-0.0173543
-0.0193750
-0.0228830
-0.0274603
-0.0321718
-0.0359766
-0.0378178
-0.0372229
-0.0343435
-0.0299858
-0.0255047
-0.0221784
-0.0209756
-0.0223901
-0.0261164
-0.0311450
-0.0358387
-0.0381132
-0.0364091
-0.0302798
-0.0201121
-0.0075300
0.0049601
0.0144660
0.0189158
0.0174640
0.0104374
-0.0006730
-0.0134360
-0.0252202
-0.0339929
-0.0389618
-0.0400058
-0.0377658
-0.0341706
-0.0312431
-0.0305474
-0.0327720
-0.0377687
-0.0446902
-0.0523149
-0.0595115
-0.0655624
-0.0703390
-0.0738545
-0.0762568
-0.0775160
-0.0777589
-0.0768976
-0.0745895
-0.0706897
-0.0648919
-0.0572398
-0.0482769
-0.0386511
-0.0291779
-0.0210444
-0.0156706
-0.0136946
-0.0147810
-0.0180138
-0.0217949
-0.0240783
-0.0229839
-0.0173549
-0.0072812
0.0058817
0.0199299
0.0321774
0.0401879
0.0430039
0.0420853
0.0396335
0.0377805
0.0381055
0.0413099
0.0471005
0.0537488
0.0590602
0.0615735
0.0606929
0.0567881
0.0511151
0.0450700
0.0396041
0.0350134
0.0309866
0.0267630
0.0215973
0.0152309
0.0078983
0.0001396
-0.0071450
-0.0125316
-0.0144446
-0.0120362
-0.0055443
0.0041823
0.0156856
0.0268923
0.0358312
0.0410513
0.0419034
0.0383155
0.0314254
0.0235026
0.0171300
0.0145094
0.0165353
0.0235281
0.0344685
0.0464281
0.0564025
0.0619669
0.0614703
0.0542937
0.0411211
0.0246399
0.0087216
-0.0031974
-0.0092187
-0.0089603
-0.0033658
0.0054928
0.0147822
0.0217887
0.0247398
0.0229752
0.0173715
0.0099698
0.0027310
-0.0027512
-0.0052870
-0.0048544
-0.0024869
0.0002363
0.0013250
-0.0002779
-0.0036999
-0.0073277
-0.0098966
-0.0103466
-0.0080978
-0.0034554
0.0024658
0.0083220
0.0126941
0.0148712
0.0152306
0.0141886
0.0118883
0.0086580
0.0054863
0.0034504
0.0029178
0.0040297
0.0068581
0.0109285
0.0151117
0.0176234
0.0166623
0.0114364
0.0026066
-0.0083236
-0.0193019
-0.0276550
-0.0317795
-0.0318180
-0.0287322
-0.0238315
-0.0188383
-0.0152004
-0.0136584
-0.0141369
-0.0162262
-0.0197459
-0.0238756
-0.0269189
-0.0273671
-0.0243592
-0.0176991
-0.0082385
0.0022335
0.0110629
0.0155949
0.0146191
0.0087465
-0.0001847
-0.0094973
-0.0163067
-0.0185958
-0.0157973
-0.0089412
-0.0002289
0.0081787
0.0146514
0.0180197
0.0174935
0.0135651
0.0082297
0.0034869
0.0009071
0.0016378
0.0059181
0.0128790
0.0204242
0.0257021
0.0270683
0.0245683
0.0190224
0.0118652
0.0050084
-0.0001125
-0.0030230
-0.0044053
-0.0057032
-0.0083497
-0.0131338
-0.0204054
-0.0300121
-0.0406587
-0.0504319
-0.0576337
-0.0612410
-0.0607823
-0.0564351
-0.0490621
-0.0405642
-0.0332289
-0.0286087
-0.0272628
-0.0287756
-0.0320231
-0.0352501
-0.0365612
-0.0347735
-0.0299554
-0.0230031
-0.0147806
-0.0063803
0.0009386
0.0062356
0.0095114
0.0106247
0.0094661
0.0066211
0.0034357
0.0009628
-0.0004638
-0.0003388
0.0016276
0.0047292
0.0075780
0.0091508
0.0090621
0.0076188
0.0054941
0.0033204
0.0020289
0.0016817
0.0015096
0.0007346
-0.0008370
-0.0029565
-0.0051699
-0.0067333
-0.0066936
-0.0043736
0.0001697
0.0064378
0.0134151
0.0197474
0.0244277
0.0270040
0.0275900
0.0270833
0.0260704
0.0249729
0.0245617
0.0253525
0.0272398
0.0298336
0.0324686
0.0344355
0.0354828
0.0354888
0.0343809
0.0323746
0.0297070
0.0265088
0.0229394
0.0190581
0.0148657
0.0107394
0.0072142
0.0046410
0.0031681
0.0028832
0.0035062
0.0040238
0.0035839
0.0020248
-0.0008590
-0.0053994
-0.0111253
-0.0167354
-0.0208605
-0.0231882
-0.0238325
-0.0227566
-0.0201236
-0.0165753
-0.0133013
-0.0113027
-0.0108521
-0.0117578
-0.0133904
-0.0150280
-0.0158951
-0.0151660
-0.0123707
-0.0076798
-0.0015555
0.0052326
0.0116394
0.0165390
0.0189383
0.0183275
0.0151550
0.0102081
0.0042367
-0.0016439
-0.0063688
-0.0092757
-0.0102169
-0.0092284
-0.0066960
-0.0036918
-0.0010132
0.0010366
0.0021529
0.0018467
0.0000162
-0.0025141
-0.0044673
-0.0045141
-0.0023784
0.0013509
0.0060793
0.0108505
0.0141232
0.0147397
0.0127480
0.0083703
0.0023246
-0.0039223
-0.0088218
-0.0114645
-0.0118070
-0.0104182
-0.0081482
-0.0057312
-0.0038668
-0.0029395
-0.0021912
-0.0010560
0.0004862
0.0025582
0.0051471
0.0081645
0.0110913
0.0130983
0.0135935
0.0124171
0.0098220
0.0064994
0.0033556
0.0011520
0.0004331
0.0010418
0.0023441
0.0035360
0.0038817
0.0030097
0.0009157
-0.0016384
-0.0033742
-0.0032082
-0.0006168
0.0043068
0.0109099
0.0182973
0.0251024
0.0297252
0.0311145
0.0294608
0.0256274
0.0203046
0.0142478
0.0084581
0.0039376
0.0009166
-0.0007877
-0.0011591
-0.0003384
0.0011551
0.0023252
0.0023235
0.0007840
-0.0022320
-0.0064294
-0.0112118
-0.0155228
-0.0182381
-0.0189689
-0.0178221
-0.0150672
-0.0113558
-0.0074973
-0.0040398
-0.0010711
0.0013963
0.0033924
0.0055416
0.0082097
0.0111176
0.0142684
0.0178135
0.0211133
0.0230482
0.0228348
0.0201550
0.0149806
0.0079330
0.0004340
-0.0067512
-0.0133377
-0.0188334
-0.0230295
-0.0262704
-0.0290134
-0.0314030
-0.0331445
-0.0341643
-0.0346244
-0.0344719
-0.0336792
-0.0328434
-0.0326777
-0.0327493
-0.0324690
-0.0316519
-0.0301313
-0.0276697
-0.0241156
-0.0202254
-0.0173459
-0.0160053
-0.0157118
-0.0156572
-0.0149610
-0.0130117
-0.0094488
-0.0042382
0.0016481
0.0067548
0.0100386
0.0112869
0.0105805
0.0081965
0.0053041
0.0039280
0.0051178
0.0084104
0.0131457
0.0182703
0.0222536
0.0237691
0.0222085
0.0176546
0.0111975
0.0042102
-0.0024387
-0.0079838
-0.0119809
-0.0142672
-0.0150063
-0.0143472
-0.0122983
-0.0092670
-0.0061864
-0.0037780
-0.0022847
-0.0016863
-0.0017447
-0.0020874
-0.0021899
-0.0012905
0.0013545
0.0055840
0.0105967
0.0158333
0.0206959
0.0245112
0.0268699
0.0277668
0.0274616
0.0262074
0.0243975
0.0226731
0.0213262
0.0203297
0.0194394
0.0183564
0.0171402
0.0160323
0.0151484
0.0141927
0.0128435
0.0106213
0.0071995
0.0028930
-0.0019803
-0.0070716
-0.0114757
-0.0139668
-0.0136762
-0.0109119
-0.0063924
-0.0007497
0.0047907
0.0091742
0.0120225
0.0131595
0.0124188
0.0109756
0.0102063
0.0103518
0.0113351
0.0134541
0.0164200
0.0193938
0.0215658
0.0223423
0.0216171
0.0195902
0.0166491
0.0133357
0.0101488
0.0071573
0.0040168
0.0004829
-0.0031943
-0.0066849
-0.0100611
-0.0131393
-0.0155223
-0.0170439
-0.0176102
-0.0174029
-0.0163292
-0.0140962
-0.0107460
-0.0066340
-0.0021110
0.0025825
0.0068281
0.0100751
0.0123659
0.0138968
0.0145208
0.0142595
0.0133883
0.0120915
0.0104310
0.0080755
0.0045121
-0.0002048
-0.0056747
-0.0112913
-0.0167464
-0.0220180
-0.0264991
-0.0294082
-0.0303768
-0.0299540
-0.0285190
-0.0260831
-0.0227358
-0.0187882
-0.0140202
-0.0080702
-0.0010581
0.0065596
0.0139187
0.0203817
0.0251666
0.0275887
0.0277466
0.0261989
0.0236344
0.0207174
0.0179550
0.0160120
0.0150464
0.0146235
0.0142695
0.0137524
0.0129831
0.0119297
0.0105043
0.0085942
0.0064670
0.0046067
0.0031489
0.0018412
0.0006914
-0.0000720
-0.0004898
-0.0006022
-0.0005781
-0.0007100
-0.0009362
-0.0012738
-0.0019088
-0.0024159
-0.0020931
-0.0007944
0.0010700
0.0035857
0.0063859
0.0084936
0.0092004
0.0082580
0.0059479
0.0030364
0.0004978
-0.0007815
-0.0000344
0.0028733
0.0071624
0.0119061
0.0164002
0.0198701
0.0214126
0.0208485
0.0189848
0.0167214
0.0145176
0.0122596
0.0100656
0.0084367
0.0073585
0.0062140
0.0046502
0.0026065
-0.0000751
-0.0039560
-0.0089858
-0.0144736
-0.0199180
-0.0247815
-0.0286189
-0.0313616
-0.0326920
-0.0323433
-0.0304362
-0.0274582
-0.0238195
-0.0198529
-0.0160722
-0.0130156
-0.0107439
-0.0090467
-0.0078257
-0.0067824
-0.0055088
-0.0036870
-0.0011733
0.0017182
0.0043326
0.0061755
0.0069609
0.0065439
0.0046759
0.0015469
-0.0022368
-0.0058081
-0.0088652
-0.0111462
-0.0121347
-0.0121346
-0.0120090
-0.0121714
-0.0128169
-0.0142426
-0.0164260
-0.0187364
-0.0204923
-0.0211245
-0.0203635
-0.0182748
-0.0152495
-0.0119127
-0.0086285
-0.0058419
-0.0038856
-0.0027777
-0.0021837
-0.0016296
-0.0007922
0.0006480
0.0030332
0.0063125
0.0099347
0.0135042
0.0170972
0.0204660
0.0227463
0.0230823
0.0213255
0.0178499
0.0128368
0.0069705
0.0010722
-0.0043203
-0.0087179
-0.0117140
-0.0132567
-0.0140104
-0.0147805
-0.0163649
-0.0187479
-0.0216679
-0.0249786
-0.0283864
-0.0312285
-0.0329438
-0.0335938
-0.0334539
-0.0323236
-0.0296859
-0.0253012
-0.0192919
-0.0119241
-0.0038837
0.0037536
0.0097868
0.0134792
0.0148045
0.0144061
0.0134244
0.0130556
0.0142700
0.0176278
0.0226103
0.0278177
0.0315387
0.0329016
0.0317219
0.0279885
0.0221805
0.0153424
0.0086465
0.0033578
0.0005009
0.0002247
0.0022302
0.0057294
0.0090978
0.0110036
0.0112350
0.0098443
0.0068873
0.0030149
-0.0006074
-0.0026880
-0.0024422
-0.0001324
0.0035548
0.0076132
0.0107779
0.0116336
0.0095676
0.0052646
-0.0000653
-0.0052967
-0.0091719
-0.0101015
-0.0078291
-0.0034298
0.0017922
0.0066252
0.0097214
0.0100761
0.0075434
0.0026813
-0.0034140
-0.0092916
-0.0135706
-0.0153638
-0.0145915
-0.0119179
-0.0086519
-0.0060925
-0.0051637
-0.0061823
-0.0092570
-0.0142927
-0.0200137
-0.0244849
-0.0263272
-0.0252407
-0.0216120
-0.0157375
-0.0085112
-0.0014411
0.0039720
0.0069232
0.0072465
0.0051290
0.0015865
-0.0020963
-0.0048341
-0.0059580
-0.0052066
-0.0027713
0.0007442
0.0043056
0.0066688
0.0068539
0.0047123
0.0003911
-0.0057898
-0.0127970
-0.0192132
-0.0240224
-0.0265309
-0.0263934
-0.0237890
-0.0194829
-0.0144539
-0.0097368
-0.0061572
-0.0041099
-0.0034953
-0.0039342
-0.0049000
-0.0052157
-0.0040070
-0.0014888
0.0021322
0.0069001
0.0115699
0.0144738
0.0147329
0.0124254
0.0083245
0.0033929
-0.0014408
-0.0048512
-0.0057622
-0.0042536
-0.0014468
0.0016317
0.0042219
0.0055369
0.0051396
0.0028924
-0.0006516
-0.0045996
-0.0083900
-0.0113408
-0.0127409
-0.0123475
-0.0102947
-0.0068113
-0.0025071
0.0017198
0.0051184
0.0072092
0.0079045
0.0075265
0.0069038
0.0068549
0.0080034
0.0103911
0.0138201
0.0177979
0.0211528
0.0231170
0.0239595
0.0235298
0.0217657
0.0193991
0.0172638
0.0156109
0.0143590
0.0134617
0.0125838
0.0112591
0.0091568
0.0063914
0.0034186
0.0009755
-0.0003447
-0.0003030
0.0008031
0.0024929
0.0044065
0.0058990
0.0063206
0.0052856
0.0027244
-0.0006772
-0.0039532
-0.0064936
-0.0080655
-0.0085496
-0.0079525
-0.0069221
-0.0058372
-0.0047476
-0.0041306
-0.0043748
-0.0052736
-0.0066075
-0.0082758
-0.0096919
-0.0102565
-0.0099551
-0.0090443
-0.0076699
-0.0059790
-0.0044761
-0.0037207
-0.0039621
-0.0050365
-0.0064967
-0.0078812
-0.0090706
-0.0098919
-0.0101168
-0.0099498
-0.0097372
-0.0098147
-0.0102240
-0.0107500
-0.0110466
-0.0108577
-0.0103081
-0.0096734
-0.0092402
-0.0095043
-0.0106852
-0.0119779
-0.0129966
-0.0138341
-0.0142351
-0.0138322
-0.0127873
-0.0115208
-0.0101397
-0.0085751
-0.0067049
-0.0044715
-0.0022954
-0.0005166
0.0007885
0.0016756
0.0021875
0.0024002
0.0025846
0.0032314
0.0044404
0.0058771
0.0073152
0.0086768
0.0100794
0.0111241
0.0113619
0.0108790
0.0100604
0.0092932
0.0087120
0.0081627
0.0076284
0.0073138
0.0069777
0.0062411
0.0051531
0.0040315
0.0031267
0.0025277
0.0026873
0.0037320
0.0052710
0.0069277
0.0086413
0.0101142
0.0111442
0.0116930
0.0115552
0.0107816
0.0097435
0.0086411
0.0075809
0.0068397
0.0066517
0.0071792
0.0083505
0.0096132
0.0103344
0.0098867
0.0082789
0.0063904
0.0049948
0.0045882
0.0056831
0.0082571
0.0116612
0.0147519
0.0161629
0.0152199
0.0120918
0.0074717
0.0021971
-0.0024932
-0.0054645
-0.0063250
-0.0059831
-0.0056781
-0.0059689
-0.0069588
-0.0084336
-0.0099014
-0.0111355
-0.0115803
-0.0106248
-0.0088309
-0.0071872
-0.0058331
-0.0049293
-0.0049242
-0.0056139
-0.0065583
-0.0076779
-0.0086793
-0.0091271
-0.0087925
-0.0075424
-0.0055086
-0.0031646
-0.0013483
-0.0004888
-0.0003743
-0.0008774
-0.0020022
-0.0033253
-0.0043328
-0.0046116
-0.0042135
-0.0036822
-0.0029674
-0.0021108
-0.0013597
-0.0004651
0.0007238
0.0020887
0.0032553
0.0037887
0.0036407
0.0027019
0.0008085
-0.0017278
-0.0042805
-0.0062175
-0.0069017
-0.0060177
-0.0039394
-0.0010511
0.0019357
0.0040597
0.0050766
0.0051808
0.0048137
0.0047007
0.0052991
0.0066220
0.0083262
0.0100387
0.0113119
0.0120965
0.0128296
0.0139177
0.0155577
0.0178531
0.0204715
0.0225833
0.0236467
0.0236155
0.0227800
0.0215139
0.0201433
0.0190845
0.0186386
0.0184063
0.0178127
0.0165753
0.0147056
0.0122679
0.0093191
0.0064461
0.0044379
0.0035593
0.0036393
0.0041416
0.0046297
0.0049784
0.0051192
0.0048221
0.0038766
0.0030872
0.0028196
0.0022301
0.0012850
0.0008488
0.0010970
0.0016200
0.0019650
0.0019629
0.0017168
0.0010606
-0.0004089
-0.0027755
-0.0056438
-0.0085675
-0.0113799
-0.0140605
-0.0164299
-0.0177013
-0.0176709
-0.0169553
-0.0162460
-0.0157525
-0.0154329
-0.0154294
-0.0157076
-0.0160252
-0.0158801
-0.0149491
-0.0133404
-0.0113019
-0.0090713
-0.0069639
-0.0053163
-0.0045531
-0.0046624
-0.0051013
-0.0054167
-0.0056815
-0.0060253
-0.0064715
-0.0072358
-0.0083258
-0.0094969
-0.0104184
-0.0106416
-0.0100120
-0.0088501
-0.0072365
-0.0054218
-0.0042973
-0.0042013
-0.0050199
-0.0065791
-0.0085962
-0.0106350
-0.0122376
-0.0131097
-0.0130847
-0.0123637
-0.0109929
-0.0091401
-0.0071676
-0.0053081
-0.0036747
-0.0019890
-0.0000547
0.0017481
0.0030559
0.0040745
0.0050995
0.0061219
0.0069327
0.0075011
0.0078058
0.0077080
0.0073165
0.0068099
0.0060531
0.0051936
0.0043566
0.0034783
0.0026166
0.0017466
0.0004650
-0.0012495
-0.0029701
-0.0045143
-0.0058341
-0.0066150
-0.0068207
-0.0066517
-0.0061597
-0.0055834
-0.0050911
-0.0046972
-0.0042884
-0.0037145
-0.0028638
-0.0016840
0.0000213
0.0020459
0.0041525
0.0061146
0.0076889
0.0085897
0.0087709
0.0082876
0.0076249
0.0072521
0.0071290
0.0079098
0.0098728
0.0126136
0.0155469
0.0181827
0.0201171
0.0206954
0.0197088
0.0173107
0.0137401
0.0097174
0.0061334
0.0035466
0.0020632
0.0015140
0.0017831
0.0022784
0.0021022
0.0013253
-0.0002351
-0.0028730
-0.0061686
-0.0090343
-0.0112200
-0.0120305
-0.0115889
-0.0097586
-0.0070310
-0.0045556
-0.0031794
-0.0030205
-0.0035074
-0.0041375
-0.0046316
-0.0048163
-0.0045754
-0.0037667
-0.0022531
-0.0001794
0.0019873
0.0038511
0.0054779
0.0069529
0.0082031
0.0093374
0.0103140
0.0110910
0.0116141
0.0117431
0.0116075
0.0113796
0.0108560
0.0100397
0.0094435
0.0093777
0.0098371
0.0108876
0.0125044
0.0144517
0.0160246
0.0163047
0.0152007
0.0130209
0.0100603
0.0067644
0.0038007
0.0017302
0.0007247
0.0007139
0.0013204
0.0018602
0.0018439
0.0012017
0.0001131
-0.0012690
-0.0025952
-0.0038098
-0.0052624
-0.0064623
-0.0068951
-0.0068262
-0.0062838
-0.0051183
-0.0037470
-0.0024387
-0.0012831
-0.0006387
-0.0007313
-0.0014489
-0.0027646
-0.0044595
-0.0059999
-0.0069384
-0.0068495
-0.0055403
-0.0033112
-0.0008057
0.0013159
0.0023689
0.0019405
0.0002247
-0.0021600
-0.0046216
-0.0065770
-0.0074658
-0.0069532
-0.0052357
-0.0031034
-0.0012816
-0.0003669
-0.0007740
-0.0025691
-0.0054101
-0.0085447
-0.0110620
-0.0126122
-0.0130418
-0.0122294
-0.0105101
-0.0083900
-0.0062003
-0.0042087
-0.0028105
-0.0023901
-0.0026082
-0.0032429
-0.0043605
-0.0057338
-0.0068640
-0.0074027
-0.0071775
-0.0059538
-0.0036727
-0.0007799
0.0019522
0.0037698
0.0040453
0.0026983
0.0002945
-0.0022099
-0.0039772
-0.0043668
-0.0029949
-0.0002560
0.0029402
0.0056831
0.0071553
0.0069298
0.0052003
0.0025869
-0.0001291
-0.0020335
-0.0025807
-0.0017845
0.0000200
0.0021453
0.0039736
0.0049442
0.0050556
0.0045027
0.0033036
0.0016446
-0.0001081
-0.0014710
-0.0019818
-0.0016368
-0.0006860
0.0005727
0.0017108
0.0021816
0.0017543
0.0004965
-0.0013631
-0.0035722
-0.0057186
-0.0074055
-0.0084738
-0.0089287
-0.0088728
-0.0085935
-0.0083988
-0.0085358
-0.0091206
-0.0099843
-0.0107511
-0.0111906
-0.0112815
-0.0108983
-0.0098175
-0.0080606
-0.0061287
-0.0044594
-0.0030077
-0.0017818
-0.0010135
-0.0006571
-0.0003815
-0.0000530
0.0002948
0.0006689
0.0009398
0.0009592
0.0008760
0.0008448
0.0006130
0.0001492
-0.0001714
-0.0001442
0.0001423
0.0005049
0.0010871
0.0021556
0.0035727
0.0050235
0.0062790
0.0073360
0.0083353
0.0090864
0.0093028
0.0091383
0.0088813
0.0083587
0.0075118
0.0068023
0.0062439
0.0055801
0.0048259
0.0041319
0.0036529
0.0032345
0.0025936
0.0017815
0.0010399
0.0005026
0.0002385
0.0002843
0.0006090
0.0010284
0.0013660
0.0015233
0.0014895
0.0013155
0.0009750
0.0004750
-0.0000122
-0.0002667
-0.0002246
-0.0000397
0.0001803
0.0003755
0.0003545
-0.0000160
-0.0006939
-0.0013987
-0.0018438
-0.0021116
-0.0023113
-0.0023872
-0.0023104
-0.0020472
-0.0016242
-0.0011624
-0.0006494
-0.0001203
0.0003549
0.0007666
0.0011398
0.0015181
0.0019403
0.0023183
0.0026106
0.0029614
0.0034009
0.0038014
0.0040521
0.0041086
0.0039338
0.0035402
0.0030044
0.0024109
0.0018165
0.0013139
0.0009677
0.0007962
0.0007670
0.0007970
0.0008043
0.0007765
0.0007027
0.0005575
0.0002967
-0.0000619
-0.0004045
-0.0006347
-0.0007253
-0.0006967
-0.0005229
-0.0002307
0.0000650
0.0002591
0.0002823
0.0001540
-0.0000879
-0.0004118
-0.0007601
-0.0010568
-0.0012241
-0.0012671
-0.0012514
-0.0012256
-0.0011965
-0.0011609
-0.0011232
-0.0010991
-0.0010969
-0.0011016
-0.0011128
-0.0011127
-0.0010746
-0.0009951
-0.0008941
-0.0007875
-0.0006711
-0.0005250
-0.0003655
-0.0002132
-0.0000876
-0.0000069
0.0000265
0.0000467
0.0000937
0.0001833
0.0003087
0.0004409
0.0005570
0.0006341
0.0006527
0.0006146
0.0005401
0.0004568
0.0003851
0.0003334
0.0003033
0.0002814
0.0002529
0.0001922
0.0000865
-0.0000486
-0.0001899
-0.0003211
-0.0004288
-0.0004957
-0.0005213
-0.0005187
-0.0005064
-0.0004998
-0.0005019
-0.0005036
-0.0005006
-0.0004960
-0.0004873
-0.0004643
-0.0004314
-0.0004011
-0.0003779
-0.0003619
-0.0003507
-0.0003406
-0.0003262
-0.0003060
-0.0002848
-0.0002688
-0.0002606
-0.0002612
-0.0002690
-0.0002814
-0.0002956
-0.0003085
-0.0003191
-0.0003257
-0.0003274
-0.0003247
-0.0003172
-0.0003045
-0.0002904
-0.0002770
-0.0002641
-0.0002518
-0.0002394
-0.0002268
-0.0002140
-0.0002006
-0.0001862
-0.0001713
-0.0001568
-0.0001431
-0.0001300
-0.0001182
-0.0001080
-0.0000989
-0.0000908
-0.0000833
-0.0000760
-0.0000688
-0.0000620
-0.0000554
-0.0000490
-0.0000426
-0.0000361
-0.0000294
-0.0000224
-0.0000153
-0.0000083
-0.0000012
0.0000056
0.0000123
0.0000190
0.0000256
0.0000322
0.0000387
0.0000453
0.0000519
0.0000585
0.0000651
0.0000716
0.0000779
0.0000842
0.0000904
0.0000965
0.0001025
0.0001084
