0.0000072
0.0000072
0.0000072
0.0000072
0.0000072
0.0000072
0.0000074
0.0000075
0.0000071
0.0000067
0.0000071
0.0000081
0.0000083
0.0000074
0.0000063
0.0000064
0.0000065
0.0000052
0.0000049
0.0000070
0.0000088
0.0000090
0.0000076
0.0000066
0.0000013
-0.0000105
-0.0000110
0.0000015
0.0000123
0.0000138
0.0000041
0.0000045
0.0000191
0.0000164
0.0000048
0.0000109
0.0000246
0.0000235
0.0000105
0.0000027
0.0000105
0.0000217
0.0000111
-0.0000060
-0.0000010
0.0000143
0.0000115
-0.0000073
-0.0000089
0.0000063
0.0000113
-0.0000002
-0.0000155
-0.0000172
0.0000151
0.0000278
0.0000017
-0.0000226
-0.0000091
0.0000266
0.0000285
0.0000037
-0.0000054
0.0000143
0.0000225
-0.0000332
-0.0000467
0.0000125
0.0000482
0.0000417
0.0000073
-0.0000149
-0.0000095
-0.0000271
-0.0000366
-0.0000321
-0.0000161
-0.0000258
-0.0001210
-0.0001559
-0.0000289
0.0000816
0.0000544
-0.0000093
-0.0000602
-0.0000380
-0.0000027
-0.0000229
-0.0000195
0.0000072
-0.0000289
-0.0001153
-0.0001000
0.0000213
0.0001119
0.0001170
0.0000721
0.0000624
0.0001183
0.0000465
-0.0001109
-0.0000995
0.0000134
0.0000070
-0.0000761
-0.0000561
0.0000392
0.0001075
0.0000499
-0.0000469
-0.0000810
-0.0000158
0.0000389
0.0000143
-0.0000094
-0.0000128
-0.0000146
0.0000267
0.0001043
0.0001269
0.0001226
0.0001583
0.0001561
0.0000437
-0.0000493
-0.0000678
-0.0000302
0.0000671
0.0001193
0.0000602
-0.0000301
-0.0000322
0.0000906
0.0001917
0.0001700
0.0000263
-0.0000759
-0.0000714
-0.0000080
0.0000621
0.0001096
0.0001177
0.0000985
0.0002120
0.0002562
0.0001346
0.0000499
0.0000353
0.0000007
-0.0001103
-0.0001338
-0.0000376
0.0000196
0.0000233
0.0000077
0.0000422
0.0000386
-0.0000079
-0.0000088
-0.0000015
-0.0000142
-0.0000800
-0.0000978
-0.0000391
-0.0000130
-0.0000411
-0.0000591
-0.0000822
-0.0000633
0.0000263
0.0000172
-0.0000487
-0.0000219
0.0000004
-0.0000338
-0.0000858
-0.0000884
-0.0000238
-0.0000101
-0.0000665
-0.0001206
-0.0001898
-0.0002764
-0.0001359
0.0000709
0.0000564
-0.0000043
0.0000281
0.0000420
0.0000062
0.0000433
0.0000960
0.0000909
0.0000118
-0.0000408
-0.0000098
0.0000687
0.0001592
0.0002935
0.0002866
-0.0000699
-0.0003947
-0.0003263
0.0000269
0.0002641
0.0001878
0.0000574
0.0000640
0.0000854
-0.0000042
-0.0001389
-0.0000961
0.0000133
-0.0000711
-0.0002307
-0.0001151
0.0001122
0.0000571
-0.0000995
-0.0001888
-0.0001504
-0.0000509
-0.0000422
-0.0000843
-0.0001460
-0.0001795
-0.0002341
-0.0002923
-0.0001407
0.0000928
0.0000883
-0.0001020
-0.0002550
-0.0000660
0.0001750
0.0002110
0.0001377
0.0001112
0.0001748
0.0001796
0.0000395
0.0000064
0.0002106
0.0002576
0.0001705
0.0001047
0.0001231
0.0001114
0.0000492
0.0000162
-0.0000510
-0.0001088
-0.0000610
-0.0000371
-0.0001717
-0.0002698
-0.0001180
-0.0000438
-0.0001053
-0.0000046
0.0001170
0.0000183
-0.0000892
0.0001320
0.0002935
0.0000245
-0.0002215
-0.0002096
-0.0002102
-0.0003929
-0.0003282
-0.0000129
0.0000773
-0.0000189
-0.0000128
0.0001120
0.0001438
0.0001344
0.0001569
0.0000577
-0.0001140
-0.0001391
-0.0000331
0.0001018
0.0001984
0.0002457
0.0002235
0.0001515
0.0000894
0.0000007
-0.0000283
0.0000465
0.0000981
0.0001034
-0.0000613
-0.0004781
-0.0004720
-0.0000440
0.0001845
0.0001216
0.0000903
0.0001499
0.0000928
-0.0000964
-0.0002076
-0.0002308
-0.0001414
0.0000193
0.0001438
0.0002190
0.0001193
-0.0000287
-0.0000260
0.0000221
0.0000319
0.0000415
0.0000576
-0.0000057
-0.0000437
-0.0000686
-0.0000915
0.0000133
0.0000733
-0.0000189
-0.0001403
-0.0001292
-0.0000174
0.0001065
0.0002224
0.0003240
0.0002336
-0.0001445
-0.0004067
-0.0002497
0.0000117
-0.0000080
-0.0001731
-0.0002046
-0.0000542
0.0000278
0.0000262
0.0002005
0.0002945
0.0001937
0.0000006
-0.0001827
-0.0001809
-0.0000614
-0.0000157
-0.0000095
0.0000031
0.0000619
0.0001053
0.0001725
0.0003244
0.0003144
0.0000823
-0.0001013
-0.0001223
0.0000098
0.0001326
-0.0000620
-0.0002634
-0.0001969
-0.0000492
-0.0000526
-0.0000308
0.0001496
0.0003220
0.0002327
0.0000922
0.0000117
-0.0001377
-0.0002098
-0.0000940
0.0000033
-0.0001529
-0.0001736
0.0000523
0.0001370
-0.0000707
-0.0002461
-0.0001153
0.0001095
0.0002080
0.0001662
0.0000513
-0.0000120
0.0000693
0.0001227
0.0000014
-0.0000987
0.0000317
0.0001940
0.0001287
0.0000382
-0.0000144
-0.0000740
-0.0000898
-0.0000848
-0.0000381
0.0000450
0.0002218
0.0002414
0.0000149
-0.0001026
0.0000976
0.0003779
0.0003321
-0.0000215
-0.0001981
-0.0000717
0.0001784
0.0002591
0.0000866
-0.0000937
-0.0001477
-0.0000599
0.0001052
0.0002068
0.0002039
0.0001277
0.0000397
0.0000241
0.0000375
0.0000968
0.0000155
-0.0001106
0.0000150
0.0001857
0.0001571
-0.0000191
-0.0001334
-0.0000529
0.0000913
0.0000663
-0.0000394
0.0000613
0.0003162
0.0003527
0.0000076
-0.0003140
-0.0002773
-0.0001989
-0.0004106
-0.0002887
0.0001654
0.0002665
0.0000035
-0.0002437
-0.0002633
-0.0000940
0.0000702
0.0000794
0.0000084
0.0000503
0.0000474
-0.0001008
-0.0001292
-0.0000447
-0.0000680
-0.0002267
-0.0003217
-0.0001341
0.0000826
0.0001492
0.0000476
-0.0000695
-0.0001028
-0.0000807
-0.0000296
-0.0001309
-0.0002243
-0.0001767
-0.0000684
-0.0000237
-0.0000958
-0.0000317
0.0001219
0.0000683
0.0000036
0.0000233
0.0000094
-0.0000272
-0.0001140
-0.0001265
0.0000462
0.0001418
-0.0001433
-0.0005149
-0.0004189
-0.0001295
-0.0000566
-0.0001041
0.0000213
0.0002218
0.0000986
-0.0000438
0.0001070
0.0002801
0.0001348
-0.0000892
0.0000757
0.0003963
0.0004248
0.0001623
-0.0000445
0.0000145
0.0001091
0.0000522
-0.0000574
-0.0000756
-0.0000894
-0.0001490
-0.0001468
-0.0000831
-0.0000056
0.0000526
0.0000027
-0.0000666
-0.0000867
-0.0001049
-0.0002156
-0.0005169
-0.0007919
-0.0008794
-0.0009129
-0.0009155
-0.0007313
-0.0004490
-0.0003251
-0.0003130
-0.0001663
0.0001283
0.0002313
0.0000398
-0.0000898
0.0000371
0.0002841
0.0004616
0.0006827
0.0009638
0.0008928
0.0000515
-0.0009545
-0.0014215
-0.0013948
-0.0012169
-0.0010333
-0.0004684
0.0002891
0.0005210
-0.0000592
-0.0008110
-0.0012491
-0.0014745
-0.0015854
-0.0015774
-0.0014509
-0.0013295
-0.0011817
-0.0008034
-0.0003425
-0.0002339
-0.0005084
-0.0010779
-0.0019188
-0.0025542
-0.0025691
-0.0016902
-0.0003982
0.0004160
0.0004295
0.0000299
-0.0001593
0.0001049
0.0003348
0.0001848
-0.0003281
-0.0013359
-0.0029251
-0.0045195
-0.0052687
-0.0049739
-0.0044165
-0.0045508
-0.0055866
-0.0069362
-0.0079511
-0.0082293
-0.0074612
-0.0058261
-0.0039182
-0.0023163
-0.0014399
-0.0013699
-0.0017803
-0.0022049
-0.0024847
-0.0029357
-0.0038340
-0.0048804
-0.0051913
-0.0040886
-0.0018535
0.0005732
0.0023126
0.0029775
0.0024577
0.0009588
-0.0005922
-0.0014686
-0.0015222
-0.0008290
0.0004540
0.0021162
0.0038933
0.0055247
0.0068106
0.0078812
0.0090767
0.0103413
0.0109727
0.0105278
0.0096884
0.0093364
0.0090869
0.0080182
0.0061654
0.0040155
0.0022853
0.0019135
0.0032411
0.0061953
0.0098504
0.0125802
0.0134647
0.0126382
0.0112994
0.0101982
0.0094437
0.0090249
0.0084384
0.0072308
0.0053390
0.0032386
0.0015373
0.0006624
0.0006486
0.0009820
0.0013588
0.0020653
0.0031858
0.0040324
0.0035079
0.0011015
-0.0025332
-0.0061694
-0.0085459
-0.0086771
-0.0063164
-0.0023639
0.0018814
0.0054149
0.0076298
0.0081172
0.0065705
0.0031586
-0.0011513
-0.0047706
-0.0062559
-0.0052226
-0.0023685
0.0007585
0.0022910
0.0012165
-0.0023854
-0.0074977
-0.0127349
-0.0167503
-0.0185759
-0.0182028
-0.0162508
-0.0139665
-0.0125647
-0.0129444
-0.0152281
-0.0181836
-0.0193107
-0.0172105
-0.0125073
-0.0068554
-0.0019939
0.0012673
0.0027726
0.0026628
0.0010721
-0.0020007
-0.0064681
-0.0119832
-0.0176119
-0.0220507
-0.0237915
-0.0218839
-0.0168338
-0.0101365
-0.0038885
-0.0000301
0.0007357
-0.0008918
-0.0033090
-0.0049938
-0.0050987
-0.0038052
-0.0014724
0.0016460
0.0046058
0.0067021
0.0084031
0.0100532
0.0115400
0.0124749
0.0123518
0.0112703
0.0102461
0.0104780
0.0124630
0.0151961
0.0170539
0.0169835
0.0143983
0.0097516
0.0052894
0.0037000
0.0067136
0.0146738
0.0262535
0.0385900
0.0485965
0.0538906
0.0534091
0.0479445
0.0396559
0.0315517
0.0263273
0.0247609
0.0260164
0.0284873
0.0306142
0.0306255
0.0268988
0.0195253
0.0106182
0.0026663
-0.0031087
-0.0068944
-0.0097608
-0.0124623
-0.0149138
-0.0170342
-0.0193487
-0.0219777
-0.0239295
-0.0239834
-0.0214620
-0.0163379
-0.0090057
-0.0004280
0.0077875
0.0137458
0.0162603
0.0155206
0.0125471
0.0085661
0.0047110
0.0021724
0.0015972
0.0020724
0.0019318
0.0006962
-0.0003472
0.0006148
0.0041752
0.0096302
0.0155855
0.0199057
0.0198702
0.0138308
0.0030830
-0.0087328
-0.0182787
-0.0246922
-0.0287487
-0.0307693
-0.0306482
-0.0288069
-0.0259719
-0.0229807
-0.0205901
-0.0196092
-0.0211879
-0.0255339
-0.0312548
-0.0360348
-0.0378223
-0.0355444
-0.0296414
-0.0214698
-0.0127360
-0.0053366
-0.0003902
0.0030015
0.0071048
0.0130827
0.0196128
0.0241605
0.0248576
0.0210203
0.0133444
0.0039144
-0.0044230
-0.0095899
-0.0112451
-0.0101815
-0.0079719
-0.0064672
-0.0067913
-0.0091729
-0.0134098
-0.0193675
-0.0267568
-0.0347135
-0.0417947
-0.0464601
-0.0476279
-0.0451200
-0.0397907
-0.0333362
-0.0272913
-0.0217394
-0.0161472
-0.0106958
-0.0057796
-0.0017669
0.0007121
0.0013606
0.0008318
0.0001417
0.0002124
0.0015187
0.0030744
0.0035601
0.0030693
0.0030335
0.0045625
0.0067275
0.0067293
0.0023773
-0.0061152
-0.0163349
-0.0248666
-0.0286330
-0.0259149
-0.0180859
-0.0093872
-0.0040001
-0.0037910
-0.0077915
-0.0130908
-0.0171019
-0.0183950
-0.0163945
-0.0106848
-0.0018417
0.0079371
0.0159762
0.0195610
0.0177971
0.0123055
0.0063912
0.0036057
0.0060121
0.0136315
0.0246149
0.0359619
0.0442635
0.0471141
0.0444124
0.0382185
0.0312581
0.0254255
0.0216338
0.0196847
0.0190042
0.0191078
0.0194530
0.0198495
0.0199959
0.0188617
0.0157713
0.0112855
0.0065114
0.0020375
-0.0028330
-0.0089011
-0.0154762
-0.0203572
-0.0213026
-0.0170282
-0.0077271
0.0050240
0.0181725
0.0280498
0.0326788
0.0333243
0.0329636
0.0331820
0.0333109
0.0316357
0.0265069
0.0174576
0.0056963
-0.0058554
-0.0131916
-0.0132530
-0.0063421
0.0033682
0.0106078
0.0114164
0.0050876
-0.0053336
-0.0155245
-0.0227498
-0.0266033
-0.0279752
-0.0281498
-0.0279651
-0.0269861
-0.0239408
-0.0182386
-0.0109405
-0.0043449
-0.0001685
0.0014126
0.0010904
0.0003559
0.0003564
0.0011737
0.0017366
0.0004852
-0.0025374
-0.0044733
-0.0020338
0.0052886
0.0141579
0.0197821
0.0194478
0.0146733
0.0094864
0.0066072
0.0062484
0.0065139
0.0047213
-0.0002401
-0.0069520
-0.0130858
-0.0170084
-0.0185090
-0.0192351
-0.0210099
-0.0242462
-0.0281421
-0.0314698
-0.0330762
-0.0321867
-0.0288668
-0.0246381
-0.0220552
-0.0221773
-0.0236190
-0.0241342
-0.0221190
-0.0174504
-0.0117094
-0.0066175
-0.0022774
0.0025907
0.0098676
0.0208745
0.0347530
0.0483790
0.0573080
0.0576760
0.0486319
0.0329295
0.0150887
-0.0012430
-0.0148378
-0.0263393
-0.0361279
-0.0427024
-0.0434899
-0.0371488
-0.0247339
-0.0098404
0.0027803
0.0097459
0.0106405
0.0078425
0.0049790
0.0040118
0.0043706
0.0047751
0.0050256
0.0065839
0.0121978
0.0237093
0.0396910
0.0555114
0.0657560
0.0668612
0.0585599
0.0440578
0.0287288
0.0178352
0.0146786
0.0190967
0.0276624
0.0359467
0.0410246
0.0421502
0.0398303
0.0347492
0.0277017
0.0198605
0.0128602
0.0086016
0.0080978
0.0110937
0.0160155
0.0198115
0.0188275
0.0109947
-0.0023240
-0.0169470
-0.0282412
-0.0337600
-0.0335814
-0.0290094
-0.0215962
-0.0125285
-0.0028587
0.0063161
0.0135972
0.0170828
0.0152982
0.0090185
0.0009573
-0.0048476
-0.0045386
0.0032487
0.0161645
0.0292257
0.0377697
0.0394447
0.0340088
0.0236081
0.0125241
0.0048255
0.0017853
0.0014141
0.0002531
-0.0036026
-0.0095399
-0.0160690
-0.0225510
-0.0296495
-0.0379538
-0.0462620
-0.0519674
-0.0522080
-0.0451102
-0.0312227
-0.0143015
0.0000990
0.0070627
0.0050216
-0.0040011
-0.0160402
-0.0270231
-0.0342550
-0.0372059
-0.0369459
-0.0346404
-0.0312124
-0.0278193
-0.0256499
-0.0252596
-0.0266276
-0.0296339
-0.0342766
-0.0400937
-0.0458975
-0.0501789
-0.0518427
-0.0507075
-0.0478171
-0.0448740
-0.0434389
-0.0441520
-0.0460633
-0.0470105
-0.0449766
-0.0394027
-0.0312876
-0.0224609
-0.0148192
-0.0098114
-0.0083193
-0.0098849
-0.0129802
-0.0157334
-0.0161557
-0.0128256
-0.0056698
0.0035379
0.0120160
0.0171404
0.0167309
0.0098922
-0.0017943
-0.0144105
-0.0231479
-0.0242444
-0.0169335
-0.0039699
0.0105885
0.0236633
0.0343341
0.0428558
0.0487186
0.0504049
0.0470524
0.0399223
0.0322628
0.0281315
0.0306875
0.0411628
0.0571477
0.0729924
0.0822276
0.0804326
0.0669016
0.0443538
0.0177585
-0.0067478
-0.0228671
-0.0260604
-0.0154689
0.0058833
0.0318221
0.0551025
0.0693801
0.0714503
0.0621655
0.0450443
0.0250471
0.0068214
-0.0067299
-0.0151098
-0.0196105
-0.0221656
-0.0244182
-0.0264566
-0.0273296
-0.0269248
-0.0266441
-0.0287778
-0.0353805
-0.0467482
-0.0612686
-0.0757544
-0.0859304
-0.0883066
-0.0821456
-0.0696347
-0.0543832
-0.0394215
-0.0270364
-0.0183287
-0.0121336
-0.0060434
0.0019215
0.0125212
0.0249187
0.0373576
0.0489328
0.0598382
0.0701191
0.0790840
0.0856395
0.0891928
0.0902092
0.0898086
0.0887229
0.0868267
0.0833175
0.0774534
0.0689600
0.0581284
0.0458520
0.0330112
0.0202005
0.0077925
-0.0048057
-0.0188742
-0.0349884
-0.0516300
-0.0651858
-0.0719146
-0.0698095
-0.0597963
-0.0455886
-0.0315474
-0.0203787
-0.0118434
-0.0028895
0.0100992
0.0291741
0.0535556
0.0795371
0.1022476
0.1178188
0.1248142
0.1246499
0.1211856
0.1186159
0.1195268
0.1244722
0.1322530
0.1408070
0.1473409
0.1489260
0.1441307
0.1333936
0.1177137
0.0986714
0.0783869
0.0594438
0.0445186
0.0356275
0.0334778
0.0367536
0.0416098
0.0427302
0.0356070
0.0191416
-0.0037678
-0.0280594
-0.0490904
-0.0642092
-0.0723737
-0.0736105
-0.0695133
-0.0635937
-0.0605630
-0.0644685
-0.0769608
-0.0977855
-0.1252306
-0.1564718
-0.1876939
-0.2137112
-0.2284314
-0.2265847
-0.2061524
-0.1704652
-0.1274892
-0.0872854
-0.0589762
-0.0476977
-0.0532121
-0.0699098
-0.0886870
-0.1016507
-0.1059556
-0.1034828
-0.0991962
-0.0976415
-0.1000443
-0.1031256
-0.1005445
-0.0866957
-0.0590217
-0.0188759
0.0283737
0.0746932
0.1124565
0.1370726
0.1475677
0.1455447
0.1337291
0.1156091
0.0955064
0.0774717
0.0639537
0.0555842
0.0513971
0.0490653
0.0464631
0.0424805
0.0377487
0.0350889
0.0375914
0.0457909
0.0568086
0.0664447
0.0715931
0.0706514
0.0638790
0.0537765
0.0438276
0.0367344
0.0332415
0.0320471
0.0309340
0.0273054
0.0179748
-0.0005467
-0.0306421
-0.0719484
-0.1206300
-0.1708669
-0.2166489
-0.2528230
-0.2758693
-0.2849164
-0.2824773
-0.2739864
-0.2655419
-0.2611491
-0.2620219
-0.2672816
-0.2753260
-0.2847734
-0.2942873
-0.3004112
-0.2955112
-0.2714938
-0.2255818
-0.1628616
-0.0943686
-0.0321580
0.0150570
0.0435292
0.0551766
0.0559810
0.0531886
0.0535030
0.0619943
0.0813721
0.1112283
0.1483567
0.1882647
0.2263116
0.2586232
0.2829007
0.2982278
0.3054109
0.3062186
0.3022044
0.2938566
0.2806436
0.2618253
0.2378297
0.2112084
0.1865336
0.1685130
0.1602476
0.1619773
0.1706805
0.1817116
0.1910752
0.1950504
0.1907284
0.1776497
0.1571322
0.1313709
0.1029541
0.0746197
0.0483657
0.0251973
0.0052704
-0.0123144
-0.0293456
-0.0473800
-0.0674108
-0.0891338
-0.1098188
-0.1255214
-0.1335455
-0.1336745
-0.1279089
-0.1194242
-0.1108162
-0.1027355
-0.0940578
-0.0833044
-0.0696083
-0.0533643
-0.0369317
-0.0238035
-0.0170368
-0.0179684
-0.0246625
-0.0323210
-0.0356429
-0.0302099
-0.0144533
0.0091673
0.0355028
0.0588553
0.0742359
0.0776883
0.0665415
0.0400612
0.0005366
-0.0465303
-0.0936818
-0.1333671
-0.1598517
-0.1703583
-0.1654828
-0.1486688
-0.1253058
-0.1018281
-0.0847209
-0.0782441
-0.0824378
-0.0938513
-0.1076596
-0.1193452
-0.1256305
-0.1255971
-0.1206618
-0.1132150
-0.1052126
-0.0974759
-0.0899911
-0.0827716
-0.0762508
-0.0715028
-0.0695653
-0.0710290
-0.0758163
-0.0832070
-0.0924286
-0.1026555
-0.1126285
-0.1209966
-0.1254163
-0.1212731
-0.1030797
-0.0683748
-0.0201135
0.0337692
0.0828868
0.1181484
0.1347150
0.1327443
0.1162377
0.0918276
0.0669070
0.0474323
0.0362134
0.0333205
0.0370894
0.0447060
0.0526737
0.0575321
0.0561848
0.0468342
0.0287439
0.0023179
-0.0300804
-0.0645561
-0.0971341
-0.1239632
-0.1420299
-0.1499390
-0.1481920
-0.1390448
-0.1261911
-0.1139601
-0.1052347
-0.0999900
-0.0956789
-0.0885623
-0.0756090
-0.0557402
-0.0299111
-0.0004008
0.0303937
0.0604478
0.0884320
0.1143216
0.1390810
0.1635408
0.1871087
0.2081624
0.2249200
0.2358587
0.2399755
0.2369280
0.2271713
0.2131361
0.1984852
0.1864787
0.1786237
0.1743768
0.1715562
0.1671822
0.1575888
0.1400594
0.1138173
0.0798370
0.0408574
0.0004505
-0.0381783
-0.0726388
-0.1010770
-0.1217232
-0.1328527
-0.1333171
-0.1238183
-0.1070368
-0.0866967
-0.0668041
-0.0507134
-0.0392637
-0.0301954
-0.0195219
-0.0033443
0.0206336
0.0519301
0.0871399
0.1211609
0.1486761
0.1648239
0.1665984
0.1547292
0.1323666
0.1038506
0.0739044
0.0464764
0.0241256
0.0081851
-0.0009795
-0.0038363
-0.0013899
0.0047766
0.0119173
0.0166704
0.0159434
0.0078095
-0.0075195
-0.0281206
-0.0507631
-0.0715525
-0.0870706
-0.0951918
-0.0957164
-0.0897838
-0.0787748
-0.0641814
-0.0476421
-0.0309799
-0.0164720
-0.0061104
-0.0007074
0.0002932
-0.0010989
-0.0022754
-0.0004422
0.0068111
0.0198893
0.0365452
0.0525522
0.0628446
0.0627760
0.0498956
0.0256068
-0.0051429
-0.0356928
-0.0604081
-0.0767340
-0.0844640
-0.0843809
-0.0782192
-0.0684632
-0.0575737
-0.0478470
-0.0411458
-0.0389069
-0.0417427
-0.0486836
-0.0569152
-0.0629857
-0.0634531
-0.0547805
-0.0346407
-0.0032257
0.0361030
0.0776708
0.1146259
0.1406965
0.1521845
0.1493104
0.1360356
0.1183413
0.1021012
0.0919134
0.0902605
0.0967225
0.1079703
0.1189966
0.1249097
0.1223138
0.1099619
0.0886412
0.0605611
0.0285045
-0.0039964
-0.0330207
-0.0549853
-0.0671561
-0.0681312
-0.0594959
-0.0460818
-0.0341849
-0.0291998
-0.0335442
-0.0456249
-0.0607675
-0.0728716
-0.0764891
-0.0698201
-0.0551724
-0.0363251
-0.0172331
-0.0007570
0.0122788
0.0233977
0.0348898
0.0477223
0.0609862
0.0721948
0.0786389
0.0792788
0.0753144
0.0693807
0.0646441
0.0640635
0.0691800
0.0795397
0.0930512
0.1066670
0.1168850
0.1201294
0.1138159
0.0973103
0.0718938
0.0405184
0.0070185
-0.0246786
-0.0506189
-0.0682124
-0.0772847
-0.0796233
-0.0782837
-0.0770026
-0.0789955
-0.0859970
-0.0977378
-0.1114755
-0.1230361
-0.1292018
-0.1289563
-0.1232503
-0.1140112
-0.1035168
-0.0939946
-0.0862594
-0.0800851
-0.0751500
-0.0714881
-0.0695314
-0.0694690
-0.0714025
-0.0749602
-0.0786482
-0.0798482
-0.0759940
-0.0659554
-0.0510399
-0.0343592
-0.0197909
-0.0113788
-0.0116552
-0.0202959
-0.0346196
-0.0507839
-0.0649952
-0.0746357
-0.0786340
-0.0770681
-0.0710904
-0.0617045
-0.0489884
-0.0331824
-0.0155171
0.0018494
0.0165571
0.0266429
0.0311974
0.0308760
0.0279136
0.0255053
0.0261224
0.0306200
0.0381954
0.0464738
0.0529530
0.0558010
0.0543610
0.0494644
0.0432835
0.0381211
0.0358185
0.0375373
0.0431556
0.0511018
0.0592795
0.0657339
0.0696207
0.0713297
0.0715667
0.0708261
0.0693454
0.0670396
0.0642600
0.0624309
0.0637108
0.0696306
0.0803218
0.0944777
0.1098441
0.1233787
0.1320285
0.1337410
0.1282336
0.1171323
0.1031750
0.0892692
0.0779244
0.0709322
0.0691152
0.0724539
0.0800083
0.0903995
0.1016105
0.1113745
0.1176892
0.1188773
0.1141002
0.1028680
0.0844345
0.0584393
0.0264416
-0.0074076
-0.0377772
-0.0594302
-0.0685731
-0.0653196
-0.0538615
-0.0401661
-0.0293006
-0.0248482
-0.0286522
-0.0396931
-0.0548304
-0.0697176
-0.0800573
-0.0836697
-0.0804988
-0.0723721
-0.0624270
-0.0540005
-0.0496670
-0.0504606
-0.0559037
-0.0645609
-0.0742666
-0.0830074
-0.0896531
-0.0938760
-0.0959314
-0.0965539
-0.0964530
-0.0962867
-0.0962084
-0.0960520
-0.0954622
-0.0933467
-0.0887587
-0.0814759
-0.0716476
-0.0602759
-0.0492290
-0.0406828
-0.0360645
-0.0354505
-0.0376950
-0.0412711
-0.0453990
-0.0495165
-0.0529617
-0.0552775
-0.0558082
-0.0533071
-0.0467218
-0.0367091
-0.0252507
-0.0149601
-0.0082069
-0.0062214
-0.0087642
-0.0140405
-0.0191749
-0.0215523
-0.0199646
-0.0150122
-0.0087208
-0.0039779
-0.0037569
-0.0093954
-0.0195864
-0.0318381
-0.0426899
-0.0483254
-0.0462498
-0.0362144
-0.0205673
-0.0028301
0.0140539
0.0281248
0.0387428
0.0463611
0.0521327
0.0574869
0.0634485
0.0705300
0.0785564
0.0868501
0.0947718
0.1015332
0.1055786
0.1057938
0.1020179
0.0944020
0.0838651
0.0720364
0.0604714
0.0505432
0.0429597
0.0380794
0.0358057
0.0360675
0.0382174
0.0407267
0.0418141
0.0401941
0.0355980
0.0287163
0.0206021
0.0124399
0.0059390
0.0026716
0.0036852
0.0093696
0.0188099
0.0304512
0.0429231
0.0547643
0.0639736
0.0681968
0.0655027
0.0553376
0.0390754
0.0198630
0.0012944
-0.0137318
-0.0231768
-0.0263069
-0.0246364
-0.0208430
-0.0174534
-0.0162932
-0.0182297
-0.0226557
-0.0277545
-0.0319956
-0.0351680
-0.0378217
-0.0405519
-0.0443457
-0.0500334
-0.0574564
-0.0657372
-0.0732544
-0.0781118
-0.0794410
-0.0778572
-0.0754469
-0.0748116
-0.0779044
-0.0850726
-0.0951853
-0.1057262
-0.1133678
-0.1154152
-0.1106085
-0.0995838
-0.0845260
-0.0683099
-0.0537968
-0.0436587
-0.0395429
-0.0409796
-0.0458392
-0.0510903
-0.0538382
-0.0525048
-0.0472256
-0.0392601
-0.0301479
-0.0211002
-0.0125122
-0.0038128
0.0059563
0.0167454
0.0268276
0.0337439
0.0358026
0.0327677
0.0259652
0.0178900
0.0117964
0.0103630
0.0142573
0.0225078
0.0336421
0.0457506
0.0567979
0.0647814
0.0677663
0.0645269
0.0541809
0.0370300
0.0159833
-0.0039744
-0.0176890
-0.0218166
-0.0158849
-0.0025768
0.0128648
0.0240626
0.0262137
0.0180014
0.0014995
-0.0189081
-0.0381500
-0.0517141
-0.0569529
-0.0541745
-0.0459818
-0.0353843
-0.0247880
-0.0155515
-0.0082516
-0.0028009
0.0014477
0.0055067
0.0101149
0.0157032
0.0219770
0.0277368
0.0317069
0.0333422
0.0330524
0.0321855
0.0327528
0.0360504
0.0420693
0.0494397
0.0554894
0.0572289
0.0523044
0.0401418
0.0227676
0.0046771
-0.0089209
-0.0142753
-0.0099233
0.0022520
0.0174929
0.0307148
0.0381720
0.0379606
0.0303844
0.0175596
0.0024126
-0.0121231
-0.0238613
-0.0322589
-0.0377106
-0.0409241
-0.0426444
-0.0430109
-0.0418157
-0.0392965
-0.0360723
-0.0327753
-0.0292851
-0.0251186
-0.0203203
-0.0153627
-0.0111173
-0.0084626
-0.0085634
-0.0119653
-0.0174598
-0.0226936
-0.0252910
-0.0242920
-0.0207074
-0.0167211
-0.0145696
-0.0156434
-0.0199653
-0.0259747
-0.0312620
-0.0338991
-0.0333084
-0.0300785
-0.0254784
-0.0201549
-0.0137533
-0.0056183
0.0048610
0.0170806
0.0293599
0.0395384
0.0457881
0.0474522
0.0452188
0.0409513
0.0375225
0.0377967
0.0431636
0.0530608
0.0652760
0.0771355
0.0865866
0.0927988
0.0953957
0.0944638
0.0903074
0.0831573
0.0737460
0.0630039
0.0516320
0.0400285
0.0285515
0.0177864
0.0086479
0.0022362
-0.0010405
-0.0022657
-0.0030292
-0.0046794
-0.0081672
-0.0139869
-0.0215938
-0.0295578
-0.0363584
-0.0406781
-0.0420521
-0.0414685
-0.0401990
-0.0387720
-0.0372109
-0.0344634
-0.0294865
-0.0223989
-0.0138450
-0.0047323
0.0039094
0.0111892
0.0171826
0.0225215
0.0275518
0.0326964
0.0381331
0.0433671
0.0480266
0.0522606
0.0555341
0.0570742
0.0568246
0.0549479
0.0512595
0.0458389
0.0390727
0.0308035
0.0211216
0.0111544
0.0022309
-0.0044667
-0.0080811
-0.0086203
-0.0073586
-0.0063575
-0.0072454
-0.0109733
-0.0179515
-0.0273059
-0.0367398
-0.0440640
-0.0481689
-0.0489395
-0.0469183
-0.0426943
-0.0367809
-0.0299611
-0.0231050
-0.0174984
-0.0147977
-0.0162084
-0.0220735
-0.0314228
-0.0422254
-0.0522814
-0.0595094
-0.0621088
-0.0591313
-0.0511663
-0.0406395
-0.0304508
-0.0226709
-0.0186678
-0.0185370
-0.0209891
-0.0242506
-0.0271420
-0.0290501
-0.0294085
-0.0277538
-0.0238217
-0.0173221
-0.0084642
0.0019837
0.0127901
0.0218542
0.0270836
0.0279749
0.0257469
0.0223628
0.0197511
0.0192471
0.0209509
0.0235221
0.0252512
0.0252231
0.0237233
0.0221679
0.0222591
0.0248750
0.0296163
0.0351199
0.0397446
0.0416206
0.0392469
0.0329006
0.0244864
0.0169439
0.0128330
0.0135088
0.0188538
0.0269295
0.0341875
0.0373246
0.0347748
0.0267247
0.0150517
0.0027211
-0.0071718
-0.0129493
-0.0145919
-0.0128943
-0.0090319
-0.0043961
-0.0001961
0.0025628
0.0035174
0.0023946
-0.0012000
-0.0072924
-0.0155186
-0.0251351
-0.0351866
-0.0443092
-0.0508043
-0.0532003
-0.0507393
-0.0440661
-0.0347697
-0.0243494
-0.0149188
-0.0088421
-0.0074991
-0.0107475
-0.0172319
-0.0250265
-0.0322939
-0.0371838
-0.0383452
-0.0357584
-0.0306833
-0.0249538
-0.0199026
-0.0164249
-0.0151224
-0.0160709
-0.0182443
-0.0199750
-0.0200640
-0.0180518
-0.0140487
-0.0087610
-0.0033925
0.0004228
0.0012773
-0.0012576
-0.0058888
-0.0106421
-0.0142978
-0.0168132
-0.0184188
-0.0192457
-0.0194084
-0.0185174
-0.0154660
-0.0090772
0.0003883
0.0109255
0.0199474
0.0252439
0.0256856
0.0221166
0.0171154
0.0138985
0.0148704
0.0205910
0.0298226
0.0401836
0.0490757
0.0548610
0.0567793
0.0550062
0.0506397
0.0448170
0.0379308
0.0304475
0.0234425
0.0185408
0.0172767
0.0201338
0.0262111
0.0331804
0.0381383
0.0386332
0.0333379
0.0228557
0.0098519
-0.0025866
-0.0119004
-0.0165632
-0.0164905
-0.0123793
-0.0055157
0.0022928
0.0091735
0.0134893
0.0142362
0.0111427
0.0047610
-0.0036817
-0.0124388
-0.0191204
-0.0208146
-0.0161750
-0.0062045
0.0066173
0.0188231
0.0267678
0.0278924
0.0217188
0.0105131
-0.0015373
-0.0105842
-0.0148394
-0.0150436
-0.0136425
-0.0130349
-0.0146394
-0.0184606
-0.0233642
-0.0281253
-0.0319861
-0.0350834
-0.0387131
-0.0440397
-0.0511670
-0.0590002
-0.0650967
-0.0677029
-0.0662317
-0.0608195
-0.0524817
-0.0431042
-0.0347062
-0.0285769
-0.0250200
-0.0231301
-0.0218104
-0.0204699
-0.0191345
-0.0179706
-0.0171522
-0.0168353
-0.0166609
-0.0156296
-0.0128953
-0.0085964
-0.0039476
-0.0003190
0.0015655
0.0009056
-0.0024672
-0.0072250
-0.0115838
-0.0143251
-0.0149533
-0.0140058
-0.0126418
-0.0117430
-0.0117647
-0.0127105
-0.0138558
-0.0140658
-0.0125105
-0.0088706
-0.0031727
0.0042361
0.0127925
0.0212512
0.0279687
0.0318894
0.0330203
0.0315420
0.0279019
0.0231054
0.0186784
0.0159508
0.0156085
0.0180268
0.0233779
0.0308093
0.0383773
0.0439745
0.0462347
0.0447050
0.0399648
0.0337426
0.0282492
0.0251969
0.0250826
0.0271929
0.0301241
0.0323520
0.0329492
0.0318715
0.0299800
0.0286396
0.0287900
0.0305265
0.0331284
0.0356133
0.0373431
0.0380049
0.0374019
0.0353973
0.0321440
0.0277888
0.0225387
0.0172199
0.0129281
0.0107391
0.0108806
0.0124582
0.0140676
0.0141580
0.0115171
0.0056357
-0.0029730
-0.0128046
-0.0219438
-0.0287491
-0.0322394
-0.0319549
-0.0282879
-0.0226489
-0.0161636
-0.0096547
-0.0040403
-0.0002929
0.0011009
0.0004583
-0.0016461
-0.0040367
-0.0056810
-0.0056313
-0.0031816
0.0013885
0.0070882
0.0127745
0.0174842
0.0203392
0.0208132
0.0189523
0.0148797
0.0087713
0.0013222
-0.0065868
-0.0140386
-0.0200771
-0.0238723
-0.0251278
-0.0244660
-0.0228106
-0.0212895
-0.0213005
-0.0236006
-0.0277589
-0.0327035
-0.0374472
-0.0409938
-0.0425934
-0.0419303
-0.0390039
-0.0345712
-0.0293349
-0.0232752
-0.0165477
-0.0097264
-0.0030006
0.0032150
0.0077227
0.0092524
0.0071948
0.0021142
-0.0049599
-0.0125499
-0.0188927
-0.0226372
-0.0230356
-0.0195441
-0.0123429
-0.0026751
0.0076042
0.0166007
0.0226894
0.0248315
0.0227764
0.0170457
0.0091818
0.0012915
-0.0048245
-0.0076903
-0.0063829
-0.0010423
0.0072586
0.0167051
0.0251259
0.0306402
0.0321351
0.0294728
0.0236140
0.0166622
0.0106060
0.0067390
0.0058261
0.0072523
0.0097639
0.0124279
0.0146998
0.0163187
0.0171046
0.0172123
0.0169257
0.0163870
0.0161373
0.0170032
0.0192426
0.0230898
0.0284562
0.0343637
0.0397061
0.0436170
0.0455908
0.0457910
0.0450383
0.0443277
0.0442874
0.0452794
0.0473138
0.0496726
0.0514835
0.0522719
0.0516366
0.0495927
0.0462636
0.0417247
0.0365520
0.0316767
0.0278119
0.0250796
0.0231064
0.0216269
0.0203079
0.0182787
0.0148800
0.0101354
0.0045207
-0.0014532
-0.0072242
-0.0117389
-0.0141163
-0.0143776
-0.0131831
-0.0111433
-0.0085745
-0.0059003
-0.0044201
-0.0051544
-0.0079234
-0.0121185
-0.0169998
-0.0213406
-0.0238341
-0.0233443
-0.0192652
-0.0124714
-0.0050931
0.0005667
0.0027234
0.0006048
-0.0054817
-0.0143715
-0.0242850
-0.0332336
-0.0390393
-0.0402691
-0.0370931
-0.0308973
-0.0233834
-0.0162765
-0.0114626
-0.0100185
-0.0114673
-0.0142621
-0.0170535
-0.0189207
-0.0188681
-0.0164233
-0.0120284
-0.0062392
0.0000279
0.0057175
0.0103767
0.0136516
0.0150501
0.0143725
0.0117322
0.0078722
0.0041809
0.0014688
-0.0003583
-0.0016864
-0.0030553
-0.0052251
-0.0086672
-0.0131790
-0.0179663
-0.0220331
-0.0246422
-0.0256798
-0.0255537
-0.0252746
-0.0258278
-0.0273666
-0.0292258
-0.0307588
-0.0316627
-0.0321614
-0.0327324
-0.0333175
-0.0337169
-0.0343029
-0.0353811
-0.0366531
-0.0378577
-0.0390157
-0.0396324
-0.0389959
-0.0369894
-0.0339087
-0.0302769
-0.0264561
-0.0227476
-0.0195926
-0.0170311
-0.0148316
-0.0128244
-0.0108970
-0.0091402
-0.0078077
-0.0069322
-0.0062471
-0.0052078
-0.0034206
-0.0012500
0.0002532
0.0000321
-0.0023285
-0.0066617
-0.0122821
-0.0182024
-0.0230937
-0.0259415
-0.0266136
-0.0257070
-0.0235128
-0.0203462
-0.0170238
-0.0142529
-0.0125555
-0.0122206
-0.0131762
-0.0153981
-0.0188833
-0.0232739
-0.0277085
-0.0311902
-0.0329888
-0.0330498
-0.0316199
-0.0290246
-0.0260497
-0.0235067
-0.0219562
-0.0216549
-0.0226760
-0.0244315
-0.0259239
-0.0261333
-0.0245686
-0.0214569
-0.0174898
-0.0135975
-0.0108102
-0.0100966
-0.0115680
-0.0144705
-0.0179147
-0.0206834
-0.0215236
-0.0199212
-0.0164021
-0.0124310
-0.0098726
-0.0098025
-0.0122954
-0.0166853
-0.0218182
-0.0265165
-0.0294219
-0.0294964
-0.0265987
-0.0212227
-0.0140943
-0.0062202
0.0010171
0.0063674
0.0092751
0.0100628
0.0096346
0.0092874
0.0103055
0.0135069
0.0186982
0.0248982
0.0311260
0.0369144
0.0420840
0.0466553
0.0511425
0.0561981
0.0618236
0.0671876
0.0714282
0.0740989
0.0750144
0.0742239
0.0720598
0.0690529
0.0660403
0.0636085
0.0619250
0.0608864
0.0602918
0.0597643
0.0588362
0.0576198
0.0562250
0.0549451
0.0539241
0.0529007
0.0519603
0.0513599
0.0510838
0.0507996
0.0498658
0.0477257
0.0439787
0.0384754
0.0314373
0.0237003
0.0167007
0.0118294
0.0102666
0.0124637
0.0173417
0.0230321
0.0276561
0.0296846
0.0283122
0.0237734
0.0172162
0.0104063
0.0051201
0.0023675
0.0026010
0.0058730
0.0112900
0.0171290
0.0214672
0.0231766
0.0222790
0.0193857
0.0150829
0.0102884
0.0066610
0.0048362
0.0042948
0.0045173
0.0051836
0.0058203
0.0055129
0.0034899
-0.0002495
-0.0051012
-0.0102725
-0.0151274
-0.0184924
-0.0196534
-0.0194491
-0.0190783
-0.0192698
-0.0203024
-0.0220245
-0.0243046
-0.0267040
-0.0285931
-0.0296829
-0.0300283
-0.0296880
-0.0287526
-0.0274249
-0.0256963
-0.0235276
-0.0209886
-0.0181557
-0.0152950
-0.0131615
-0.0122270
-0.0123210
-0.0132294
-0.0148432
-0.0170733
-0.0194019
-0.0211187
-0.0218779
-0.0217150
-0.0206495
-0.0184581
-0.0155358
-0.0126131
-0.0103213
-0.0088102
-0.0079671
-0.0074692
-0.0067239
-0.0048906
-0.0011973
0.0042311
0.0099605
0.0145204
0.0167171
0.0157268
0.0115827
0.0055147
-0.0008537
-0.0065863
-0.0112559
-0.0145402
-0.0162219
-0.0164437
-0.0156499
-0.0144115
-0.0133398
-0.0129546
-0.0132706
-0.0140944
-0.0150313
-0.0156713
-0.0158648
-0.0154739
-0.0143725
-0.0127789
-0.0111833
-0.0098411
-0.0085043
-0.0065906
-0.0035792
0.0004320
0.0048260
0.0088562
0.0115647
0.0121785
0.0102631
0.0060792
0.0007635
-0.0043679
-0.0077293
-0.0078257
-0.0043233
0.0019208
0.0093845
0.0163187
0.0213220
0.0234857
0.0223351
0.0187755
0.0142071
0.0098152
0.0066431
0.0057087
0.0074733
0.0114274
0.0163158
0.0206882
0.0234970
0.0242537
0.0227732
0.0192380
0.0143609
0.0093564
0.0050227
0.0014433
-0.0015672
-0.0039480
-0.0057179
-0.0070776
-0.0079420
-0.0079299
-0.0070940
-0.0059123
-0.0049365
-0.0046907
-0.0058409
-0.0085758
-0.0123915
-0.0163895
-0.0195117
-0.0208570
-0.0197721
-0.0164473
-0.0116630
-0.0066240
-0.0026646
-0.0008296
-0.0014859
-0.0042078
-0.0082571
-0.0126540
-0.0160096
-0.0175021
-0.0171595
-0.0155118
-0.0129503
-0.0097772
-0.0066629
-0.0044740
-0.0036707
-0.0042856
-0.0064370
-0.0096533
-0.0127594
-0.0147620
-0.0147380
-0.0124488
-0.0085907
-0.0039380
0.0007767
0.0052720
0.0092808
0.0124491
0.0149124
0.0166442
0.0173533
0.0168842
0.0151729
0.0125331
0.0093762
0.0063836
0.0047291
0.0047658
0.0058387
0.0071882
0.0083497
0.0091026
0.0095884
0.0099595
0.0102728
0.0108845
0.0121398
0.0138384
0.0154771
0.0169890
0.0182709
0.0190065
0.0189565
0.0184142
0.0175465
0.0162042
0.0142267
0.0115864
0.0084094
0.0047440
0.0008073
-0.0026698
-0.0049213
-0.0056677
-0.0049363
-0.0030915
-0.0009873
0.0004378
0.0002883
-0.0018527
-0.0053044
-0.0088817
-0.0116595
-0.0130443
-0.0127467
-0.0106369
-0.0070551
-0.0028822
0.0011568
0.0043308
0.0060449
0.0060120
0.0044688
0.0019659
-0.0009463
-0.0035585
-0.0056782
-0.0074594
-0.0086799
-0.0088770
-0.0081201
-0.0066710
-0.0049539
-0.0038986
-0.0039037
-0.0048435
-0.0063013
-0.0074843
-0.0072890
-0.0051298
-0.0014684
0.0028635
0.0071795
0.0105143
0.0120632
0.0117222
0.0094384
0.0051914
-0.0003779
-0.0062785
-0.0116180
-0.0154215
-0.0170571
-0.0166804
-0.0150458
-0.0134797
-0.0132670
-0.0151013
-0.0190379
-0.0241328
-0.0292319
-0.0333032
-0.0349517
-0.0336374
-0.0301710
-0.0255220
-0.0203215
-0.0153430
-0.0113237
-0.0086844
-0.0068343
-0.0056037
-0.0053191
-0.0054767
-0.0050611
-0.0039772
-0.0024902
-0.0007978
0.0005934
0.0013290
0.0015262
0.0015446
0.0016290
0.0018442
0.0022784
0.0027564
0.0028580
0.0021547
0.0007258
-0.0008959
-0.0024348
-0.0039064
-0.0056172
-0.0075024
-0.0092726
-0.0110308
-0.0124495
-0.0134714
-0.0144964
-0.0152085
-0.0153028
-0.0144681
-0.0126068
-0.0103732
-0.0084960
-0.0070504
-0.0056536
-0.0041474
-0.0027798
-0.0016119
-0.0007500
-0.0003998
-0.0006254
-0.0011260
-0.0012112
-0.0007763
0.0000033
0.0013243
0.0031097
0.0050439
0.0067089
0.0077720
0.0085519
0.0088850
0.0083543
0.0071388
0.0058138
0.0049872
0.0051951
0.0069268
0.0100236
0.0138938
0.0178877
0.0209766
0.0223357
0.0215546
0.0189334
0.0151248
0.0106467
0.0061063
0.0025670
0.0008329
0.0007156
0.0017997
0.0037597
0.0060741
0.0080589
0.0092092
0.0093209
0.0082166
0.0057273
0.0017381
-0.0029473
-0.0070011
-0.0095823
-0.0104268
-0.0095523
-0.0073227
-0.0044926
-0.0022180
-0.0014271
-0.0023554
-0.0046222
-0.0076005
-0.0105458
-0.0125548
-0.0132001
-0.0126838
-0.0111840
-0.0087670
-0.0058879
-0.0033706
-0.0017211
-0.0014017
-0.0030170
-0.0059845
-0.0092187
-0.0120275
-0.0138249
-0.0138215
-0.0117654
-0.0081852
-0.0038642
0.0002974
0.0033817
0.0050640
0.0054905
0.0048125
0.0033702
0.0018185
0.0005713
0.0001359
0.0007955
0.0022915
0.0045153
0.0078992
0.0120845
0.0161656
0.0198281
0.0227738
0.0245180
0.0246056
0.0229298
0.0202304
0.0177729
0.0163324
0.0160279
0.0167591
0.0180820
0.0192214
0.0194472
0.0182401
0.0155547
0.0118488
0.0077417
0.0037860
0.0002968
-0.0026029
-0.0050296
-0.0074077
-0.0098210
-0.0119100
-0.0136759
-0.0153494
-0.0167629
-0.0172383
-0.0165562
-0.0152117
-0.0137103
-0.0122239
-0.0108404
-0.0097858
-0.0090110
-0.0083920
-0.0078114
-0.0071682
-0.0064489
-0.0054404
-0.0041320
-0.0028424
-0.0019289
-0.0015119
-0.0014659
-0.0016022
-0.0018245
-0.0021415
-0.0021016
-0.0015194
-0.0007141
0.0000444
0.0005879
0.0007760
0.0005033
-0.0004573
-0.0022676
-0.0045448
-0.0065494
-0.0079309
-0.0084879
-0.0081002
-0.0066241
-0.0040773
-0.0009653
0.0019503
0.0040785
0.0048526
0.0038908
0.0012105
-0.0024924
-0.0060262
-0.0083485
-0.0089857
-0.0079790
-0.0054306
-0.0020071
0.0008297
0.0023257
0.0024351
0.0013695
-0.0002772
-0.0016577
-0.0021002
-0.0016283
-0.0004119
0.0013379
0.0029516
0.0035394
0.0027112
0.0010394
-0.0007877
-0.0023896
-0.0032910
-0.0030774
-0.0015770
0.0010886
0.0042527
0.0070234
0.0087968
0.0093122
0.0082880
0.0056663
0.0020688
-0.0016872
-0.0048657
-0.0066999
-0.0071226
-0.0068428
-0.0065726
-0.0066426
-0.0072049
-0.0082863
-0.0098128
-0.0114505
-0.0127589
-0.0133880
-0.0128891
-0.0111573
-0.0084127
-0.0050854
-0.0016726
0.0016212
0.0042410
0.0054103
0.0046634
0.0027774
0.0007106
-0.0012144
-0.0025176
-0.0024936
-0.0008615
0.0019236
0.0049644
0.0074444
0.0086700
0.0080957
0.0056261
0.0018190
-0.0025182
-0.0064785
-0.0095355
-0.0114212
-0.0120078
-0.0116661
-0.0109366
-0.0096134
-0.0078866
-0.0065651
-0.0060440
-0.0062095
-0.0069069
-0.0076886
-0.0079873
-0.0072854
-0.0049230
-0.0012001
0.0031120
0.0075838
0.0119872
0.0161170
0.0199780
0.0235388
0.0269204
0.0301035
0.0326389
0.0337942
0.0333729
0.0317789
0.0293686
0.0266709
0.0241977
0.0221533
0.0208155
0.0202963
0.0201586
0.0203988
0.0208261
0.0204863
0.0187302
0.0157658
0.0121931
0.0088450
0.0066310
0.0060924
0.0072618
0.0096597
0.0122719
0.0142757
0.0152221
0.0149916
0.0137937
0.0120311
0.0100925
0.0082730
0.0069256
0.0063604
0.0064390
0.0068003
0.0074119
0.0081568
0.0089128
0.0095311
0.0095797
0.0090294
0.0080121
0.0066345
0.0051999
0.0039810
0.0031544
0.0028768
0.0031080
0.0035940
0.0041613
0.0044969
0.0042138
0.0032410
0.0015690
-0.0008437
-0.0031287
-0.0045527
-0.0050718
-0.0048273
-0.0038555
-0.0023972
-0.0010838
-0.0008788
-0.0025920
-0.0060205
-0.0104194
-0.0147371
-0.0180940
-0.0200190
-0.0198384
-0.0173175
-0.0131802
-0.0083326
-0.0035055
0.0003605
0.0025753
0.0029433
0.0019289
-0.0001373
-0.0026209
-0.0044835
-0.0051064
-0.0046199
-0.0032255
-0.0014121
0.0002897
0.0017994
0.0028772
0.0034350
0.0038371
0.0043351
0.0048828
0.0051131
0.0046510
0.0036340
0.0022223
0.0003089
-0.0018445
-0.0037283
-0.0052498
-0.0066066
-0.0079015
-0.0090778
-0.0101261
-0.0115344
-0.0138427
-0.0166830
-0.0194683
-0.0217402
-0.0230882
-0.0234938
-0.0231167
-0.0220404
-0.0202356
-0.0176345
-0.0141947
-0.0100144
-0.0056956
-0.0017851
0.0014741
0.0038804
0.0053216
0.0060884
0.0067951
0.0077965
0.0092291
0.0107041
0.0114219
0.0109131
0.0092776
0.0070834
0.0049803
0.0030024
0.0009455
-0.0009807
-0.0025787
-0.0038458
-0.0048804
-0.0058321
-0.0066495
-0.0074799
-0.0086143
-0.0101689
-0.0119133
-0.0137517
-0.0155359
-0.0165296
-0.0161636
-0.0147211
-0.0128194
-0.0107075
-0.0087417
-0.0075181
-0.0071944
-0.0078197
-0.0092885
-0.0109630
-0.0119676
-0.0115212
-0.0093218
-0.0057278
-0.0015719
0.0022221
0.0051411
0.0070956
0.0081299
0.0083434
0.0080299
0.0077244
0.0077933
0.0082486
0.0087019
0.0083918
0.0069070
0.0043040
0.0008983
-0.0028427
-0.0062049
-0.0083545
-0.0092594
-0.0094332
-0.0095338
-0.0101093
-0.0110562
-0.0117773
-0.0115766
-0.0101980
-0.0079128
-0.0051741
-0.0024980
-0.0003632
0.0008094
0.0009146
0.0005681
0.0003275
0.0002246
0.0000410
-0.0002403
-0.0002068
0.0003256
0.0010197
0.0014964
0.0015905
0.0012318
0.0000844
-0.0023115
-0.0055309
-0.0085679
-0.0107462
-0.0116996
-0.0115050
-0.0104934
-0.0089227
-0.0074966
-0.0068370
-0.0069874
-0.0077008
-0.0087508
-0.0096290
-0.0097944
-0.0088953
-0.0068296
-0.0038855
-0.0002948
0.0036014
0.0072104
0.0102236
0.0124256
0.0136158
0.0141365
0.0145270
0.0148660
0.0147689
0.0143538
0.0140014
0.0136495
0.0129528
0.0117059
0.0102107
0.0088482
0.0078393
0.0071570
0.0064307
0.0056682
0.0049417
0.0041483
0.0033098
0.0023025
0.0012949
0.0008990
0.0010881
0.0013406
0.0011352
0.0003946
-0.0005781
-0.0015583
-0.0020326
-0.0021312
-0.0021317
-0.0017966
-0.0008477
0.0005166
0.0020354
0.0036516
0.0053058
0.0067838
0.0080771
0.0093683
0.0104628
0.0112854
0.0119071
0.0122620
0.0121463
0.0114094
0.0102380
0.0091306
0.0082690
0.0075858
0.0067881
0.0058142
0.0048925
0.0040093
0.0028974
0.0014601
-0.0002695
-0.0023682
-0.0047816
-0.0073192
-0.0096981
-0.0116947
-0.0129862
-0.0131954
-0.0122795
-0.0105707
-0.0085599
-0.0063864
-0.0040559
-0.0016205
0.0004940
0.0016982
0.0021085
0.0019194
0.0012721
0.0003764
-0.0003747
-0.0005605
-0.0001450
0.0008459
0.0022514
0.0038292
0.0053425
0.0068461
0.0082722
0.0091606
0.0092986
0.0089301
0.0082332
0.0072279
0.0061487
0.0053246
0.0050068
0.0054980
0.0070098
0.0090347
0.0108866
0.0121910
0.0128280
0.0128083
0.0121662
0.0109755
0.0098227
0.0094883
0.0100848
0.0110510
0.0121873
0.0135530
0.0149270
0.0159262
0.0163469
0.0162078
0.0156359
0.0146884
0.0134082
0.0120708
0.0109298
0.0093054
0.0074806
0.0055719
0.0036186
0.0014954
-0.0004956
-0.0020035
-0.0028372
-0.0030653
-0.0029506
-0.0024489
-0.0013291
0.0003078
0.0020227
0.0035257
0.0048584
0.0059271
0.0063780
0.0062615
0.0061371
0.0061715
0.0062806
0.0064876
0.0067666
0.0070116
0.0068886
0.0062308
0.0049974
0.0032904
0.0012311
-0.0012192
-0.0039086
-0.0063364
-0.0084548
-0.0103405
-0.0116600
-0.0119596
-0.0113737
-0.0103787
-0.0092747
-0.0084110
-0.0079329
-0.0078451
-0.0082976
-0.0090134
-0.0095621
-0.0096711
-0.0091448
-0.0079684
-0.0062210
-0.0041839
-0.0017364
0.0010511
0.0034004
0.0048381
0.0053458
0.0049133
0.0036295
0.0018685
-0.0002369
-0.0026969
-0.0051988
-0.0073673
-0.0091851
-0.0109787
-0.0129932
-0.0152156
-0.0174865
-0.0196420
-0.0215702
-0.0233051
-0.0247544
-0.0257209
-0.0260856
-0.0256295
-0.0240743
-0.0214526
-0.0181954
-0.0148796
-0.0121238
-0.0103834
-0.0099267
-0.0106721
-0.0122249
-0.0139808
-0.0154142
-0.0162438
-0.0160620
-0.0144440
-0.0115324
-0.0080325
-0.0047518
-0.0019821
-0.0001044
0.0003028
-0.0005547
-0.0020801
-0.0035735
-0.0044107
-0.0045260
-0.0041058
-0.0033117
-0.0023409
-0.0016709
-0.0015399
-0.0018096
-0.0023302
-0.0027771
-0.0029985
-0.0027189
-0.0016043
0.0002686
0.0026310
0.0052194
0.0078003
0.0102523
0.0123147
0.0136462
0.0141661
0.0142104
0.0140092
0.0137474
0.0134627
0.0129529
0.0123699
0.0118765
0.0113555
0.0107464
0.0100972
0.0093898
0.0085752
0.0076761
0.0069080
0.0062989
0.0055407
0.0046288
0.0038431
0.0031523
0.0023891
0.0015322
0.0007094
-0.0002111
-0.0013996
-0.0027141
-0.0038782
-0.0047499
-0.0052874
-0.0054985
-0.0054171
-0.0051829
-0.0050138
-0.0051150
-0.0057037
-0.0066143
-0.0075122
-0.0082240
-0.0087146
-0.0090048
-0.0091923
-0.0095161
-0.0097287
-0.0094882
-0.0091481
-0.0090672
-0.0092255
-0.0094710
-0.0097563
-0.0099444
-0.0097232
-0.0088082
-0.0071254
-0.0049523
-0.0025588
-0.0001963
0.0018902
0.0036304
0.0050118
0.0059842
0.0064844
0.0065602
0.0063969
0.0062367
0.0061798
0.0061946
0.0061750
0.0060777
0.0059160
0.0055693
0.0047376
0.0033705
0.0019331
0.0006820
-0.0004353
-0.0014365
-0.0022282
-0.0026345
-0.0025659
-0.0022063
-0.0017688
-0.0012913
-0.0007848
-0.0002942
0.0000896
0.0003190
0.0004234
0.0003823
0.0002808
0.0002951
0.0005343
0.0009329
0.0013562
0.0018752
0.0024301
0.0027603
0.0027603
0.0024937
0.0022554
0.0021221
0.0019914
0.0019940
0.0021754
0.0023878
0.0025879
0.0028797
0.0032330
0.0036003
0.0040402
0.0044515
0.0047265
0.0048811
0.0049763
0.0050246
0.0048759
0.0044257
0.0037887
0.0031347
0.0025564
0.0022521
0.0021853
0.0021584
0.0021038
0.0020139
0.0019304
0.0018709
0.0018217
0.0017979
0.0018919
0.0021263
0.0023494
0.0025164
0.0026913
0.0028537
0.0029063
0.0027950
0.0025794
0.0023542
0.0021626
0.0020030
0.0019057
0.0019244
0.0020769
0.0022649
0.0023709
0.0023516
0.0021945
0.0018918
0.0015157
0.0011290
0.0008482
0.0007488
0.0007597
0.0007397
0.0006045
0.0003401
-0.0000442
-0.0004843
-0.0008641
-0.0011043
-0.0011795
-0.0011362
-0.0010458
-0.0009292
-0.0008129
-0.0008006
-0.0009436
-0.0011660
-0.0013704
-0.0015697
-0.0018075
-0.0019894
-0.0020622
-0.0021202
-0.0022077
-0.0022738
-0.0023002
-0.0023151
-0.0023360
-0.0023355
-0.0022842
-0.0021672
-0.0019905
-0.0017437
-0.0014383
-0.0011314
-0.0008691
-0.0006619
-0.0004920
-0.0003374
-0.0001962
-0.0000656
0.0000719
0.0002233
0.0003726
0.0004899
0.0005672
0.0006073
0.0006088
0.0005828
0.0005525
0.0005422
0.0005689
0.0006186
0.0006620
0.0006781
0.0006539
0.0006003
0.0005337
0.0004731
0.0004463
0.0004686
0.0005257
0.0005937
0.0006476
0.0006702
0.0006481
0.0005735
0.0004617
0.0003427
0.0002387
0.0001543
0.0000910
0.0000506
0.0000256
0.0000084
-0.0000055
-0.0000184
-0.0000333
-0.0000524
-0.0000796
-0.0001153
-0.0001497
-0.0001746
-0.0001884
-0.0001910
-0.0001826
-0.0001680
-0.0001518
-0.0001374
-0.0001265
-0.0001195
-0.0001163
-0.0001165
-0.0001188
-0.0001228
-0.0001269
-0.0001302
-0.0001324
-0.0001332
-0.0001330
-0.0001325
-0.0001326
-0.0001336
-0.0001357
-0.0001391
-0.0001430
-0.0001466
-0.0001492
-0.0001503
-0.0001497
-0.0001476
-0.0001442
-0.0001400
-0.0001351
-0.0001299
-0.0001245
-0.0001192
-0.0001140
-0.0001088
-0.0001036
-0.0000984
-0.0000933
-0.0000882
-0.0000830
-0.0000777
-0.0000725
-0.0000673
-0.0000622
-0.0000572
-0.0000522
-0.0000473
-0.0000424
-0.0000374
-0.0000325
-0.0000276
-0.0000227
-0.0000178
-0.0000130
-0.0000081
