0.0000081
0.0000085
0.0000089
0.0000094
0.0000098
0.0000103
0.0000107
0.0000112
0.0000116
0.0000121
0.0000126
0.0000131
0.0000134
0.0000138
0.0000142
0.0000147
0.0000152
0.0000160
0.0000167
0.0000168
0.0000169
0.0000173
0.0000179
0.0000183
0.0000188
0.0000192
0.0000197
0.0000204
0.0000215
0.0000218
0.0000218
0.0000229
0.0000233
0.0000230
0.0000231
0.0000241
0.0000259
0.0000260
0.0000256
0.0000271
0.0000276
0.0000267
0.0000266
0.0000280
0.0000310
0.0000341
0.0000366
0.0000355
0.0000312
0.0000299
0.0000331
0.0000339
0.0000318
0.0000312
0.0000323
0.0000341
0.0000382
0.0000407
0.0000374
0.0000349
0.0000396
0.0000450
0.0000448
0.0000379
0.0000307
0.0000325
0.0000383
0.0000398
0.0000417
0.0000515
0.0000548
0.0000450
0.0000395
0.0000455
0.0000475
0.0000408
0.0000338
0.0000349
0.0000367
0.0000398
0.0000461
0.0000556
0.0000596
0.0000517
0.0000462
0.0000551
0.0000651
0.0000663
0.0000616
0.0000551
0.0000587
0.0000646
0.0000597
0.0000630
0.0000758
0.0000672
0.0000519
0.0000592
0.0000739
0.0000739
0.0000584
0.0000547
0.0000773
0.0000857
0.0000640
0.0000508
0.0000660
0.0000831
0.0000799
0.0000657
0.0000649
0.0000645
0.0000575
0.0000540
0.0000563
0.0000544
0.0000431
0.0000496
0.0000779
0.0000950
0.0000929
0.0000836
0.0000729
0.0000786
0.0000926
0.0000923
0.0000717
0.0000613
0.0000760
0.0000777
0.0000683
0.0000812
0.0000958
0.0000801
0.0000644
0.0000827
0.0001007
0.0000824
0.0000651
0.0000793
0.0000831
0.0000679
0.0000658
0.0000919
0.0001071
0.0000907
0.0000889
0.0001019
0.0000810
0.0000479
0.0000660
0.0000877
0.0000765
0.0000700
0.0000960
0.0001212
0.0001218
0.0001148
0.0001144
0.0001179
0.0001184
0.0001188
0.0001051
0.0000603
0.0000442
0.0000658
0.0000786
0.0000810
0.0001036
0.0001279
0.0001308
0.0001173
0.0000872
0.0000747
0.0000966
0.0000981
0.0000672
0.0000363
0.0000479
0.0000840
0.0001134
0.0000909
0.0000495
0.0000736
0.0001011
0.0000862
0.0000695
0.0000718
0.0000790
0.0000785
0.0000774
0.0000679
0.0000536
0.0000849
0.0001054
0.0000950
0.0001147
0.0001367
0.0001184
0.0001071
0.0000974
0.0000808
0.0000745
0.0000871
0.0001261
0.0001536
0.0001546
0.0001267
0.0000725
0.0000892
0.0001407
0.0001102
0.0000465
0.0000735
0.0001111
0.0000946
0.0000720
0.0000840
0.0001314
0.0001533
0.0001112
0.0000803
0.0001192
0.0001647
0.0001562
0.0001021
0.0000781
0.0001232
0.0001662
0.0001667
0.0001417
0.0001111
0.0001132
0.0001061
0.0000810
0.0000716
0.0000775
0.0000921
0.0001329
0.0001542
0.0001236
0.0001226
0.0001444
0.0001262
0.0001265
0.0001434
0.0001247
0.0001260
0.0001448
0.0001131
0.0000826
0.0001089
0.0001140
0.0000809
0.0000779
0.0001182
0.0001170
0.0000778
0.0000768
0.0001193
0.0001287
0.0001335
0.0001572
0.0001557
0.0001176
0.0001103
0.0000913
0.0000221
-0.0000142
0.0000483
0.0001461
0.0001835
0.0001663
0.0001547
0.0001464
0.0001179
0.0001124
0.0001129
0.0001337
0.0001494
0.0001206
0.0001229
0.0001442
0.0001241
0.0001116
0.0000968
0.0000726
0.0000763
0.0001287
0.0001577
0.0001098
0.0000587
0.0000581
0.0000732
0.0000875
0.0001167
0.0000954
0.0000119
-0.0000240
0.0000197
0.0000395
0.0000578
0.0001379
0.0002096
0.0001493
0.0000699
0.0001034
0.0001700
0.0001519
0.0000604
0.0000858
0.0001916
0.0001606
0.0000735
0.0000966
0.0001521
0.0001153
0.0000692
0.0000961
0.0001186
0.0001299
0.0001630
0.0001933
0.0001338
0.0000537
0.0000430
0.0000762
0.0001427
0.0001941
0.0001486
0.0000978
0.0000781
0.0000523
0.0000123
0.0000232
0.0000624
0.0000864
0.0001101
0.0000965
0.0000616
0.0000641
0.0001197
0.0001620
0.0001477
0.0000751
0.0000013
0.0000269
0.0001116
0.0001135
0.0000618
0.0000435
0.0000719
0.0001130
0.0001121
0.0001161
0.0001572
0.0001909
0.0001288
0.0000469
0.0000380
0.0000484
0.0000314
0.0000792
0.0001404
0.0001080
0.0000498
0.0000416
0.0000717
0.0001227
0.0001542
0.0001522
0.0001310
0.0000827
0.0000608
0.0000834
0.0000489
0.0000339
0.0000902
0.0001154
0.0001083
0.0000799
0.0000526
0.0000495
0.0000559
0.0000697
0.0001141
0.0001401
0.0000817
-0.0000025
0.0000161
0.0001167
0.0001560
0.0000941
0.0000373
0.0000535
0.0001066
0.0000977
0.0000537
0.0000401
0.0000663
0.0000940
0.0000465
0.0000149
0.0000426
0.0000657
0.0000600
0.0000628
0.0001113
0.0001405
0.0000939
0.0000424
0.0000526
0.0001157
0.0001434
0.0001019
0.0001108
0.0001718
0.0001322
0.0000461
0.0000264
0.0000631
0.0001189
0.0001484
0.0001445
0.0001239
0.0000764
0.0000541
0.0000879
0.0001009
0.0001113
0.0001217
0.0000851
0.0000298
-0.0000101
0.0000239
0.0001106
0.0001569
0.0001323
0.0000828
0.0000824
0.0000670
0.0000041
0.0000130
0.0000916
0.0001000
0.0000610
0.0000908
0.0001171
0.0000457
-0.0000138
0.0000094
0.0001276
0.0001884
0.0001390
0.0000709
0.0001008
0.0001725
0.0001385
0.0000933
0.0001261
0.0001885
0.0001522
0.0000218
-0.0000076
0.0000911
0.0001454
0.0000962
0.0000832
0.0000988
0.0000379
-0.0000027
0.0000383
0.0001114
0.0001323
0.0000745
0.0000389
0.0000754
0.0000937
0.0001034
0.0001121
0.0000747
0.0000328
0.0000277
0.0000524
0.0001013
0.0001361
0.0001106
0.0000180
0.0000010
0.0000759
0.0001033
0.0000897
0.0000597
0.0000350
0.0000323
0.0000494
0.0001105
0.0001693
0.0001124
0.0000377
0.0000713
0.0001238
0.0000707
-0.0000101
0.0000405
0.0001240
0.0000792
-0.0000202
-0.0000337
0.0000147
0.0001227
0.0001591
0.0000915
0.0000596
0.0000702
0.0000892
0.0000567
-0.0000270
-0.0000477
0.0000557
0.0001467
0.0001448
0.0001161
0.0001136
0.0001235
0.0001134
0.0000609
0.0000465
0.0001281
0.0001810
0.0001795
0.0001188
0.0000064
0.0000000
0.0001279
0.0001683
0.0000730
-0.0000111
-0.0000328
-0.0000005
0.0000482
0.0000846
0.0000780
0.0000848
0.0001150
0.0001144
0.0000591
0.0000284
0.0000653
0.0000692
0.0000439
0.0000738
0.0001218
0.0001169
0.0000551
0.0000246
0.0000764
0.0001045
0.0000089
-0.0000582
0.0000205
0.0000914
0.0000917
0.0000500
0.0000187
0.0000207
0.0000283
0.0000418
0.0000723
0.0000761
0.0000735
0.0000650
0.0000841
0.0001035
0.0000634
0.0000286
0.0000717
0.0001233
0.0001264
0.0001088
0.0001072
0.0000991
0.0000668
0.0000599
0.0000628
0.0000823
0.0001229
0.0001630
0.0001363
0.0000346
-0.0000349
0.0000304
0.0001242
0.0001076
0.0000108
0.0000218
0.0000965
0.0000621
-0.0000216
0.0000094
0.0000582
0.0000376
0.0000213
0.0000703
0.0001074
0.0000601
0.0000189
0.0000631
0.0001186
0.0001085
0.0000446
0.0000030
0.0000213
0.0000799
0.0001292
0.0001593
0.0001274
0.0000309
-0.0000504
-0.0000191
0.0000687
0.0000689
0.0000273
0.0000466
0.0000407
-0.0000239
-0.0000324
0.0000136
0.0000304
0.0000436
0.0001159
0.0001617
0.0001502
0.0000689
0.0000137
0.0000442
0.0000798
0.0001143
0.0000771
0.0000231
0.0000302
-0.0000077
-0.0000642
-0.0000346
0.0000214
0.0000426
0.0000605
0.0000463
0.0000269
0.0000525
0.0000512
0.0000296
0.0000617
0.0001087
0.0001024
0.0000528
0.0000587
0.0000879
0.0000672
0.0000513
0.0000372
0.0000018
-0.0000406
-0.0000268
0.0000145
0.0000360
0.0000730
0.0000810
0.0000155
0.0000235
0.0000964
0.0001228
0.0000918
0.0000211
-0.0000464
-0.0000318
0.0000026
-0.0000198
-0.0000377
-0.0000276
0.0000448
0.0001010
0.0000591
0.0000020
-0.0000026
0.0000274
0.0000775
0.0000974
0.0000483
0.0000133
0.0000480
0.0000416
-0.0000299
-0.0000262
0.0000682
0.0001129
0.0000533
-0.0000043
-0.0000016
0.0000168
0.0000295
0.0000585
0.0000467
0.0000373
0.0000942
0.0000991
0.0000618
0.0000393
0.0000543
0.0000450
0.0000120
0.0000000
0.0000214
0.0000607
0.0000607
0.0000684
0.0000826
0.0000594
0.0000497
0.0000351
0.0000225
0.0000603
0.0001044
0.0000960
0.0000358
-0.0000049
-0.0000009
0.0000124
0.0000111
0.0000191
0.0000535
0.0000468
0.0000087
0.0000082
0.0000655
0.0000969
0.0000469
-0.0000047
-0.0000059
0.0000229
0.0000597
0.0000441
0.0000180
0.0000425
0.0000564
0.0000701
0.0000807
0.0000422
-0.0000011
0.0000059
0.0000782
0.0001529
0.0001403
0.0000770
0.0000189
-0.0000050
0.0000009
0.0000058
0.0000182
0.0000378
-0.0000047
-0.0000444
-0.0000657
-0.0000582
0.0000309
0.0000982
0.0000541
-0.0000075
-0.0000112
0.0000089
0.0000113
0.0000164
0.0000615
0.0000908
0.0000324
-0.0000526
-0.0000456
0.0000078
0.0000332
0.0000650
0.0000839
0.0000542
0.0000547
0.0000771
0.0000559
0.0000564
0.0000749
0.0000545
0.0000547
0.0000871
0.0000879
0.0000452
0.0000368
0.0000169
-0.0000300
0.0000142
0.0000954
0.0001004
0.0000291
-0.0000041
0.0000367
0.0000561
0.0000503
0.0000370
0.0000437
0.0000312
-0.0000116
-0.0000570
-0.0000267
0.0000373
0.0000037
-0.0000383
-0.0000036
0.0000566
0.0000565
0.0000561
0.0000703
0.0000378
-0.0000070
-0.0000011
0.0000584
0.0000998
0.0000951
0.0000820
0.0000706
0.0000157
-0.0000459
0.0000092
0.0000710
0.0000041
-0.0000522
-0.0000084
0.0000564
0.0000559
0.0000276
-0.0000262
-0.0000410
0.0000024
0.0000663
0.0000851
0.0000312
-0.0000154
-0.0000267
-0.0000465
-0.0000367
-0.0000040
0.0000069
0.0000098
0.0000643
0.0001396
0.0001213
0.0000230
-0.0000160
0.0000322
0.0000418
-0.0000012
-0.0000060
0.0000270
-0.0000087
-0.0000298
0.0000411
0.0000888
0.0000512
0.0000273
0.0000178
-0.0000017
-0.0000110
-0.0000083
0.0000080
0.0000423
0.0000205
-0.0000646
-0.0000903
0.0000149
0.0000827
-0.0000001
-0.0000588
-0.0000116
0.0000694
0.0000872
0.0000397
0.0000268
0.0000205
0.0000106
0.0000332
0.0000297
-0.0000156
-0.0000641
-0.0000338
0.0000324
-0.0000137
-0.0001021
-0.0001065
-0.0000326
0.0000016
-0.0000415
-0.0000364
0.0000511
0.0000938
0.0000378
-0.0000320
-0.0000646
-0.0000378
0.0000018
0.0000059
-0.0000034
-0.0000308
-0.0001081
-0.0001247
-0.0000286
0.0000668
0.0000496
0.0000029
0.0000399
0.0000832
0.0000422
-0.0000142
-0.0000064
0.0000580
0.0000874
0.0000335
-0.0000053
0.0000304
0.0000259
-0.0000466
-0.0000426
0.0000391
0.0000496
-0.0000015
-0.0000209
-0.0000072
0.0000022
-0.0000036
0.0000060
0.0000411
0.0000353
-0.0000164
-0.0000619
-0.0000560
-0.0000464
-0.0000304
-0.0000026
-0.0000208
-0.0000949
-0.0000825
0.0000206
0.0001146
0.0000759
0.0000002
0.0000425
0.0001403
0.0001385
0.0001035
0.0001912
0.0003301
0.0003740
0.0003447
0.0003126
0.0002845
0.0002977
0.0003308
0.0003259
0.0002553
0.0001653
0.0001163
0.0000817
0.0000422
0.0000018
0.0000300
0.0001033
0.0001266
0.0001930
0.0003790
0.0006539
0.0009596
0.0011820
0.0012796
0.0013073
0.0012518
0.0010784
0.0007898
0.0003984
-0.0000031
-0.0003718
-0.0007405
-0.0010888
-0.0014352
-0.0017576
-0.0020685
-0.0023748
-0.0026021
-0.0027000
-0.0026032
-0.0023572
-0.0019838
-0.0014489
-0.0008122
-0.0001133
0.0006057
0.0013589
0.0020507
0.0025574
0.0028462
0.0029606
0.0028849
0.0025215
0.0018167
0.0009608
0.0001901
-0.0004870
-0.0011428
-0.0017084
-0.0020653
-0.0021782
-0.0021515
-0.0020784
-0.0018726
-0.0014378
-0.0008509
-0.0002902
0.0002192
0.0006462
0.0009889
0.0013123
0.0016556
0.0019681
0.0021103
0.0020030
0.0017047
0.0014329
0.0012997
0.0011583
0.0008808
0.0006336
0.0006366
0.0008325
0.0010543
0.0012470
0.0014028
0.0015778
0.0018090
0.0021346
0.0024027
0.0023284
0.0018963
0.0013577
0.0008294
0.0002675
-0.0003509
-0.0011075
-0.0019178
-0.0026395
-0.0033340
-0.0039450
-0.0043326
-0.0043647
-0.0040245
-0.0034281
-0.0026882
-0.0019860
-0.0013828
-0.0006938
0.0002111
0.0013083
0.0024759
0.0035319
0.0041964
0.0044557
0.0045913
0.0047334
0.0047331
0.0044460
0.0039893
0.0035317
0.0031015
0.0025516
0.0018621
0.0012197
0.0007093
0.0001965
-0.0005991
-0.0016977
-0.0029342
-0.0041939
-0.0052900
-0.0059427
-0.0061329
-0.0059887
-0.0056111
-0.0052198
-0.0049836
-0.0048464
-0.0045860
-0.0039675
-0.0028820
-0.0014275
0.0002007
0.0017684
0.0031581
0.0043793
0.0054865
0.0064722
0.0071942
0.0075066
0.0073755
0.0070251
0.0066942
0.0062860
0.0055897
0.0046125
0.0035329
0.0024047
0.0011849
-0.0000303
-0.0010764
-0.0020390
-0.0028636
-0.0033380
-0.0035287
-0.0036312
-0.0036564
-0.0035940
-0.0035255
-0.0033426
-0.0028875
-0.0021303
-0.0012266
-0.0003702
0.0003817
0.0010567
0.0017782
0.0026434
0.0036378
0.0045885
0.0052302
0.0054751
0.0056337
0.0061030
0.0068933
0.0076870
0.0083818
0.0089980
0.0092236
0.0086720
0.0073055
0.0053524
0.0030730
0.0005077
-0.0024734
-0.0058568
-0.0092794
-0.0121988
-0.0145022
-0.0163443
-0.0177193
-0.0184342
-0.0183818
-0.0175676
-0.0161083
-0.0140488
-0.0111052
-0.0069018
-0.0015538
0.0044673
0.0106128
0.0164087
0.0216110
0.0260256
0.0291756
0.0307146
0.0305879
0.0288825
0.0256246
0.0208716
0.0152734
0.0095637
0.0039345
-0.0017033
-0.0070107
-0.0114241
-0.0148351
-0.0177897
-0.0207238
-0.0231925
-0.0244198
-0.0243165
-0.0236505
-0.0229888
-0.0217764
-0.0190405
-0.0146777
-0.0095689
-0.0045247
0.0002402
0.0047413
0.0087296
0.0118121
0.0138597
0.0149504
0.0151005
0.0140727
0.0117978
0.0091183
0.0074436
0.0075771
0.0091456
0.0111015
0.0125195
0.0130166
0.0127683
0.0120169
0.0109235
0.0095710
0.0076402
0.0044994
-0.0000362
-0.0050474
-0.0092019
-0.0116439
-0.0122590
-0.0114331
-0.0098260
-0.0080689
-0.0065131
-0.0050881
-0.0035642
-0.0018930
-0.0001612
0.0012125
0.0017163
0.0014950
0.0014931
0.0026755
0.0049804
0.0076533
0.0100935
0.0120283
0.0131853
0.0130455
0.0112790
0.0084079
0.0050448
0.0010310
-0.0039966
-0.0095596
-0.0144251
-0.0176481
-0.0190906
-0.0191500
-0.0180694
-0.0158495
-0.0125767
-0.0085069
-0.0039414
0.0005063
0.0039403
0.0058370
0.0065712
0.0069403
0.0073573
0.0076491
0.0076753
0.0078893
0.0088763
0.0108153
0.0134680
0.0162145
0.0176790
0.0164103
0.0122100
0.0064375
0.0010316
-0.0026735
-0.0046826
-0.0060090
-0.0076490
-0.0095827
-0.0108767
-0.0108273
-0.0098463
-0.0088515
-0.0083251
-0.0085333
-0.0095336
-0.0108419
-0.0114024
-0.0105090
-0.0085023
-0.0060650
-0.0030980
0.0006359
0.0045678
0.0077786
0.0097269
0.0107203
0.0115280
0.0123964
0.0127929
0.0123073
0.0111298
0.0093471
0.0067022
0.0034976
0.0007551
-0.0007048
-0.0011672
-0.0016221
-0.0025043
-0.0034542
-0.0042016
-0.0051882
-0.0073288
-0.0108291
-0.0147322
-0.0175131
-0.0182125
-0.0171805
-0.0154148
-0.0134989
-0.0111949
-0.0080040
-0.0036294
0.0016630
0.0067590
0.0103534
0.0122482
0.0137213
0.0163175
0.0201604
0.0239647
0.0262861
0.0264624
0.0248856
0.0222965
0.0188635
0.0142548
0.0084202
0.0019220
-0.0046639
-0.0111250
-0.0170464
-0.0215780
-0.0245559
-0.0266777
-0.0281258
-0.0280353
-0.0256240
-0.0214559
-0.0169231
-0.0125051
-0.0074628
-0.0012734
0.0055781
0.0122728
0.0186441
0.0253621
0.0328157
0.0404285
0.0470037
0.0509308
0.0509140
0.0466401
0.0390255
0.0297599
0.0203184
0.0114044
0.0028871
-0.0058027
-0.0151848
-0.0250398
-0.0338530
-0.0395437
-0.0410527
-0.0393011
-0.0364123
-0.0341660
-0.0330747
-0.0323778
-0.0306522
-0.0268897
-0.0213792
-0.0155813
-0.0104344
-0.0051201
0.0016742
0.0100712
0.0191857
0.0282904
0.0367331
0.0435816
0.0479117
0.0490783
0.0464680
0.0396530
0.0293196
0.0178296
0.0080997
0.0014420
-0.0034332
-0.0089539
-0.0162818
-0.0244477
-0.0314436
-0.0357633
-0.0375371
-0.0383386
-0.0397835
-0.0421897
-0.0448381
-0.0465057
-0.0456529
-0.0409500
-0.0320669
-0.0199981
-0.0065159
0.0069714
0.0198166
0.0315446
0.0413552
0.0484075
0.0525453
0.0543489
0.0540949
0.0512682
0.0454863
0.0377441
0.0299851
0.0231847
0.0164502
0.0085414
-0.0006190
-0.0101029
-0.0188765
-0.0262749
-0.0319987
-0.0365313
-0.0413347
-0.0477067
-0.0552302
-0.0616577
-0.0641499
-0.0606328
-0.0508524
-0.0369111
-0.0224335
-0.0103968
-0.0013269
0.0063248
0.0143738
0.0232450
0.0317715
0.0382642
0.0414033
0.0408379
0.0374988
0.0329026
0.0283541
0.0245436
0.0212928
0.0175617
0.0118915
0.0034727
-0.0070362
-0.0178469
-0.0273960
-0.0351399
-0.0409949
-0.0445236
-0.0450226
-0.0425440
-0.0380545
-0.0325333
-0.0265263
-0.0201784
-0.0129770
-0.0038156
0.0076605
0.0199722
0.0306681
0.0383624
0.0435123
0.0470570
0.0492937
0.0502710
0.0504529
0.0499908
0.0481383
0.0437361
0.0363964
0.0269481
0.0167042
0.0066915
-0.0023395
-0.0100955
-0.0170282
-0.0237522
-0.0301509
-0.0354787
-0.0391011
-0.0408191
-0.0406484
-0.0389826
-0.0367946
-0.0347914
-0.0324021
-0.0281883
-0.0213687
-0.0125560
-0.0030882
0.0057341
0.0128542
0.0180648
0.0222988
0.0264376
0.0302265
0.0326139
0.0330691
0.0320802
0.0301411
0.0272452
0.0238704
0.0211766
0.0196126
0.0181447
0.0149940
0.0095821
0.0034511
-0.0014608
-0.0048610
-0.0079501
-0.0118937
-0.0167369
-0.0218666
-0.0264110
-0.0291412
-0.0291160
-0.0267485
-0.0235808
-0.0204648
-0.0169860
-0.0128504
-0.0083420
-0.0036867
0.0009138
0.0046075
0.0064482
0.0073178
0.0096953
0.0148271
0.0209373
0.0249845
0.0259211
0.0251712
0.0241678
0.0225592
0.0190450
0.0132493
0.0061843
-0.0009047
-0.0076693
-0.0146107
-0.0219602
-0.0290998
-0.0348064
-0.0374680
-0.0358194
-0.0301119
-0.0224927
-0.0157847
-0.0112198
-0.0075139
-0.0028387
0.0029127
0.0080462
0.0112231
0.0125508
0.0127479
0.0122199
0.0110972
0.0093769
0.0068811
0.0039920
0.0022936
0.0031453
0.0053689
0.0057007
0.0022797
-0.0034816
-0.0089857
-0.0127646
-0.0138287
-0.0111541
-0.0056692
-0.0007769
0.0010954
0.0014299
0.0034194
0.0076118
0.0113072
0.0119988
0.0097050
0.0062184
0.0029970
0.0002505
-0.0021956
-0.0039951
-0.0047385
-0.0050652
-0.0063648
-0.0090097
-0.0114666
-0.0118706
-0.0101694
-0.0075190
-0.0045408
-0.0013188
0.0017808
0.0048574
0.0091597
0.0156560
0.0235814
0.0310678
0.0363412
0.0379190
0.0347996
0.0276520
0.0191185
0.0119038
0.0066845
0.0022615
-0.0031655
-0.0106882
-0.0194926
-0.0270530
-0.0313639
-0.0326397
-0.0323585
-0.0316412
-0.0304623
-0.0279079
-0.0230973
-0.0160733
-0.0079221
0.0002732
0.0081674
0.0155670
0.0215990
0.0248776
0.0250014
0.0237320
0.0233870
0.0241435
0.0236979
0.0198024
0.0126547
0.0040960
-0.0045045
-0.0128040
-0.0204436
-0.0267089
-0.0312882
-0.0342568
-0.0345621
-0.0301940
-0.0210063
-0.0103971
-0.0026417
0.0010626
0.0028251
0.0051067
0.0082125
0.0107960
0.0120048
0.0125039
0.0136997
0.0164613
0.0207795
0.0262724
0.0325952
0.0384863
0.0417956
0.0411857
0.0370557
0.0305710
0.0226264
0.0140236
0.0059714
-0.0006623
-0.0059363
-0.0100972
-0.0132307
-0.0155996
-0.0173672
-0.0184503
-0.0189523
-0.0194582
-0.0204611
-0.0217853
-0.0234769
-0.0257879
-0.0279290
-0.0282951
-0.0262903
-0.0227592
-0.0187071
-0.0143628
-0.0095603
-0.0043068
0.0014692
0.0079346
0.0146667
0.0202098
0.0229946
0.0229736
0.0217478
0.0207909
0.0197006
0.0170020
0.0124839
0.0078305
0.0045809
0.0021090
-0.0012384
-0.0051588
-0.0070336
-0.0054955
-0.0029169
-0.0029436
-0.0064274
-0.0111357
-0.0150229
-0.0178063
-0.0196143
-0.0199708
-0.0183766
-0.0150943
-0.0106396
-0.0049738
0.0016811
0.0077930
0.0115658
0.0128563
0.0130793
0.0134165
0.0136317
0.0129667
0.0114958
0.0100987
0.0096688
0.0097670
0.0087026
0.0057699
0.0028524
0.0031017
0.0072359
0.0114735
0.0110367
0.0055668
-0.0004787
-0.0036568
-0.0055118
-0.0093451
-0.0148808
-0.0188305
-0.0201260
-0.0213860
-0.0245659
-0.0276492
-0.0273132
-0.0231415
-0.0173774
-0.0118004
-0.0071605
-0.0040886
-0.0024764
-0.0009007
0.0019242
0.0052255
0.0067372
0.0056236
0.0039757
0.0048607
0.0094523
0.0161661
0.0218218
0.0239695
0.0234102
0.0238476
0.0281308
0.0343633
0.0370423
0.0331102
0.0254336
0.0188179
0.0144669
0.0105197
0.0058467
0.0008959
-0.0039820
-0.0088060
-0.0127645
-0.0143991
-0.0135970
-0.0121602
-0.0119870
-0.0130043
-0.0134554
-0.0121087
-0.0097398
-0.0077318
-0.0056664
-0.0014395
0.0056098
0.0133200
0.0192399
0.0228677
0.0248414
0.0253599
0.0242462
0.0217250
0.0182579
0.0138158
0.0078836
0.0003631
-0.0072732
-0.0126533
-0.0144809
-0.0133987
-0.0108945
-0.0083217
-0.0066718
-0.0066211
-0.0084546
-0.0114597
-0.0138963
-0.0140435
-0.0115267
-0.0076672
-0.0036441
0.0018148
0.0111102
0.0235726
0.0343335
0.0386585
0.0365425
0.0315433
0.0260093
0.0191864
0.0100040
-0.0002880
-0.0089324
-0.0135693
-0.0127967
-0.0071920
-0.0003455
0.0029683
0.0011241
-0.0025811
-0.0037970
-0.0016752
0.0015795
0.0041292
0.0057958
0.0064658
0.0050375
0.0011988
-0.0029899
-0.0047220
-0.0030031
0.0013684
0.0072258
0.0128041
0.0150429
0.0118307
0.0053115
0.0005926
0.0002650
0.0016900
0.0011125
-0.0011557
-0.0018268
0.0000118
0.0013111
-0.0002980
-0.0024518
-0.0010062
0.0037051
0.0061573
0.0021490
-0.0063390
-0.0142342
-0.0193779
-0.0238697
-0.0305191
-0.0397788
-0.0495345
-0.0559189
-0.0545256
-0.0431161
-0.0247416
-0.0068209
0.0045381
0.0088313
0.0090823
0.0066312
0.0003336
-0.0089951
-0.0164901
-0.0174930
-0.0124740
-0.0061522
-0.0024823
-0.0015668
-0.0008395
0.0016894
0.0055348
0.0088047
0.0100398
0.0087380
0.0049125
-0.0001353
-0.0036810
-0.0045281
-0.0047120
-0.0056256
-0.0039289
0.0044131
0.0166506
0.0243555
0.0235347
0.0195662
0.0197401
0.0248182
0.0304420
0.0337477
0.0351499
0.0355019
0.0348301
0.0336360
0.0332519
0.0343994
0.0364318
0.0381555
0.0385922
0.0371361
0.0337111
0.0290673
0.0239727
0.0181499
0.0109401
0.0020631
-0.0089106
-0.0230889
-0.0399339
-0.0550665
-0.0636732
-0.0661362
-0.0681101
-0.0737423
-0.0802226
-0.0806368
-0.0719902
-0.0583429
-0.0450875
-0.0332467
-0.0215607
-0.0111558
-0.0044006
-0.0002482
0.0058557
0.0171821
0.0324236
0.0473258
0.0583449
0.0643100
0.0653708
0.0618237
0.0549846
0.0473528
0.0404174
0.0336002
0.0257651
0.0169997
0.0080419
-0.0006819
-0.0081121
-0.0121899
-0.0118552
-0.0091877
-0.0080461
-0.0104037
-0.0145241
-0.0169545
-0.0156194
-0.0106595
-0.0038117
0.0025509
0.0065076
0.0076847
0.0079720
0.0104531
0.0163139
0.0229866
0.0266650
0.0269701
0.0268751
0.0281336
0.0291154
0.0274562
0.0231583
0.0179881
0.0132240
0.0089569
0.0051610
0.0017538
-0.0019981
-0.0065031
-0.0100133
-0.0101621
-0.0078348
-0.0073662
-0.0116562
-0.0188331
-0.0249725
-0.0284833
-0.0304554
-0.0315536
-0.0308924
-0.0280761
-0.0245682
-0.0220932
-0.0211740
-0.0219571
-0.0250563
-0.0308519
-0.0384252
-0.0454372
-0.0497564
-0.0501652
-0.0459942
-0.0374398
-0.0260143
-0.0139053
-0.0027536
0.0070576
0.0156872
0.0223346
0.0255826
0.0259450
0.0271854
0.0325475
0.0398842
0.0434633
0.0402710
0.0317549
0.0199296
0.0060754
-0.0070641
-0.0162034
-0.0215402
-0.0270296
-0.0357067
-0.0465669
-0.0567199
-0.0646243
-0.0695661
-0.0697043
-0.0630498
-0.0510348
-0.0399015
-0.0366930
-0.0426243
-0.0505146
-0.0513170
-0.0436170
-0.0338618
-0.0280269
-0.0267542
-0.0279762
-0.0302343
-0.0328898
-0.0357769
-0.0390404
-0.0419855
-0.0429392
-0.0411286
-0.0375334
-0.0329360
-0.0265694
-0.0178410
-0.0084007
-0.0008759
0.0041349
0.0082463
0.0133861
0.0208305
0.0302882
0.0387412
0.0419999
0.0390735
0.0337845
0.0304290
0.0299327
0.0311234
0.0331655
0.0353389
0.0358796
0.0331171
0.0269873
0.0181126
0.0065385
-0.0072515
-0.0208167
-0.0311247
-0.0378438
-0.0438310
-0.0517637
-0.0610929
-0.0686011
-0.0710284
-0.0668747
-0.0569972
-0.0450698
-0.0362640
-0.0330058
-0.0322731
-0.0289832
-0.0219261
-0.0140794
-0.0072797
-0.0001126
0.0085778
0.0171624
0.0230571
0.0245731
0.0209563
0.0134797
0.0064730
0.0041994
0.0064674
0.0089134
0.0079873
0.0046525
0.0026548
0.0037430
0.0053616
0.0041675
0.0003518
-0.0032604
-0.0049789
-0.0053553
-0.0047701
-0.0019141
0.0042888
0.0122520
0.0188896
0.0227463
0.0243728
0.0243172
0.0221202
0.0177161
0.0124470
0.0073446
0.0016683
-0.0060468
-0.0156702
-0.0246156
-0.0294854
-0.0289501
-0.0255164
-0.0233563
-0.0236584
-0.0233701
-0.0192814
-0.0117598
-0.0036883
0.0027121
0.0065999
0.0073498
0.0041667
-0.0026340
-0.0104527
-0.0152764
-0.0144659
-0.0091556
-0.0035624
-0.0015969
-0.0042298
-0.0097033
-0.0151794
-0.0183904
-0.0188710
-0.0188103
-0.0213848
-0.0272752
-0.0336854
-0.0372645
-0.0368530
-0.0332918
-0.0280464
-0.0220956
-0.0159210
-0.0105274
-0.0074222
-0.0073503
-0.0097248
-0.0128762
-0.0146003
-0.0132782
-0.0095105
-0.0060946
-0.0050356
-0.0046287
-0.0014965
0.0047830
0.0113658
0.0156902
0.0169455
0.0145467
0.0080769
-0.0006447
-0.0077472
-0.0110755
-0.0125899
-0.0156616
-0.0208077
-0.0251267
-0.0258195
-0.0231862
-0.0199300
-0.0187084
-0.0203368
-0.0231811
-0.0239454
-0.0202673
-0.0128794
-0.0048642
0.0008714
0.0039425
0.0064826
0.0105641
0.0160014
0.0212427
0.0254813
0.0286311
0.0302215
0.0293361
0.0251761
0.0179983
0.0095119
0.0017179
-0.0047370
-0.0107618
-0.0173719
-0.0247585
-0.0325190
-0.0397450
-0.0447632
-0.0461896
-0.0441602
-0.0394920
-0.0320778
-0.0219685
-0.0119052
-0.0054923
-0.0027580
-0.0002310
0.0052270
0.0142299
0.0255248
0.0367396
0.0450690
0.0486825
0.0475090
0.0429464
0.0372189
0.0326391
0.0298368
0.0269451
0.0214653
0.0130206
0.0041284
-0.0019948
-0.0041581
-0.0036182
-0.0020746
-0.0004204
0.0003169
-0.0010508
-0.0045274
-0.0086007
-0.0117272
-0.0131939
-0.0124932
-0.0094316
-0.0048163
-0.0004008
0.0023838
0.0038779
0.0057662
0.0090064
0.0124969
0.0138355
0.0114975
0.0062428
0.0004643
-0.0034921
-0.0043102
-0.0014955
0.0049929
0.0136169
0.0205521
0.0221978
0.0188597
0.0147491
0.0130644
0.0124375
0.0099907
0.0060738
0.0040160
0.0056317
0.0084925
0.0086180
0.0051569
0.0013699
0.0009081
0.0039086
0.0074494
0.0085070
0.0057209
-0.0003434
-0.0075900
-0.0132115
-0.0150075
-0.0127649
-0.0084015
-0.0041567
-0.0004487
0.0036770
0.0080413
0.0109579
0.0112648
0.0094574
0.0069326
0.0051798
0.0052506
0.0063557
0.0056158
0.0009746
-0.0060999
-0.0125957
-0.0177550
-0.0226046
-0.0267472
-0.0280126
-0.0258009
-0.0224056
-0.0200576
-0.0181045
-0.0145464
-0.0093586
-0.0048050
-0.0028884
-0.0032461
-0.0039027
-0.0033206
-0.0013355
0.0016139
0.0053610
0.0096130
0.0136919
0.0172373
0.0205037
0.0231645
0.0245079
0.0256266
0.0288207
0.0335793
0.0356045
0.0315920
0.0236075
0.0170858
0.0155145
0.0188431
0.0251075
0.0312949
0.0335629
0.0298090
0.0222747
0.0158514
0.0137230
0.0155861
0.0195800
0.0234966
0.0244364
0.0200247
0.0109058
0.0008400
-0.0059769
-0.0074613
-0.0045697
-0.0006935
0.0011765
0.0008229
0.0002497
0.0012925
0.0042147
0.0083966
0.0131671
0.0175560
0.0199650
0.0193136
0.0163480
0.0130303
0.0110624
0.0114627
0.0146604
0.0198229
0.0245870
0.0265497
0.0250699
0.0215660
0.0181926
0.0160701
0.0146535
0.0125381
0.0089140
0.0044953
0.0008946
-0.0012357
-0.0029027
-0.0052868
-0.0082057
-0.0106034
-0.0123826
-0.0144605
-0.0170507
-0.0193108
-0.0207677
-0.0215087
-0.0208558
-0.0172344
-0.0098762
0.0000783
0.0101608
0.0180839
0.0232817
0.0272806
0.0316055
0.0355807
0.0367838
0.0340442
0.0291821
0.0249518
0.0223797
0.0205803
0.0181210
0.0143430
0.0092129
0.0025863
-0.0054717
-0.0140139
-0.0218254
-0.0282758
-0.0334976
-0.0382749
-0.0433360
-0.0481098
-0.0503603
-0.0480041
-0.0412865
-0.0331120
-0.0271696
-0.0247841
-0.0241066
-0.0228778
-0.0208750
-0.0187902
-0.0163909
-0.0130049
-0.0091245
-0.0061970
-0.0050409
-0.0048084
-0.0040938
-0.0029796
-0.0028960
-0.0048510
-0.0088617
-0.0148565
-0.0230265
-0.0328422
-0.0426209
-0.0506345
-0.0565826
-0.0613418
-0.0648791
-0.0654154
-0.0615713
-0.0546109
-0.0473235
-0.0410676
-0.0349076
-0.0273104
-0.0178492
-0.0074563
0.0020917
0.0091441
0.0134918
0.0166246
0.0206706
0.0264877
0.0324420
0.0351999
0.0328047
0.0270864
0.0216168
0.0176413
0.0138268
0.0095104
0.0059694
0.0040686
0.0023265
-0.0016206
-0.0084131
-0.0161876
-0.0221299
-0.0250147
-0.0259333
-0.0269270
-0.0292053
-0.0321130
-0.0332983
-0.0305865
-0.0241066
-0.0159756
-0.0076762
0.0013220
0.0114243
0.0202404
0.0241605
0.0229761
0.0211593
0.0236265
0.0311000
0.0401347
0.0463981
0.0477356
0.0448759
0.0400472
0.0352633
0.0312212
0.0268376
0.0198745
0.0093736
-0.0024626
-0.0116439
-0.0162181
-0.0181119
-0.0200156
-0.0213356
-0.0194045
-0.0146045
-0.0113242
-0.0124897
-0.0157486
-0.0166835
-0.0140409
-0.0099699
-0.0063067
-0.0032661
-0.0010785
-0.0001533
0.0007667
0.0040118
0.0096383
0.0146050
0.0159944
0.0139812
0.0108022
0.0079814
0.0057112
0.0041105
0.0038427
0.0051931
0.0073079
0.0083079
0.0069684
0.0045989
0.0039238
0.0053564
0.0063128
0.0052309
0.0040585
0.0046971
0.0059582
0.0062007
0.0064759
0.0085440
0.0112445
0.0119470
0.0110054
0.0114933
0.0145478
0.0179309
0.0195747
0.0200303
0.0204398
0.0204384
0.0190241
0.0164294
0.0143144
0.0148474
0.0190890
0.0248657
0.0277543
0.0258327
0.0217077
0.0186146
0.0171420
0.0167507
0.0179634
0.0206149
0.0213818
0.0166421
0.0076316
-0.0006194
-0.0058409
-0.0109724
-0.0192697
-0.0293117
-0.0372122
-0.0417283
-0.0447230
-0.0471725
-0.0470079
-0.0420248
-0.0338939
-0.0268467
-0.0225004
-0.0186471
-0.0131455
-0.0066434
-0.0012953
0.0012513
0.0009210
-0.0006509
-0.0012079
0.0004649
0.0042560
0.0093202
0.0139275
0.0161785
0.0158652
0.0139843
0.0095394
-0.0007034
-0.0178758
-0.0377276
-0.0535462
-0.0624734
-0.0675900
-0.0731395
-0.0798258
-0.0859094
-0.0906304
-0.0948403
-0.0992755
-0.1036933
-0.1072365
-0.1084577
-0.1054233
-0.0970224
-0.0844793
-0.0701204
-0.0532146
-0.0292605
0.0030560
0.0373891
0.0656829
0.0855320
0.0995907
0.1107577
0.1199233
0.1269532
0.1318717
0.1346773
0.1350011
0.1313729
0.1209387
0.1020617
0.0773623
0.0526203
0.0323726
0.0179223
0.0085855
0.0026727
-0.0017363
-0.0060588
-0.0114248
-0.0181644
-0.0239871
-0.0246705
-0.0179820
-0.0066236
0.0038451
0.0103094
0.0133739
0.0140425
0.0129089
0.0122283
0.0144955
0.0188610
0.0211035
0.0167942
0.0045430
-0.0126913
-0.0295516
-0.0418978
-0.0487857
-0.0513069
-0.0495628
-0.0418658
-0.0276089
-0.0093077
0.0093490
0.0265055
0.0420405
0.0547042
0.0618346
0.0630968
0.0619508
0.0601704
0.0542593
0.0416413
0.0279829
0.0227622
0.0272718
0.0326142
0.0299313
0.0182775
0.0022817
-0.0132152
-0.0242306
-0.0275640
-0.0228044
-0.0137539
-0.0055887
-0.0008506
0.0012770
0.0028456
0.0053400
0.0094560
0.0146900
0.0191831
0.0210852
0.0200864
0.0168436
0.0122511
0.0077750
0.0052640
0.0053305
0.0062759
0.0060104
0.0042756
0.0018904
-0.0011203
-0.0053977
-0.0110219
-0.0176072
-0.0250512
-0.0330844
-0.0406283
-0.0465304
-0.0511065
-0.0562102
-0.0633167
-0.0725182
-0.0830139
-0.0932285
-0.1009929
-0.1048592
-0.1052061
-0.1033442
-0.0995966
-0.0936083
-0.0857934
-0.0775780
-0.0697467
-0.0609202
-0.0484173
-0.0313399
-0.0122568
0.0050832
0.0189941
0.0299785
0.0390500
0.0469957
0.0541404
0.0599165
0.0626405
0.0603691
0.0522383
0.0391091
0.0229431
0.0058521
-0.0103657
-0.0252388
-0.0403747
-0.0575688
-0.0764380
-0.0955103
-0.1139027
-0.1305916
-0.1439464
-0.1529374
-0.1579371
-0.1593271
-0.1561987
-0.1473495
-0.1332011
-0.1162293
-0.0997223
-0.0860708
-0.0752439
-0.0648684
-0.0522435
-0.0362001
-0.0180424
-0.0014650
0.0101921
0.0172397
0.0234172
0.0322960
0.0442299
0.0563358
0.0649883
0.0686895
0.0689810
0.0684979
0.0681069
0.0668496
0.0641646
0.0609332
0.0588330
0.0593594
0.0625390
0.0663333
0.0677157
0.0648403
0.0588538
0.0530686
0.0492057
0.0453893
0.0396891
0.0342215
0.0325780
0.0334963
0.0305157
0.0192473
0.0033612
-0.0084954
-0.0110576
-0.0061603
0.0010919
0.0080060
0.0163344
0.0294647
0.0478744
0.0681510
0.0861807
0.1006691
0.1134945
0.1279633
0.1466054
0.1686546
0.1890450
0.2016339
0.2037551
0.1966226
0.1821134
0.1607982
0.1332472
0.1023129
0.0728833
0.0480601
0.0261093
0.0026695
-0.0240029
-0.0510565
-0.0749244
-0.0963581
-0.1202743
-0.1497468
-0.1808071
-0.2041352
-0.2115639
-0.2009778
-0.1757207
-0.1408765
-0.1005301
-0.0573093
-0.0124557
0.0330396
0.0767418
0.1147920
0.1429721
0.1578431
0.1593402
0.1529128
0.1464984
0.1433655
0.1397230
0.1308641
0.1166034
0.0994361
0.0810846
0.0621671
0.0426486
0.0215194
-0.0017843
-0.0254930
-0.0457753
-0.0590762
-0.0648172
-0.0655383
-0.0632040
-0.0561773
-0.0418079
-0.0215306
-0.0007949
0.0157272
0.0274202
0.0373077
0.0488125
0.0617193
0.0706452
0.0691899
0.0571050
0.0422739
0.0342003
0.0356496
0.0416073
0.0451526
0.0420327
0.0313461
0.0161606
0.0026248
-0.0047443
-0.0063877
-0.0051890
-0.0024975
0.0024484
0.0104616
0.0201219
0.0273313
0.0290205
0.0274723
0.0280694
0.0335028
0.0421962
0.0499305
0.0514788
0.0432327
0.0266887
0.0075970
-0.0092294
-0.0228472
-0.0348881
-0.0467956
-0.0582656
-0.0673740
-0.0722331
-0.0724760
-0.0692677
-0.0638183
-0.0555191
-0.0428753
-0.0265068
-0.0086346
0.0103326
0.0310744
0.0520191
0.0711574
0.0901468
0.1116043
0.1324351
0.1442192
0.1422865
0.1312100
0.1188692
0.1076167
0.0938127
0.0735264
0.0465618
0.0167575
-0.0091455
-0.0249578
-0.0306200
-0.0337244
-0.0422532
-0.0555205
-0.0642632
-0.0606257
-0.0464482
-0.0306604
-0.0201621
-0.0147404
-0.0092752
0.0009508
0.0164893
0.0337507
0.0479432
0.0559777
0.0574152
0.0540548
0.0484659
0.0417140
0.0325372
0.0198929
0.0059629
-0.0049872
-0.0114038
-0.0164796
-0.0237135
-0.0315009
-0.0350788
-0.0332843
-0.0295083
-0.0262364
-0.0232651
-0.0207414
-0.0198680
-0.0197081
-0.0171617
-0.0115353
-0.0061257
-0.0044268
-0.0059394
-0.0062977
-0.0019601
0.0052395
0.0097759
0.0085696
0.0037672
-0.0002891
-0.0008782
0.0020421
0.0062668
0.0087416
0.0075079
0.0033524
-0.0007542
-0.0019113
0.0004547
0.0039117
0.0059690
0.0075791
0.0120704
0.0206191
0.0309149
0.0406588
0.0505234
0.0624525
0.0761943
0.0889445
0.0981526
0.1028489
0.1025290
0.0975689
0.0913035
0.0885025
0.0895936
0.0881921
0.0774170
0.0580759
0.0385364
0.0269117
0.0246069
0.0253869
0.0194691
0.0015174
-0.0234284
-0.0441530
-0.0541972
-0.0560404
-0.0547382
-0.0512721
-0.0444530
-0.0359886
-0.0288169
-0.0224101
-0.0132515
0.0009074
0.0194087
0.0387276
0.0525272
0.0553384
0.0476977
0.0361993
0.0291253
0.0320439
0.0445129
0.0591106
0.0651444
0.0563362
0.0363299
0.0160002
0.0046094
0.0038063
0.0090724
0.0141970
0.0148932
0.0106862
0.0045514
0.0002074
-0.0005667
0.0016145
0.0051602
0.0088021
0.0113949
0.0123831
0.0133314
0.0176070
0.0274674
0.0409754
0.0521646
0.0553032
0.0498138
0.0401659
0.0307331
0.0231184
0.0188047
0.0201020
0.0257515
0.0290513
0.0239895
0.0119523
-0.0005959
-0.0102870
-0.0195595
-0.0309967
-0.0422769
-0.0484370
-0.0474148
-0.0417170
-0.0354386
-0.0301715
-0.0239620
-0.0147682
-0.0034523
0.0080783
0.0195889
0.0311227
0.0414818
0.0509923
0.0638544
0.0844789
0.1123798
0.1420512
0.1664365
0.1802421
0.1823561
0.1770660
0.1710490
0.1667501
0.1591234
0.1408697
0.1110477
0.0774426
0.0498235
0.0316175
0.0184389
0.0032783
-0.0184706
-0.0475802
-0.0805080
-0.1097785
-0.1286898
-0.1363603
-0.1365388
-0.1341745
-0.1338280
-0.1368328
-0.1385810
-0.1321028
-0.1155152
-0.0934892
-0.0715986
-0.0523362
-0.0359879
-0.0209724
-0.0033346
0.0202296
0.0476128
0.0719632
0.0883372
0.0979707
0.1053856
0.1125385
0.1174016
0.1173448
0.1116368
0.1014949
0.0895222
0.0780020
0.0669272
0.0557969
0.0464955
0.0418671
0.0414264
0.0408026
0.0366649
0.0308207
0.0273145
0.0265262
0.0251155
0.0207212
0.0139964
0.0073008
0.0036693
0.0054262
0.0116999
0.0182128
0.0206928
0.0176849
0.0105627
0.0027795
-0.0015748
-0.0008985
0.0018983
0.0023236
-0.0002049
-0.0016115
0.0010052
0.0058226
0.0098548
0.0122910
0.0128231
0.0103966
0.0058065
0.0027320
0.0038660
0.0077419
0.0111603
0.0126322
0.0120534
0.0090647
0.0031327
-0.0065598
-0.0217539
-0.0431473
-0.0676036
-0.0894251
-0.1043089
-0.1119074
-0.1149944
-0.1162437
-0.1164579
-0.1150630
-0.1109707
-0.1032057
-0.0923557
-0.0812385
-0.0721343
-0.0638732
-0.0540197
-0.0432634
-0.0353709
-0.0329509
-0.0351297
-0.0385423
-0.0384202
-0.0307077
-0.0162005
-0.0018912
0.0035958
-0.0037376
-0.0205178
-0.0388386
-0.0523460
-0.0600730
-0.0654977
-0.0730186
-0.0845860
-0.0984723
-0.1115404
-0.1224678
-0.1312725
-0.1362097
-0.1332611
-0.1194096
-0.0963517
-0.0701334
-0.0471590
-0.0306755
-0.0195634
-0.0098902
0.0013981
0.0145314
0.0286500
0.0426915
0.0536875
0.0570833
0.0514367
0.0410714
0.0325556
0.0292300
0.0297033
0.0296628
0.0244011
0.0125321
-0.0017660
-0.0122066
-0.0163669
-0.0160474
-0.0131454
-0.0082877
-0.0019975
0.0051702
0.0124489
0.0177341
0.0179557
0.0122147
0.0034461
-0.0040324
-0.0083466
-0.0102007
-0.0104938
-0.0098926
-0.0096679
-0.0116785
-0.0180417
-0.0301150
-0.0463287
-0.0623668
-0.0743136
-0.0811441
-0.0846652
-0.0877447
-0.0915892
-0.0937841
-0.0902533
-0.0800731
-0.0678727
-0.0596779
-0.0564553
-0.0540534
-0.0495777
-0.0448209
-0.0433192
-0.0463368
-0.0515921
-0.0543567
-0.0500955
-0.0376300
-0.0203077
-0.0043875
0.0051071
0.0085066
0.0108005
0.0155619
0.0214301
0.0258317
0.0291455
0.0333538
0.0384879
0.0426583
0.0461854
0.0528202
0.0638904
0.0728188
0.0696510
0.0515582
0.0258237
0.0021845
-0.0153510
-0.0277556
-0.0352842
-0.0373332
-0.0358912
-0.0345797
-0.0348008
-0.0356992
-0.0364738
-0.0365202
-0.0345816
-0.0296156
-0.0216582
-0.0104453
0.0057810
0.0278212
0.0522742
0.0738657
0.0900670
0.1010354
0.1076670
0.1125827
0.1202702
0.1330643
0.1478379
0.1575744
0.1564964
0.1451546
0.1307492
0.1199432
0.1110364
0.0952976
0.0664933
0.0275992
-0.0117436
-0.0425305
-0.0619470
-0.0738590
-0.0829294
-0.0893772
-0.0912591
-0.0894656
-0.0874495
-0.0874397
-0.0885967
-0.0873703
-0.0788044
-0.0604786
-0.0365558
-0.0145834
0.0042623
0.0282326
0.0648039
0.1107848
0.1553418
0.1893976
0.2097923
0.2170404
0.2129497
0.2011209
0.1868053
0.1729882
0.1571235
0.1346806
0.1060066
0.0759363
0.0462386
0.0131993
-0.0258953
-0.0685624
-0.1106335
-0.1507149
-0.1894915
-0.2251874
-0.2540440
-0.2758375
-0.2938119
-0.3085653
-0.3162180
-0.3125694
-0.2965154
-0.2709736
-0.2416271
-0.2129020
-0.1846566
-0.1542668
-0.1211570
-0.0872748
-0.0543800
-0.0241410
0.0007050
0.0193322
0.0347520
0.0494009
0.0609916
0.0650535
0.0598724
0.0466466
0.0278551
0.0079850
-0.0085831
-0.0221545
-0.0365534
-0.0535504
-0.0711720
-0.0857203
-0.0947289
-0.0984913
-0.0984626
-0.0958997
-0.0930038
-0.0934577
-0.0992524
-0.1065690
-0.1074398
-0.0966371
-0.0750373
-0.0467254
-0.0167678
0.0102551
0.0329999
0.0533212
0.0725663
0.0893955
0.1008000
0.1041787
0.0996572
0.0910843
0.0839707
0.0811291
0.0803319
0.0773037
0.0702088
0.0605331
0.0503819
0.0398506
0.0269582
0.0098332
-0.0104853
-0.0294861
-0.0420994
-0.0456308
-0.0402974
-0.0285645
-0.0138698
0.0012320
0.0163243
0.0322180
0.0487560
0.0645768
0.0784194
0.0896929
0.0983383
0.1049556
0.1107967
0.1161627
0.1180168
0.1108551
0.0925738
0.0690460
0.0496287
0.0383272
0.0313918
0.0221735
0.0071561
-0.0117282
-0.0299377
-0.0449136
-0.0575853
-0.0702439
-0.0828551
-0.0916020
-0.0914767
-0.0799111
-0.0580279
-0.0305889
-0.0041288
0.0176530
0.0366566
0.0571061
0.0801794
0.1032146
0.1232312
0.1386456
0.1475634
0.1475056
0.1385385
0.1246958
0.1106397
0.0976259
0.0844613
0.0712138
0.0595688
0.0509614
0.0454049
0.0404090
0.0314912
0.0153329
-0.0067110
-0.0289384
-0.0447910
-0.0499755
-0.0447001
-0.0338987
-0.0234499
-0.0158609
-0.0103169
-0.0061592
-0.0040855
-0.0041210
-0.0041363
-0.0016635
0.0030863
0.0073980
0.0093866
0.0096914
0.0092249
0.0068878
0.0005253
-0.0103395
-0.0237655
-0.0373099
-0.0497047
-0.0603131
-0.0674030
-0.0680157
-0.0603679
-0.0456837
-0.0275655
-0.0106485
0.0010455
0.0060896
0.0062178
0.0047282
0.0038569
0.0025153
-0.0024386
-0.0117876
-0.0219339
-0.0276030
-0.0259899
-0.0185846
-0.0101940
-0.0063365
-0.0102499
-0.0213740
-0.0364329
-0.0510865
-0.0611885
-0.0644886
-0.0617490
-0.0555682
-0.0480517
-0.0401246
-0.0323681
-0.0253736
-0.0199614
-0.0172292
-0.0179085
-0.0213307
-0.0250706
-0.0261808
-0.0238120
-0.0203280
-0.0198721
-0.0255862
-0.0371184
-0.0507955
-0.0631596
-0.0734342
-0.0821845
-0.0891821
-0.0939368
-0.0970638
-0.0993484
-0.0998668
-0.0963494
-0.0868539
-0.0712290
-0.0524457
-0.0353239
-0.0223825
-0.0122356
-0.0026112
0.0063687
0.0125566
0.0143809
0.0127830
0.0112941
0.0141823
0.0239204
0.0399095
0.0589144
0.0768775
0.0913991
0.1028503
0.1124776
0.1192730
0.1196469
0.1105000
0.0922274
0.0688547
0.0464904
0.0307099
0.0222605
0.0152462
0.0028495
-0.0147503
-0.0307135
-0.0397121
-0.0428760
-0.0452614
-0.0510425
-0.0619110
-0.0770779
-0.0928715
-0.1042206
-0.1076590
-0.1019735
-0.0873739
-0.0662519
-0.0440459
-0.0265773
-0.0154011
-0.0081594
-0.0024691
0.0030645
0.0094961
0.0160615
0.0195936
0.0178952
0.0130025
0.0093888
0.0095037
0.0117016
0.0117692
0.0061864
-0.0053369
-0.0197326
-0.0333877
-0.0450392
-0.0556903
-0.0658424
-0.0737498
-0.0766796
-0.0732306
-0.0638259
-0.0493560
-0.0310635
-0.0114410
0.0060819
0.0193405
0.0283908
0.0336717
0.0351735
0.0343163
0.0347073
0.0389559
0.0456052
0.0512646
0.0550406
0.0589017
0.0640423
0.0688173
0.0707446
0.0683206
0.0596503
0.0417828
0.0135235
-0.0219020
-0.0583770
-0.0902626
-0.1142192
-0.1288040
-0.1319333
-0.1201275
-0.0926410
-0.0558877
-0.0221409
-0.0018883
0.0036293
0.0008476
-0.0036510
-0.0062821
-0.0055504
-0.0016960
0.0042557
0.0121703
0.0223465
0.0335187
0.0429847
0.0485227
0.0487638
0.0425486
0.0305557
0.0161151
0.0027006
-0.0081092
-0.0155758
-0.0180121
-0.0140531
-0.0050896
0.0050006
0.0121921
0.0145652
0.0128646
0.0089685
0.0035471
-0.0036250
-0.0112232
-0.0167035
-0.0189822
-0.0191384
-0.0187385
-0.0188302
-0.0197247
-0.0206493
-0.0206095
-0.0196646
-0.0185761
-0.0179072
-0.0182644
-0.0200036
-0.0222714
-0.0239244
-0.0251712
-0.0275609
-0.0326385
-0.0397150
-0.0448957
-0.0442008
-0.0383425
-0.0325592
-0.0308984
-0.0321605
-0.0321148
-0.0282522
-0.0213161
-0.0134547
-0.0060283
0.0008393
0.0071369
0.0121718
0.0153699
0.0177499
0.0219500
0.0296735
0.0399317
0.0505406
0.0598850
0.0660348
0.0650697
0.0530364
0.0312189
0.0073071
-0.0102418
-0.0183040
-0.0197367
-0.0193659
-0.0202491
-0.0227339
-0.0251618
-0.0248738
-0.0195868
-0.0095199
0.0021200
0.0119157
0.0186278
0.0223607
0.0230912
0.0210432
0.0174630
0.0145269
0.0148023
0.0191512
0.0246261
0.0257446
0.0183064
0.0024058
-0.0181125
-0.0382643
-0.0541885
-0.0651204
-0.0740102
-0.0848578
-0.0991270
-0.1152948
-0.1307156
-0.1427540
-0.1484665
-0.1444616
-0.1284322
-0.1018495
-0.0702676
-0.0398625
-0.0139149
0.0086893
0.0315959
0.0567703
0.0822053
0.1033539
0.1162862
0.1201126
0.1174588
0.1128023
0.1094361
0.1075560
0.1054402
0.1013235
0.0936237
0.0810817
0.0644379
0.0472862
0.0335133
0.0229428
0.0112176
-0.0050272
-0.0251275
-0.0464229
-0.0662676
-0.0810074
-0.0858888
-0.0780469
-0.0591992
-0.0351144
-0.0125564
0.0040176
0.0137137
0.0187406
0.0233873
0.0316487
0.0440042
0.0570784
0.0665790
0.0698039
0.0663706
0.0586164
0.0505766
0.0450115
0.0420881
0.0406246
0.0391657
0.0355995
0.0275138
0.0146696
0.0002469
-0.0118210
-0.0199377
-0.0250184
-0.0287727
-0.0325696
-0.0374421
-0.0437264
-0.0501909
-0.0546259
-0.0557104
-0.0539699
-0.0504822
-0.0456626
-0.0400586
-0.0347086
-0.0299726
-0.0253288
-0.0204082
-0.0149779
-0.0090245
-0.0029408
0.0028453
0.0074114
0.0087810
0.0054511
-0.0014493
-0.0085157
-0.0125664
-0.0123634
-0.0090904
-0.0055215
-0.0042881
-0.0062533
-0.0105799
-0.0155871
-0.0192782
-0.0200179
-0.0176174
-0.0133529
-0.0086492
-0.0041537
-0.0001639
0.0028312
0.0046578
0.0058417
0.0075447
0.0109418
0.0158840
0.0201553
0.0206912
0.0165429
0.0108517
0.0081676
0.0096558
0.0123578
0.0127853
0.0102866
0.0065437
0.0029184
-0.0004980
-0.0037417
-0.0063009
-0.0074670
-0.0067916
-0.0043361
-0.0010250
0.0014358
0.0020016
0.0017628
0.0028142
0.0053184
0.0073406
0.0075759
0.0069622
0.0068606
0.0068793
0.0060535
0.0052525
0.0063859
0.0093231
0.0120809
0.0141779
0.0172526
0.0217225
0.0253541
0.0262390
0.0251290
0.0242435
0.0247754
0.0259973
0.0262334
0.0245060
0.0207262
0.0143739
0.0050715
-0.0056824
-0.0145801
-0.0187760
-0.0183155
-0.0162580
-0.0161184
-0.0187729
-0.0224628
-0.0254858
-0.0280879
-0.0311990
-0.0344380
-0.0365559
-0.0372400
-0.0373343
-0.0373199
-0.0364978
-0.0336002
-0.0276170
-0.0181125
-0.0055474
0.0084010
0.0208762
0.0289796
0.0316500
0.0299764
0.0263756
0.0240191
0.0258899
0.0326498
0.0410569
0.0458772
0.0441209
0.0374245
0.0299496
0.0242211
0.0196758
0.0144328
0.0072242
-0.0020170
-0.0122394
-0.0215684
-0.0278872
-0.0301064
-0.0292386
-0.0277476
-0.0271559
-0.0267377
-0.0252693
-0.0232541
-0.0226158
-0.0242944
-0.0268338
-0.0282700
-0.0283021
-0.0277335
-0.0267221
-0.0240036
-0.0177125
-0.0072509
0.0051884
0.0152751
0.0194218
0.0164822
0.0072069
-0.0057938
-0.0175250
-0.0225254
-0.0195201
-0.0134735
-0.0113625
-0.0157241
-0.0230001
-0.0276426
-0.0264733
-0.0199592
-0.0117711
-0.0069503
-0.0085164
-0.0145217
-0.0195997
-0.0196338
-0.0141635
-0.0052836
0.0040758
0.0109391
0.0132528
0.0113349
0.0080187
0.0064195
0.0072968
0.0087293
0.0081212
0.0046494
-0.0000893
-0.0035784
-0.0045633
-0.0036816
-0.0025574
-0.0029904
-0.0062748
-0.0121088
-0.0185275
-0.0225731
-0.0212597
-0.0134922
-0.0018005
0.0087735
0.0147706
0.0168802
0.0181317
0.0204274
0.0237190
0.0270846
0.0296708
0.0313399
0.0323173
0.0320530
0.0293582
0.0244227
0.0194506
0.0158090
0.0116120
0.0042648
-0.0053710
-0.0134165
-0.0170932
-0.0169900
-0.0152994
-0.0132758
-0.0104336
-0.0059188
0.0003164
0.0074998
0.0145978
0.0209122
0.0263647
0.0315062
0.0368151
0.0419547
0.0462189
0.0497099
0.0530156
0.0557607
0.0564238
0.0540629
0.0496161
0.0447255
0.0398135
0.0338932
0.0261561
0.0168406
0.0065496
-0.0041970
-0.0144483
-0.0223620
-0.0261851
-0.0258854
-0.0234704
-0.0214913
-0.0211639
-0.0220806
-0.0231482
-0.0233164
-0.0217049
-0.0180310
-0.0133881
-0.0095232
-0.0069515
-0.0044515
-0.0006681
0.0043486
0.0092125
0.0122179
0.0124877
0.0105210
0.0078814
0.0056682
0.0033351
-0.0004073
-0.0055539
-0.0106399
-0.0145767
-0.0175153
-0.0197397
-0.0208976
-0.0212557
-0.0224358
-0.0255761
-0.0293899
-0.0312003
-0.0295887
-0.0254882
-0.0209446
-0.0171670
-0.0141989
-0.0120432
-0.0109210
-0.0102925
-0.0087512
-0.0053800
-0.0011401
0.0016856
0.0013921
-0.0021790
-0.0076411
-0.0125337
-0.0143079
-0.0117668
-0.0064178
-0.0018607
-0.0011818
-0.0046706
-0.0099284
-0.0138130
-0.0146376
-0.0131633
-0.0112801
-0.0102825
-0.0106148
-0.0126204
-0.0163539
-0.0204978
-0.0226595
-0.0217225
-0.0192970
-0.0183152
-0.0201764
-0.0234596
-0.0257506
-0.0263828
-0.0268459
-0.0286841
-0.0320381
-0.0359828
-0.0393631
-0.0407818
-0.0390151
-0.0339610
-0.0269848
-0.0197852
-0.0132241
-0.0071572
-0.0013287
0.0037588
0.0071046
0.0085086
0.0091717
0.0106831
0.0138261
0.0181476
0.0228333
0.0273166
0.0309775
0.0332143
0.0340017
0.0344254
0.0357661
0.0378346
0.0390790
0.0382867
0.0353762
0.0306684
0.0246930
0.0191113
0.0159980
0.0153708
0.0148381
0.0119882
0.0066758
0.0007628
-0.0040093
-0.0069569
-0.0078322
-0.0067775
-0.0050409
-0.0048016
-0.0074122
-0.0120307
-0.0161960
-0.0175010
-0.0152153
-0.0106909
-0.0062303
-0.0035213
-0.0033051
-0.0053358
-0.0080651
-0.0089894
-0.0062176
-0.0005032
0.0045914
0.0056320
0.0026311
-0.0010847
-0.0022557
-0.0005365
0.0021505
0.0040596
0.0045651
0.0035165
0.0009818
-0.0021930
-0.0046958
-0.0059120
-0.0062860
-0.0068005
-0.0078790
-0.0088110
-0.0084762
-0.0063817
-0.0030565
0.0001286
0.0018376
0.0018596
0.0013464
0.0015167
0.0027186
0.0046822
0.0069437
0.0090253
0.0104290
0.0106649
0.0094386
0.0070950
0.0048921
0.0037931
0.0035217
0.0031837
0.0019315
-0.0009128
-0.0055453
-0.0110779
-0.0159440
-0.0190643
-0.0205557
-0.0210367
-0.0206443
-0.0191364
-0.0169513
-0.0153986
-0.0152595
-0.0155449
-0.0146415
-0.0120648
-0.0087960
-0.0063881
-0.0056962
-0.0063298
-0.0067707
-0.0054096
-0.0022208
0.0005754
0.0003863
-0.0031074
-0.0078998
-0.0120127
-0.0152791
-0.0184837
-0.0212612
-0.0218750
-0.0194494
-0.0152135
-0.0108219
-0.0066538
-0.0024621
0.0012717
0.0034378
0.0039053
0.0040542
0.0054776
0.0086636
0.0130007
0.0173942
0.0207139
0.0224101
0.0227020
0.0223345
0.0221566
0.0222929
0.0216828
0.0189715
0.0141132
0.0084209
0.0028724
-0.0028160
-0.0088275
-0.0138966
-0.0161733
-0.0152562
-0.0128509
-0.0108224
-0.0091993
-0.0067351
-0.0027352
0.0021357
0.0062649
0.0082827
0.0077056
0.0045877
-0.0003956
-0.0053396
-0.0077114
-0.0063134
-0.0019204
0.0034327
0.0072768
0.0078040
0.0049088
0.0002419
-0.0043589
-0.0077523
-0.0086785
-0.0063665
-0.0017298
0.0032136
0.0072825
0.0109510
0.0149377
0.0191324
0.0232451
0.0273836
0.0313655
0.0344906
0.0364699
0.0374545
0.0370822
0.0343728
0.0294231
0.0235596
0.0171991
0.0095442
0.0005380
-0.0082461
-0.0153602
-0.0213104
-0.0276664
-0.0347911
-0.0411698
-0.0449347
-0.0453023
-0.0425788
-0.0373111
-0.0301738
-0.0228145
-0.0177026
-0.0161963
-0.0171063
-0.0179686
-0.0171280
-0.0143820
-0.0103827
-0.0061950
-0.0027570
-0.0004052
0.0014150
0.0038133
0.0072365
0.0103803
0.0111631
0.0091655
0.0057476
0.0022100
-0.0009906
-0.0034014
-0.0041872
-0.0030297
-0.0005341
0.0023099
0.0051311
0.0079636
0.0102576
0.0107101
0.0086057
0.0048407
0.0009683
-0.0026092
-0.0065341
-0.0103788
-0.0121649
-0.0105460
-0.0070996
-0.0053417
-0.0073309
-0.0118671
-0.0161999
-0.0187860
-0.0195514
-0.0181475
-0.0138055
-0.0072703
-0.0013163
0.0012256
-0.0003628
-0.0039461
-0.0058327
-0.0033859
0.0024480
0.0076346
0.0085634
0.0049911
-0.0001828
-0.0034541
-0.0024919
0.0034405
0.0129144
0.0229621
0.0310744
0.0362282
0.0383117
0.0372804
0.0334396
0.0280713
0.0224511
0.0170718
0.0118991
0.0066366
0.0011434
-0.0040544
-0.0079238
-0.0098771
-0.0106643
-0.0118571
-0.0142967
-0.0170189
-0.0181586
-0.0171852
-0.0154520
-0.0146166
-0.0150709
-0.0157821
-0.0149933
-0.0114704
-0.0053043
0.0025121
0.0107516
0.0183174
0.0242303
0.0275314
0.0272140
0.0222771
0.0126550
0.0003466
-0.0110020
-0.0182703
-0.0213268
-0.0228165
-0.0251261
-0.0286044
-0.0328064
-0.0375112
-0.0419650
-0.0448518
-0.0458458
-0.0458178
-0.0449440
-0.0417992
-0.0345179
-0.0227564
-0.0087418
0.0037819
0.0119496
0.0154395
0.0163456
0.0168512
0.0175336
0.0182350
0.0193415
0.0214437
0.0238146
0.0239721
0.0200988
0.0135606
0.0077052
0.0041404
0.0014837
-0.0025491
-0.0088847
-0.0165626
-0.0236470
-0.0281594
-0.0282206
-0.0229449
-0.0137656
-0.0040380
0.0036094
0.0089031
0.0131234
0.0177710
0.0240303
0.0322359
0.0413105
0.0491879
0.0535453
0.0526270
0.0464898
0.0376564
0.0295871
0.0239072
0.0195201
0.0145113
0.0081977
0.0007506
-0.0075658
-0.0159862
-0.0225839
-0.0252077
-0.0237087
-0.0203316
-0.0176806
-0.0165830
-0.0158281
-0.0134011
-0.0080716
-0.0007004
0.0065457
0.0121301
0.0157576
0.0174615
0.0174112
0.0169874
0.0183580
0.0222933
0.0270104
0.0294242
0.0275846
0.0218436
0.0136510
0.0041837
-0.0055589
-0.0140997
-0.0198734
-0.0220754
-0.0212422
-0.0190221
-0.0174490
-0.0176013
-0.0187075
-0.0190237
-0.0174092
-0.0139565
-0.0096974
-0.0058548
-0.0025437
0.0014842
0.0068024
0.0118967
0.0144337
0.0137183
0.0114730
0.0102627
0.0113565
0.0141445
0.0168730
0.0175752
0.0151609
0.0104007
0.0056010
0.0026913
0.0020399
0.0031110
0.0053202
0.0077913
0.0090863
0.0079859
0.0048305
0.0019140
0.0016311
0.0043097
0.0080081
0.0102094
0.0096552
0.0071780
0.0049125
0.0045237
0.0061600
0.0086908
0.0110679
0.0131974
0.0153200
0.0169918
0.0169324
0.0145564
0.0113361
0.0098835
0.0111608
0.0133638
0.0137966
0.0111940
0.0063338
0.0012229
-0.0021959
-0.0034374
-0.0036536
-0.0044577
-0.0065668
-0.0095495
-0.0126213
-0.0151686
-0.0165682
-0.0160852
-0.0138834
-0.0112833
-0.0094417
-0.0078475
-0.0049014
-0.0002143
0.0046586
0.0077615
0.0088156
0.0091646
0.0097293
0.0098621
0.0084905
0.0058001
0.0026045
-0.0009642
-0.0048785
-0.0082338
-0.0100299
-0.0103199
-0.0098424
-0.0089082
-0.0071553
-0.0040211
0.0004686
0.0056004
0.0104965
0.0146555
0.0182184
0.0219916
0.0264160
0.0307759
0.0338720
0.0351363
0.0347865
0.0334347
0.0320068
0.0311145
0.0306250
0.0302310
0.0295653
0.0277830
0.0241692
0.0189518
0.0131221
0.0078696
0.0038902
0.0014569
0.0004961
0.0003285
-0.0000132
-0.0008217
-0.0013331
-0.0006623
0.0009154
0.0027801
0.0055391
0.0103487
0.0170886
0.0238980
0.0285954
0.0302944
0.0297093
0.0285094
0.0283661
0.0298540
0.0318831
0.0321735
0.0290360
0.0231363
0.0170488
0.0130949
0.0118376
0.0120571
0.0113941
0.0076027
0.0000866
-0.0093141
-0.0176725
-0.0228732
-0.0240676
-0.0211447
-0.0153722
-0.0100326
-0.0083205
-0.0102776
-0.0126456
-0.0118871
-0.0068879
0.0009818
0.0092399
0.0152185
0.0169656
0.0143764
0.0100017
0.0075810
0.0090232
0.0128743
0.0157875
0.0156319
0.0130474
0.0102220
0.0088506
0.0095153
0.0121417
0.0158463
0.0185064
0.0176965
0.0123540
0.0034806
-0.0067414
-0.0158463
-0.0217367
-0.0234649
-0.0218150
-0.0189041
-0.0168509
-0.0162853
-0.0161632
-0.0152420
-0.0133580
-0.0110200
-0.0082198
-0.0043035
0.0011909
0.0080624
0.0158067
0.0237971
0.0310510
0.0363883
0.0391349
0.0396788
0.0390839
0.0379893
0.0357136
0.0310577
0.0243345
0.0175806
0.0125086
0.0094558
0.0079919
0.0076745
0.0081495
0.0089986
0.0095547
0.0090060
0.0068109
0.0034567
0.0007330
0.0007574
0.0042115
0.0094833
0.0140457
0.0164119
0.0165691
0.0152378
0.0132693
0.0112878
0.0094844
0.0075014
0.0047544
0.0013093
-0.0018477
-0.0036276
-0.0040851
-0.0042514
-0.0047645
-0.0053002
-0.0053911
-0.0051793
-0.0048828
-0.0039476
-0.0017963
0.0011200
0.0034799
0.0041931
0.0037391
0.0038466
0.0055300
0.0078641
0.0087402
0.0069404
0.0034089
0.0006094
0.0006327
0.0036400
0.0081233
0.0124480
0.0155947
0.0171636
0.0173706
0.0169260
0.0164659
0.0161957
0.0164536
0.0180967
0.0214679
0.0254938
0.0283499
0.0291802
0.0290113
0.0293566
0.0303567
0.0310275
0.0305805
0.0289841
0.0264829
0.0235483
0.0209758
0.0193623
0.0184009
0.0171024
0.0149211
0.0125193
0.0111156
0.0108555
0.0107069
0.0097753
0.0076600
0.0041291
-0.0008646
-0.0067532
-0.0124361
-0.0169419
-0.0195256
-0.0196696
-0.0176442
-0.0148482
-0.0126931
-0.0114784
-0.0108893
-0.0109456
-0.0117814
-0.0128604
-0.0132631
-0.0128575
-0.0122187
-0.0113387
-0.0093576
-0.0055350
-0.0001487
0.0055220
0.0099782
0.0126316
0.0138383
0.0137527
0.0118962
0.0083021
0.0044067
0.0019038
0.0012026
0.0014465
0.0017414
0.0014970
-0.0001292
-0.0036720
-0.0084697
-0.0127950
-0.0149842
-0.0147665
-0.0134054
-0.0123721
-0.0120328
-0.0118793
-0.0112152
-0.0095731
-0.0069827
-0.0036769
0.0000490
0.0038238
0.0073069
0.0106723
0.0147082
0.0199768
0.0259125
0.0309179
0.0335843
0.0338188
0.0324648
0.0302754
0.0276229
0.0247680
0.0219276
0.0188278
0.0149670
0.0101626
0.0044966
-0.0017756
-0.0080151
-0.0133244
-0.0168685
-0.0187685
-0.0202488
-0.0222255
-0.0240212
-0.0241431
-0.0220954
-0.0186317
-0.0146916
-0.0105761
-0.0062717
-0.0020322
0.0020807
0.0063648
0.0112145
0.0165432
0.0212762
0.0239801
0.0240997
0.0228554
0.0223055
0.0232219
0.0244417
0.0241529
0.0213059
0.0158777
0.0085477
0.0004953
-0.0068512
-0.0124978
-0.0167970
-0.0208899
-0.0251759
-0.0287382
-0.0302412
-0.0292198
-0.0260649
-0.0210982
-0.0145262
-0.0071530
-0.0004069
0.0045009
0.0074760
0.0095719
0.0121070
0.0155863
0.0192108
0.0215123
0.0215892
0.0195163
0.0160834
0.0127515
0.0109965
0.0111867
0.0121977
0.0121816
0.0097070
0.0046580
-0.0014338
-0.0064779
-0.0094016
-0.0102062
-0.0091415
-0.0066992
-0.0036530
-0.0006474
0.0018978
0.0038253
0.0053068
0.0067648
0.0084418
0.0095863
0.0089610
0.0063252
0.0027732
-0.0004832
-0.0029936
-0.0045572
-0.0045229
-0.0023561
0.0013910
0.0051197
0.0074345
0.0081232
0.0078925
0.0077131
0.0081394
0.0093606
0.0112964
0.0138209
0.0169406
0.0204190
0.0238883
0.0270803
0.0298025
0.0318357
0.0328986
0.0326726
0.0309691
0.0280677
0.0245507
0.0209209
0.0175290
0.0144311
0.0117762
0.0100180
0.0095074
0.0102755
0.0119253
0.0135794
0.0142709
0.0135061
0.0113248
0.0080913
0.0045238
0.0011461
-0.0020408
-0.0050312
-0.0074104
-0.0091111
-0.0110607
-0.0141250
-0.0178190
-0.0205521
-0.0212294
-0.0202368
-0.0188458
-0.0179235
-0.0178150
-0.0183949
-0.0190406
-0.0189889
-0.0175033
-0.0140417
-0.0091167
-0.0042654
-0.0006941
0.0019600
0.0051662
0.0099665
0.0160882
0.0221399
0.0264004
0.0275823
0.0256063
0.0217866
0.0179609
0.0154976
0.0148981
0.0158811
0.0173128
0.0175020
0.0153716
0.0111078
0.0052621
-0.0016900
-0.0090145
-0.0154888
-0.0197264
-0.0209919
-0.0200430
-0.0187542
-0.0187363
-0.0204352
-0.0228233
-0.0244227
-0.0245401
-0.0231701
-0.0201826
-0.0152669
-0.0087199
-0.0020736
0.0026202
0.0040035
0.0021957
-0.0012742
-0.0043073
-0.0055443
-0.0051425
-0.0044076
-0.0046389
-0.0062018
-0.0082938
-0.0097010
-0.0097282
-0.0087604
-0.0080332
-0.0085457
-0.0099700
-0.0112439
-0.0116965
-0.0110516
-0.0090944
-0.0056684
-0.0007193
0.0053048
0.0110573
0.0150195
0.0165659
0.0160729
0.0145553
0.0132386
0.0131978
0.0148024
0.0171201
0.0182569
0.0167231
0.0125226
0.0069630
0.0017848
-0.0018676
-0.0038325
-0.0051155
-0.0073796
-0.0118379
-0.0183029
-0.0248621
-0.0287412
-0.0279047
-0.0222406
-0.0136238
-0.0050577
0.0005773
0.0017362
-0.0007158
-0.0037163
-0.0043443
-0.0020372
0.0018420
0.0059335
0.0095355
0.0119368
0.0125835
0.0121941
0.0125731
0.0144221
0.0164476
0.0167169
0.0140500
0.0084245
0.0009893
-0.0059409
-0.0095001
-0.0080549
-0.0027915
0.0026384
0.0044433
0.0013111
-0.0048124
-0.0100303
-0.0110719
-0.0073797
-0.0007731
0.0057596
0.0093641
0.0087222
0.0046862
-0.0006635
-0.0053500
-0.0085498
-0.0107911
-0.0129260
-0.0152128
-0.0175527
-0.0197264
-0.0210950
-0.0204807
-0.0168873
-0.0108322
-0.0045675
-0.0004419
0.0007145
-0.0000293
-0.0006098
0.0007246
0.0047206
0.0108077
0.0170042
0.0208891
0.0212016
0.0183808
0.0139181
0.0096523
0.0071522
0.0069193
0.0079846
0.0087997
0.0082185
0.0057977
0.0018914
-0.0025609
-0.0063372
-0.0088498
-0.0104450
-0.0118454
-0.0133148
-0.0145873
-0.0150729
-0.0144653
-0.0132987
-0.0121200
-0.0107441
-0.0087411
-0.0063358
-0.0045143
-0.0039631
-0.0044411
-0.0052805
-0.0061809
-0.0067860
-0.0062002
-0.0040617
-0.0011411
0.0015097
0.0033866
0.0043325
0.0042900
0.0034506
0.0026064
0.0029126
0.0049773
0.0084289
0.0120502
0.0143137
0.0143455
0.0124069
0.0096850
0.0074738
0.0062387
0.0052993
0.0035493
0.0005399
-0.0032682
-0.0071349
-0.0103074
-0.0121634
-0.0122427
-0.0103271
-0.0066096
-0.0018067
0.0026793
0.0052582
0.0053479
0.0038949
0.0024337
0.0017449
0.0017520
0.0023087
0.0035817
0.0056540
0.0083191
0.0112214
0.0142370
0.0172192
0.0197306
0.0212520
0.0218019
0.0218507
0.0216688
0.0209522
0.0193345
0.0167421
0.0131015
0.0085738
0.0039530
0.0001715
-0.0026753
-0.0051417
-0.0073385
-0.0085943
-0.0083126
-0.0066997
-0.0046678
-0.0031633
-0.0025845
-0.0029016
-0.0039143
-0.0051359
-0.0058259
-0.0053450
-0.0035397
-0.0010007
0.0010437
0.0015031
0.0000894
-0.0026303
-0.0057811
-0.0087717
-0.0114106
-0.0138381
-0.0163430
-0.0187905
-0.0205180
-0.0201525
-0.0177947
-0.0145669
-0.0113938
-0.0081056
-0.0040121
0.0011619
0.0070458
0.0127171
0.0172153
0.0202645
0.0222689
0.0237838
0.0248576
0.0248270
0.0231581
0.0201375
0.0163812
0.0122224
0.0076855
0.0029597
-0.0014606
-0.0054872
-0.0096693
-0.0143066
-0.0189476
-0.0227397
-0.0248523
-0.0247654
-0.0226366
-0.0192386
-0.0157570
-0.0131961
-0.0114476
-0.0095539
-0.0071524
-0.0049742
-0.0038258
-0.0037258
-0.0043717
-0.0057917
-0.0079057
-0.0098939
-0.0107181
-0.0104536
-0.0103880
-0.0116812
-0.0141368
-0.0163915
-0.0172964
-0.0169010
-0.0160204
-0.0152554
-0.0143858
-0.0124109
-0.0087149
-0.0040184
0.0001069
0.0027536
0.0045099
0.0064188
0.0084161
0.0091754
0.0075005
0.0034909
-0.0017326
-0.0069396
-0.0110858
-0.0137818
-0.0156492
-0.0175364
-0.0195761
-0.0211117
-0.0214413
-0.0205200
-0.0188442
-0.0169230
-0.0149472
-0.0127696
-0.0099763
-0.0061656
-0.0015445
0.0029235
0.0059728
0.0069632
0.0061625
0.0042068
0.0018414
-0.0001414
-0.0010505
-0.0008418
-0.0006400
-0.0018800
-0.0049982
-0.0090678
-0.0125496
-0.0143200
-0.0141100
-0.0124453
-0.0102138
-0.0081277
-0.0065115
-0.0054391
-0.0044829
-0.0028222
0.0001269
0.0041126
0.0079464
0.0104161
0.0109994
0.0098774
0.0074184
0.0040900
0.0005509
-0.0026651
-0.0055608
-0.0084864
-0.0116070
-0.0146254
-0.0171831
-0.0191945
-0.0207920
-0.0220441
-0.0228579
-0.0228267
-0.0216637
-0.0198341
-0.0181141
-0.0164223
-0.0137691
-0.0093798
-0.0036164
0.0025616
0.0082552
0.0126285
0.0148006
0.0141467
0.0109631
0.0063095
0.0011707
-0.0039133
-0.0088048
-0.0137936
-0.0193199
-0.0250209
-0.0295342
-0.0318143
-0.0323192
-0.0324014
-0.0328363
-0.0334276
-0.0335311
-0.0323784
-0.0294897
-0.0248955
-0.0190090
-0.0124157
-0.0056903
0.0007074
0.0066732
0.0125806
0.0186038
0.0238458
0.0268115
0.0270073
0.0250119
0.0214685
0.0167698
0.0112588
0.0053897
-0.0004632
-0.0062374
-0.0121416
-0.0178930
-0.0225606
-0.0253051
-0.0258758
-0.0247085
-0.0228980
-0.0216718
-0.0217082
-0.0229798
-0.0248381
-0.0262574
-0.0264247
-0.0251878
-0.0229986
-0.0204592
-0.0180533
-0.0160672
-0.0145383
-0.0132901
-0.0122026
-0.0114546
-0.0112134
-0.0114142
-0.0117377
-0.0118422
-0.0117031
-0.0115177
-0.0115143
-0.0117442
-0.0122619
-0.0131394
-0.0142116
-0.0151702
-0.0158162
-0.0162721
-0.0166150
-0.0164944
-0.0154911
-0.0135696
-0.0112798
-0.0093291
-0.0080137
-0.0072953
-0.0072152
-0.0078365
-0.0088885
-0.0097167
-0.0096088
-0.0082099
-0.0058100
-0.0031523
-0.0009922
0.0001822
0.0004540
0.0004830
0.0010109
0.0021160
0.0030144
0.0029081
0.0017502
0.0000095
-0.0017798
-0.0032194
-0.0039029
-0.0033975
-0.0016341
0.0006752
0.0023326
0.0026192
0.0017344
0.0003137
-0.0010329
-0.0017865
-0.0016671
-0.0009572
-0.0001369
0.0005267
0.0008148
0.0004689
-0.0006596
-0.0023280
-0.0040490
-0.0053603
-0.0060108
-0.0061105
-0.0060675
-0.0060890
-0.0059252
-0.0051002
-0.0033479
-0.0009201
0.0014689
0.0030775
0.0037388
0.0038021
0.0036964
0.0035858
0.0034035
0.0031269
0.0026880
0.0017926
0.0002603
-0.0017369
-0.0039814
-0.0063040
-0.0084665
-0.0102567
-0.0115415
-0.0121641
-0.0119406
-0.0108086
-0.0090309
-0.0071292
-0.0054922
-0.0040233
-0.0022701
-0.0001308
0.0018728
0.0030638
0.0031321
0.0023577
0.0014726
0.0011816
0.0017368
0.0028888
0.0042764
0.0054557
0.0058981
0.0052209
0.0035341
0.0014194
-0.0005077
-0.0018676
-0.0024743
-0.0022158
-0.0010516
0.0009412
0.0035066
0.0062354
0.0086865
0.0104568
0.0113614
0.0115410
0.0114012
0.0112344
0.0109305
0.0101424
0.0087730
0.0071507
0.0058043
0.0050380
0.0046407
0.0040935
0.0028646
0.0007613
-0.0018044
-0.0040936
-0.0056353
-0.0064975
-0.0070207
-0.0073380
-0.0073860
-0.0070659
-0.0061940
-0.0046231
-0.0025093
-0.0003230
0.0014647
0.0027319
0.0036488
0.0043071
0.0045827
0.0044359
0.0042275
0.0044788
0.0052966
0.0062609
0.0068184
0.0067484
0.0062268
0.0055896
0.0051312
0.0049658
0.0049652
0.0047704
0.0041254
0.0030259
0.0016568
0.0002447
-0.0009783
-0.0017724
-0.0020710
-0.0021517
-0.0023402
-0.0026736
-0.0028988
-0.0028057
-0.0024333
-0.0019187
-0.0013317
-0.0007187
-0.0000987
0.0005394
0.0011854
0.0018323
0.0025240
0.0033362
0.0042509
0.0051493
0.0058859
0.0064065
0.0067439
0.0069231
0.0068946
0.0065830
0.0060851
0.0056567
0.0054465
0.0053222
0.0050236
0.0044329
0.0035861
0.0025732
0.0015418
0.0006957
0.0001847
-0.0000355
-0.0001445
-0.0002548
-0.0003873
-0.0005006
-0.0005371
-0.0004561
-0.0002192
0.0001381
0.0005069
0.0008033
0.0010285
0.0012638
0.0015720
0.0019587
0.0024008
0.0028365
0.0031772
0.0033801
0.0034805
0.0035698
0.0037076
0.0038730
0.0039919
0.0039790
0.0037677
0.0033453
0.0027704
0.0021777
0.0017191
0.0014756
0.0014158
0.0014520
0.0015085
0.0015369
0.0015246
0.0014865
0.0014345
0.0013782
0.0013340
0.0013159
0.0013354
0.0014105
0.0015760
0.0018623
0.0022384
0.0025947
0.0028261
0.0029182
0.0029239
0.0028830
0.0027933
0.0026492
0.0024656
0.0022539
0.0020376
0.0018730
0.0017919
0.0017649
0.0017355
0.0016805
0.0016381
0.0016387
0.0016494
0.0016245
0.0015764
0.0015555
0.0015880
0.0016459
0.0016806
0.0016773
0.0016563
0.0016328
0.0016085
0.0015892
0.0015917
0.0016225
0.0016649
0.0016901
0.0016802
0.0016408
0.0015910
0.0015489
0.0015235
0.0015069
0.0014840
0.0014520
0.0014280
0.0014288
0.0014480
0.0014706
0.0014879
0.0014929
0.0014786
0.0014474
0.0014169
0.0014063
0.0014202
0.0014421
0.0014524
0.0014526
0.0014605
0.0014873
0.0015228
0.0015467
0.0015504
0.0015393
0.0015224
0.0015062
0.0014979
0.0015005
0.0015059
0.0015040
0.0014921
0.0014765
0.0014680
0.0014719
0.0014861
0.0015065
0.0015286
0.0015486
0.0015652
0.0015794
0.0015921
0.0016024
0.0016101
0.0016176
0.0016278
0.0016416
0.0016573
0.0016724
0.0016866
0.0017022
0.0017212
0.0017426
0.0017630
0.0017796
0.0017917
0.0018007
0.0018084
0.0018161
0.0018249
0.0018358
0.0018492
0.0018634
0.0018768
0.0018898
0.0019034
0.0019185
0.0019343
0.0019491
0.0019625
0.0019750
0.0019879
0.0020025
0.0020189
0.0020371
0.0020565
0.0020763
0.0020962
0.0021159
0.0021355
0.0021549
0.0021744
0.0021942
0.0022144
0.0022350
0.0022556
0.0022762
0.0022966
0.0023170
0.0023375
0.0023580
0.0023785
0.0023989
0.0024192
0.0024396
0.0024601
0.0024808
0.0025017
0.0025228
0.0025439
0.0025650
0.0025861
0.0026072
0.0026283
0.0026494
0.0026706
0.0026918
0.0027130
0.0027342
0.0027554
0.0027766
0.0027978
0.0028190
0.0028402
0.0028614
0.0028826
0.0029037
0.0029248
