-0.0010991
-0.0010892
-0.0010792
-0.0010693
-0.0010594
-0.0010493
-0.0010388
-0.0010281
-0.0010173
-0.0010068
-0.0009963
-0.0009854
-0.0009739
-0.0009624
-0.0009512
-0.0009404
-0.0009303
-0.0009207
-0.0009106
-0.0008989
-0.0008859
-0.0008735
-0.0008644
-0.0008606
-0.0008608
-0.0008591
-0.0008523
-0.0008425
-0.0008306
-0.0008158
-0.0007987
-0.0007817
-0.0007658
-0.0007497
-0.0007305
-0.0007108
-0.0006963
-0.0006880
-0.0006834
-0.0006783
-0.0006639
-0.0006317
-0.0005881
-0.0005485
-0.0005213
-0.0005096
-0.0005153
-0.0005380
-0.0005733
-0.0006114
-0.0006409
-0.0006563
-0.0006588
-0.0006543
-0.0006464
-0.0006335
-0.0006093
-0.0005704
-0.0005239
-0.0004865
-0.0004741
-0.0004787
-0.0004750
-0.0004418
-0.0003700
-0.0002635
-0.0001402
-0.0000253
0.0000638
0.0001261
0.0001798
0.0002483
0.0003452
0.0004638
0.0005818
0.0006700
0.0007156
0.0007394
0.0007609
0.0007743
0.0007746
0.0007653
0.0007413
0.0006965
0.0006406
0.0005801
0.0005070
0.0004096
0.0002923
0.0001906
0.0001162
0.0000086
-0.0002008
-0.0005318
-0.0009435
-0.0013487
-0.0016274
-0.0017054
-0.0016111
-0.0014156
-0.0011760
-0.0009297
-0.0007108
-0.0005692
-0.0005220
-0.0005250
-0.0005470
-0.0005909
-0.0006289
-0.0006280
-0.0006070
-0.0005699
-0.0004682
-0.0003109
-0.0001756
-0.0001086
-0.0000804
-0.0000040
0.0001532
0.0003254
0.0004416
0.0004346
0.0001598
-0.0004295
-0.0011251
-0.0016991
-0.0020764
-0.0022702
-0.0023263
-0.0023108
-0.0022812
-0.0022647
-0.0022391
-0.0021536
-0.0019749
-0.0017474
-0.0016084
-0.0016315
-0.0017439
-0.0018528
-0.0019134
-0.0019263
-0.0019534
-0.0021081
-0.0024283
-0.0028166
-0.0030363
-0.0028698
-0.0023040
-0.0014610
-0.0004777
0.0005159
0.0014044
0.0020894
0.0025178
0.0027153
0.0027884
0.0028841
0.0031109
0.0035093
0.0040618
0.0046675
0.0051516
0.0053992
0.0054129
0.0052288
0.0049015
0.0045261
0.0041387
0.0036717
0.0030835
0.0024233
0.0017999
0.0012964
0.0008911
0.0004684
-0.0001084
-0.0008731
-0.0017396
-0.0025483
-0.0031249
-0.0033352
-0.0030985
-0.0024262
-0.0015078
-0.0005766
0.0002885
0.0010706
0.0017167
0.0022253
0.0026581
0.0030396
0.0033517
0.0035733
0.0036594
0.0035388
0.0031195
0.0023358
0.0012184
-0.0000354
-0.0011113
-0.0019346
-0.0027161
-0.0036034
-0.0045644
-0.0054692
-0.0062252
-0.0068365
-0.0072623
-0.0074414
-0.0074573
-0.0074033
-0.0072077
-0.0068193
-0.0063296
-0.0058803
-0.0055953
-0.0055772
-0.0058396
-0.0062546
-0.0065503
-0.0064269
-0.0057219
-0.0045198
-0.0031629
-0.0021311
-0.0017857
-0.0020618
-0.0026754
-0.0034786
-0.0043578
-0.0051467
-0.0057521
-0.0061402
-0.0062552
-0.0061205
-0.0058605
-0.0054618
-0.0047845
-0.0037451
-0.0024011
-0.0009208
0.0005892
0.0021215
0.0036897
0.0052131
0.0065288
0.0076255
0.0085958
0.0093501
0.0096124
0.0091302
0.0079990
0.0065834
0.0051418
0.0038685
0.0030076
0.0026770
0.0028227
0.0034174
0.0045027
0.0060979
0.0080458
0.0100548
0.0119278
0.0135152
0.0145900
0.0149227
0.0144373
0.0133088
0.0118668
0.0104238
0.0092322
0.0084621
0.0082166
0.0085091
0.0092520
0.0103322
0.0116401
0.0129493
0.0139608
0.0144288
0.0141596
0.0130313
0.0110186
0.0082960
0.0053153
0.0025075
0.0000117
-0.0022524
-0.0043529
-0.0061093
-0.0073241
-0.0080427
-0.0083487
-0.0082440
-0.0076875
-0.0067046
-0.0054493
-0.0041148
-0.0028867
-0.0020072
-0.0016064
-0.0015295
-0.0014788
-0.0012058
-0.0006151
0.0002552
0.0012854
0.0022386
0.0028385
0.0029920
0.0028051
0.0024300
0.0017962
0.0006322
-0.0011335
-0.0032783
-0.0054518
-0.0073513
-0.0088276
-0.0098181
-0.0103042
-0.0103006
-0.0098670
-0.0091075
-0.0080672
-0.0066805
-0.0048121
-0.0025165
-0.0001153
0.0020637
0.0039738
0.0059361
0.0081670
0.0105333
0.0128342
0.0148978
0.0165117
0.0174192
0.0174484
0.0166835
0.0153812
0.0137853
0.0121235
0.0106159
0.0094559
0.0087485
0.0084790
0.0086510
0.0092753
0.0101727
0.0110062
0.0114516
0.0112730
0.0103877
0.0088796
0.0069089
0.0046103
0.0020892
-0.0005249
-0.0029892
-0.0050152
-0.0064010
-0.0070458
-0.0069290
-0.0060417
-0.0045005
-0.0026052
-0.0005123
0.0017806
0.0040984
0.0060282
0.0071212
0.0071953
0.0063919
0.0049616
0.0031123
0.0009956
-0.0010961
-0.0028133
-0.0040225
-0.0047696
-0.0051458
-0.0051927
-0.0049212
-0.0043699
-0.0036080
-0.0027273
-0.0018763
-0.0012122
-0.0008044
-0.0005834
-0.0003732
-0.0000073
0.0005992
0.0014464
0.0025228
0.0038491
0.0054936
0.0074599
0.0095555
0.0114511
0.0128376
0.0135138
0.0134452
0.0127660
0.0116510
0.0102495
0.0087377
0.0072305
0.0056553
0.0039082
0.0020142
0.0002119
-0.0011283
-0.0016754
-0.0013342
-0.0002870
0.0012230
0.0030285
0.0050494
0.0071507
0.0091281
0.0108935
0.0124711
0.0138640
0.0149594
0.0155813
0.0156371
0.0151708
0.0143280
0.0132873
0.0121902
0.0110581
0.0098861
0.0087777
0.0077795
0.0067736
0.0056062
0.0042176
0.0026957
0.0011948
-0.0001542
-0.0012307
-0.0020090
-0.0026618
-0.0033502
-0.0040577
-0.0046813
-0.0051364
-0.0053964
-0.0054877
-0.0054577
-0.0052910
-0.0049009
-0.0041728
-0.0030346
-0.0015020
0.0003970
0.0026119
0.0049837
0.0072277
0.0090231
0.0101813
0.0107633
0.0111064
0.0116283
0.0125995
0.0140838
0.0159550
0.0179447
0.0197725
0.0212752
0.0224265
0.0232646
0.0237424
0.0237383
0.0231346
0.0217321
0.0193321
0.0159252
0.0117027
0.0069697
0.0020277
-0.0028973
-0.0076701
-0.0121462
-0.0161045
-0.0193176
-0.0216704
-0.0231607
-0.0238671
-0.0239067
-0.0233778
-0.0223781
-0.0210924
-0.0197452
-0.0185054
-0.0175008
-0.0168020
-0.0163262
-0.0158571
-0.0151494
-0.0140382
-0.0124888
-0.0105133
-0.0081537
-0.0055049
-0.0026857
0.0001825
0.0029348
0.0053242
0.0070405
0.0079196
0.0080715
0.0076871
0.0068557
0.0055018
0.0037079
0.0018584
0.0003727
-0.0004253
-0.0002730
0.0008836
0.0027958
0.0050001
0.0069360
0.0080703
0.0081435
0.0072527
0.0055187
0.0030541
0.0000927
-0.0031341
-0.0065002
-0.0099357
-0.0132339
-0.0159134
-0.0174134
-0.0173916
-0.0158236
-0.0130080
-0.0094758
-0.0057138
-0.0020005
0.0015774
0.0050545
0.0084923
0.0117751
0.0146196
0.0167494
0.0180037
0.0183699
0.0179241
0.0168080
0.0152237
0.0134270
0.0116865
0.0101917
0.0089989
0.0080489
0.0071845
0.0061977
0.0049319
0.0033666
0.0016321
-0.0001583
-0.0020372
-0.0040349
-0.0060803
-0.0080174
-0.0096972
-0.0110544
-0.0120515
-0.0126501
-0.0128114
-0.0125342
-0.0119038
-0.0111110
-0.0103331
-0.0095718
-0.0088855
-0.0085386
-0.0087244
-0.0094194
-0.0104500
-0.0115103
-0.0122407
-0.0123993
-0.0119220
-0.0108462
-0.0092349
-0.0071488
-0.0046165
-0.0017497
0.0011301
0.0037544
0.0060885
0.0080445
0.0094632
0.0102927
0.0105634
0.0103587
0.0098706
0.0093458
0.0089603
0.0087856
0.0088108
0.0090361
0.0094096
0.0097402
0.0098601
0.0097420
0.0093798
0.0086997
0.0075699
0.0060070
0.0042558
0.0026624
0.0014699
0.0006879
0.0002181
-0.0000336
-0.0001532
-0.0002504
-0.0004674
-0.0009150
-0.0016184
-0.0025280
-0.0035559
-0.0046150
-0.0056443
-0.0066184
-0.0075371
-0.0083827
-0.0091040
-0.0097619
-0.0105650
-0.0117668
-0.0135355
-0.0158521
-0.0184564
-0.0209654
-0.0231366
-0.0248026
-0.0257145
-0.0257389
-0.0249499
-0.0233213
-0.0208567
-0.0178767
-0.0148370
-0.0120498
-0.0094935
-0.0069566
-0.0043210
-0.0017414
0.0004738
0.0022256
0.0035926
0.0046186
0.0053705
0.0059935
0.0066205
0.0072249
0.0075590
0.0074021
0.0067240
0.0055801
0.0040553
0.0022796
0.0004406
-0.0012898
-0.0029451
-0.0046408
-0.0063422
-0.0078699
-0.0090178
-0.0096112
-0.0095443
-0.0087937
-0.0073753
-0.0053341
-0.0027449
0.0001877
0.0030979
0.0058490
0.0086221
0.0114795
0.0143593
0.0172929
0.0202624
0.0230956
0.0254954
0.0272737
0.0285333
0.0293919
0.0298274
0.0297947
0.0292127
0.0279158
0.0258375
0.0230833
0.0196724
0.0155878
0.0109635
0.0060355
0.0010440
-0.0037737
-0.0082138
-0.0121516
-0.0155788
-0.0186039
-0.0213844
-0.0240020
-0.0263494
-0.0280511
-0.0286348
-0.0278173
-0.0256966
-0.0227385
-0.0193045
-0.0154145
-0.0110673
-0.0063617
-0.0013214
0.0040602
0.0096787
0.0152747
0.0205491
0.0254437
0.0301245
0.0347223
0.0391409
0.0430224
0.0459260
0.0475496
0.0477594
0.0466036
0.0442943
0.0410672
0.0370995
0.0325395
0.0275413
0.0221969
0.0166263
0.0111274
0.0060322
0.0015107
-0.0023998
-0.0057150
-0.0083396
-0.0101782
-0.0113381
-0.0120290
-0.0124286
-0.0126608
-0.0128087
-0.0129238
-0.0130615
-0.0133056
-0.0136818
-0.0141137
-0.0144922
-0.0147033
-0.0145657
-0.0139129
-0.0127260
-0.0111652
-0.0094809
-0.0077655
-0.0059615
-0.0040588
-0.0021487
-0.0003706
0.0012195
0.0026709
0.0039450
0.0049225
0.0055382
0.0057759
0.0056215
0.0049874
0.0037717
0.0020355
0.0000149
-0.0019820
-0.0037040
-0.0050325
-0.0058742
-0.0061364
-0.0057643
-0.0048136
-0.0035005
-0.0020955
-0.0007928
0.0003836
0.0015313
0.0027142
0.0039168
0.0050895
0.0062872
0.0076857
0.0093804
0.0113166
0.0133773
0.0154823
0.0176232
0.0196873
0.0214415
0.0228268
0.0239646
0.0249008
0.0256014
0.0260292
0.0260386
0.0254314
0.0243169
0.0230712
0.0220402
0.0214103
0.0211912
0.0212727
0.0214861
0.0216156
0.0214473
0.0208287
0.0197445
0.0183457
0.0167555
0.0149793
0.0130442
0.0110618
0.0092048
0.0076572
0.0065581
0.0059938
0.0060133
0.0068077
0.0085631
0.0110289
0.0137021
0.0162750
0.0186817
0.0209762
0.0231766
0.0251953
0.0267292
0.0274014
0.0269849
0.0254463
0.0229333
0.0197182
0.0161132
0.0123221
0.0084656
0.0047195
0.0013288
-0.0014643
-0.0034884
-0.0046776
-0.0049206
-0.0041911
-0.0028388
-0.0012718
0.0004229
0.0021889
0.0037649
0.0047691
0.0049056
0.0041361
0.0026766
0.0009105
-0.0007915
-0.0021922
-0.0031626
-0.0036661
-0.0037695
-0.0035243
-0.0028213
-0.0013920
0.0010064
0.0042307
0.0077844
0.0112954
0.0146218
0.0177164
0.0205821
0.0232407
0.0254717
0.0268676
0.0271673
0.0263785
0.0246760
0.0222841
0.0194110
0.0162801
0.0131442
0.0103126
0.0080468
0.0064040
0.0051595
0.0038621
0.0022226
0.0002963
-0.0018055
-0.0040729
-0.0065753
-0.0092947
-0.0119488
-0.0140110
-0.0149104
-0.0142533
-0.0120039
-0.0085879
-0.0046175
-0.0005142
0.0035525
0.0075828
0.0117110
0.0160357
0.0202554
0.0238240
0.0263315
0.0275609
0.0275069
0.0263967
0.0245868
0.0223693
0.0198877
0.0171507
0.0140742
0.0106385
0.0071532
0.0040497
0.0015181
-0.0005519
-0.0024162
-0.0041215
-0.0055488
-0.0066665
-0.0075057
-0.0081067
-0.0086368
-0.0093532
-0.0104310
-0.0119080
-0.0136874
-0.0155102
-0.0170686
-0.0182949
-0.0192623
-0.0199104
-0.0200671
-0.0195939
-0.0184136
-0.0165006
-0.0138390
-0.0105744
-0.0070973
-0.0037224
-0.0005110
0.0026350
0.0058515
0.0092048
0.0125416
0.0155264
0.0178960
0.0195183
0.0202614
0.0200968
0.0191952
0.0176073
0.0152221
0.0120207
0.0082411
0.0043483
0.0006496
-0.0028688
-0.0061754
-0.0091057
-0.0115003
-0.0132560
-0.0143418
-0.0147071
-0.0142752
-0.0129546
-0.0107198
-0.0076938
-0.0040564
0.0000304
0.0044750
0.0091471
0.0137486
0.0180018
0.0218079
0.0249894
0.0273481
0.0289815
0.0302269
0.0314134
0.0326449
0.0338682
0.0353279
0.0373992
0.0401252
0.0431766
0.0460620
0.0483983
0.0500013
0.0507769
0.0506146
0.0494102
0.0472463
0.0444518
0.0414610
0.0385540
0.0356866
0.0328340
0.0301704
0.0277485
0.0253355
0.0224960
0.0189522
0.0148147
0.0103252
0.0057274
0.0013153
-0.0026975
-0.0063226
-0.0097079
-0.0129544
-0.0158515
-0.0179824
-0.0189818
-0.0186247
-0.0169634
-0.0145665
-0.0122756
-0.0107645
-0.0103326
-0.0108907
-0.0121082
-0.0135877
-0.0150021
-0.0161198
-0.0168040
-0.0169879
-0.0167380
-0.0163499
-0.0162703
-0.0168853
-0.0182252
-0.0200144
-0.0219644
-0.0237596
-0.0249936
-0.0252197
-0.0242026
-0.0222059
-0.0197380
-0.0171633
-0.0147014
-0.0125302
-0.0109221
-0.0101587
-0.0103630
-0.0115085
-0.0134185
-0.0157057
-0.0179690
-0.0200557
-0.0218321
-0.0229967
-0.0229866
-0.0212846
-0.0178002
-0.0127627
-0.0065661
0.0001764
0.0068899
0.0135294
0.0202602
0.0270345
0.0337205
0.0401170
0.0455788
0.0493612
0.0512031
0.0514119
0.0506272
0.0493647
0.0478006
0.0457977
0.0431861
0.0399430
0.0360701
0.0316341
0.0269013
0.0222011
0.0177290
0.0133488
0.0088366
0.0042979
-0.0000528
-0.0041703
-0.0079472
-0.0112418
-0.0141575
-0.0169379
-0.0197348
-0.0225358
-0.0252441
-0.0278443
-0.0303969
-0.0329333
-0.0352431
-0.0369296
-0.0376522
-0.0372963
-0.0360085
-0.0340484
-0.0316849
-0.0292711
-0.0271345
-0.0253752
-0.0239370
-0.0227272
-0.0215954
-0.0203213
-0.0186401
-0.0164869
-0.0141918
-0.0121670
-0.0106304
-0.0096435
-0.0091074
-0.0087217
-0.0082310
-0.0075900
-0.0067701
-0.0056654
-0.0041597
-0.0022291
-0.0000221
0.0021958
0.0041571
0.0057129
0.0067978
0.0073673
0.0075519
0.0076833
0.0078334
0.0077740
0.0072593
0.0061067
0.0042005
0.0016677
-0.0010498
-0.0030827
-0.0034412
-0.0015329
0.0022016
0.0063507
0.0096173
0.0114287
0.0119420
0.0118050
0.0118604
0.0129734
0.0156533
0.0194283
0.0231230
0.0255709
0.0260993
0.0246956
0.0217786
0.0180508
0.0144578
0.0119009
0.0109087
0.0115753
0.0136347
0.0166556
0.0201604
0.0237025
0.0269847
0.0298128
0.0315309
0.0312577
0.0285493
0.0236655
0.0174829
0.0109276
0.0046074
-0.0013072
-0.0069444
-0.0125098
-0.0179673
-0.0230193
-0.0272510
-0.0303115
-0.0320381
-0.0326147
-0.0325506
-0.0323317
-0.0322314
-0.0323345
-0.0325972
-0.0329110
-0.0331112
-0.0330339
-0.0325989
-0.0318003
-0.0306513
-0.0291899
-0.0275161
-0.0258609
-0.0243261
-0.0224663
-0.0197065
-0.0158740
-0.0110698
-0.0055620
0.0000860
0.0053008
0.0098880
0.0139392
0.0176041
0.0207612
0.0231070
0.0243917
0.0242241
0.0220838
0.0178905
0.0120941
0.0051420
-0.0025596
-0.0104691
-0.0180444
-0.0249637
-0.0313049
-0.0372528
-0.0426406
-0.0470972
-0.0503760
-0.0523643
-0.0530215
-0.0522460
-0.0500071
-0.0465572
-0.0424193
-0.0381682
-0.0340150
-0.0298947
-0.0257931
-0.0218133
-0.0181176
-0.0150031
-0.0127664
-0.0114896
-0.0110659
-0.0112826
-0.0117612
-0.0119443
-0.0110268
-0.0084518
-0.0044714
0.0002150
0.0049620
0.0094445
0.0136367
0.0176614
0.0215942
0.0253449
0.0285483
0.0307588
0.0317715
0.0316955
0.0308555
0.0296393
0.0283805
0.0273517
0.0267166
0.0264886
0.0266087
0.0269979
0.0274484
0.0276148
0.0270589
0.0254152
0.0225751
0.0186927
0.0141218
0.0093124
0.0046097
0.0000666
-0.0043711
-0.0086591
-0.0125323
-0.0156229
-0.0176239
-0.0183983
-0.0180661
-0.0171279
-0.0163843
-0.0168241
-0.0192526
-0.0238740
-0.0301840
-0.0371900
-0.0440280
-0.0502713
-0.0559500
-0.0613579
-0.0667980
-0.0721750
-0.0769913
-0.0805582
-0.0823698
-0.0823968
-0.0809660
-0.0785480
-0.0755524
-0.0722877
-0.0690240
-0.0659913
-0.0633176
-0.0608841
-0.0584700
-0.0560848
-0.0539083
-0.0521015
-0.0508367
-0.0502577
-0.0503522
-0.0508552
-0.0512911
-0.0513299
-0.0509540
-0.0502658
-0.0493816
-0.0484438
-0.0477047
-0.0474724
-0.0478805
-0.0489111
-0.0506286
-0.0532274
-0.0569321
-0.0619990
-0.0685079
-0.0760566
-0.0839318
-0.0914896
-0.0984741
-0.1050027
-0.1111841
-0.1168210
-0.1213560
-0.1242821
-0.1255322
-0.1255780
-0.1251887
-0.1250715
-0.1256084
-0.1267535
-0.1279816
-0.1281425
-0.1252006
-0.1173091
-0.1039977
-0.0857498
-0.0634747
-0.0380744
-0.0106545
0.0172513
0.0441729
0.0690256
0.0904480
0.1071152
0.1184264
0.1240585
0.1238731
0.1181020
0.1076639
0.0941666
0.0788123
0.0617446
0.0425411
0.0210516
-0.0018913
-0.0245740
-0.0451461
-0.0627428
-0.0777582
-0.0910466
-0.1031109
-0.1137380
-0.1225012
-0.1292632
-0.1340846
-0.1372210
-0.1391889
-0.1405408
-0.1416531
-0.1425738
-0.1430440
-0.1426140
-0.1410888
-0.1387694
-0.1359457
-0.1327303
-0.1293386
-0.1261063
-0.1233712
-0.1215615
-0.1210566
-0.1218661
-0.1236176
-0.1257163
-0.1273341
-0.1275983
-0.1259118
-0.1221863
-0.1168482
-0.1104028
-0.1031603
-0.0954915
-0.0877826
-0.0800149
-0.0719308
-0.0633989
-0.0545018
-0.0454649
-0.0365909
-0.0282594
-0.0208492
-0.0141382
-0.0072216
0.0006026
0.0094087
0.0187565
0.0281362
0.0372761
0.0458977
0.0536638
0.0603902
0.0662329
0.0716359
0.0764814
0.0799310
0.0809671
0.0789668
0.0740044
0.0665703
0.0573136
0.0469759
0.0363218
0.0260130
0.0165083
0.0079674
0.0003352
-0.0063940
-0.0115460
-0.0140698
-0.0132594
-0.0090943
-0.0022219
0.0064952
0.0162895
0.0265709
0.0367046
0.0459900
0.0541228
0.0612332
0.0674185
0.0720970
0.0739476
0.0717317
0.0650331
0.0542271
0.0400948
0.0234024
0.0046525
-0.0157548
-0.0368705
-0.0574347
-0.0765568
-0.0937172
-0.1086631
-0.1212342
-0.1313621
-0.1390148
-0.1442938
-0.1475894
-0.1495445
-0.1509042
-0.1523232
-0.1541844
-0.1564993
-0.1590540
-0.1615640
-0.1637749
-0.1654670
-0.1664597
-0.1666735
-0.1662357
-0.1655074
-0.1649800
-0.1650638
-0.1659207
-0.1674076
-0.1693554
-0.1717310
-0.1746976
-0.1784792
-0.1831682
-0.1886419
-0.1945967
-0.2007972
-0.2073575
-0.2149611
-0.2241484
-0.2346001
-0.2453075
-0.2551610
-0.2635550
-0.2700546
-0.2738535
-0.2735992
-0.2678972
-0.2552723
-0.2348862
-0.2071899
-0.1730489
-0.1333489
-0.0904558
-0.0480213
-0.0092884
0.0236984
0.0503438
0.0713931
0.0885019
0.1029542
0.1154253
0.1263114
0.1357427
0.1436651
0.1502150
0.1557118
0.1602808
0.1637546
0.1658499
0.1663773
0.1654034
0.1631607
0.1598315
0.1553635
0.1497092
0.1430103
0.1352797
0.1262466
0.1153952
0.1025405
0.0882964
0.0736438
0.0593131
0.0452003
0.0309191
0.0166218
0.0027384
-0.0104380
-0.0225421
-0.0331506
-0.0419077
-0.0484494
-0.0524627
-0.0539200
-0.0532251
-0.0511439
-0.0485919
-0.0463115
-0.0442566
-0.0417393
-0.0388225
-0.0363891
-0.0353152
-0.0360996
-0.0387299
-0.0428216
-0.0478662
-0.0535870
-0.0598181
-0.0662599
-0.0724701
-0.0780472
-0.0828238
-0.0868329
-0.0900998
-0.0924041
-0.0932700
-0.0920818
-0.0884535
-0.0826312
-0.0753586
-0.0674931
-0.0593638
-0.0507353
-0.0413019
-0.0311091
-0.0206212
-0.0100609
0.0008852
0.0123081
0.0238525
0.0350054
0.0455413
0.0557456
0.0662943
0.0778939
0.0909898
0.1055467
0.1210109
0.1366896
0.1520906
0.1668744
0.1807753
0.1935187
0.2049530
0.2152010
0.2244793
0.2329311
0.2404350
0.2466572
0.2512479
0.2541293
0.2557390
0.2574152
0.2606029
0.2654176
0.2709259
0.2761178
0.2806262
0.2847040
0.2885593
0.2922050
0.2956976
0.2991439
0.3026249
0.3059715
0.3088384
0.3109221
0.3119885
0.3118382
0.3101765
0.3067345
0.3015339
0.2947381
0.2863166
0.2759979
0.2635030
0.2486599
0.2316017
0.2129468
0.1934985
0.1739520
0.1551916
0.1382043
0.1234932
0.1109293
0.1000004
0.0902775
0.0816616
0.0744590
0.0691008
0.0658080
0.0645360
0.0650500
0.0671552
0.0707346
0.0757275
0.0819870
0.0891776
0.0970020
0.1053620
0.1141858
0.1233903
0.1330495
0.1432173
0.1536743
0.1641347
0.1744216
0.1843545
0.1937398
0.2024604
0.2103848
0.2173497
0.2231123
0.2274459
0.2301336
0.2311509
0.2308229
0.2296322
0.2280224
0.2264488
0.2252899
0.2246209
0.2237510
0.2211760
0.2150290
0.2038808
0.1870177
0.1639598
0.1340042
0.0970738
0.0546707
0.0105962
-0.0304742
-0.0652215
-0.0921950
-0.1117390
-0.1255991
-0.1362752
-0.1459334
-0.1557623
-0.1658455
-0.1760559
-0.1865871
-0.1978494
-0.2100438
-0.2229043
-0.2362850
-0.2505457
-0.2658670
-0.2819961
-0.2986064
-0.3154551
-0.3323240
-0.3488447
-0.3644290
-0.3781117
-0.3893061
-0.3987882
-0.4076648
-0.4163984
-0.4250569
-0.4334827
-0.4409215
-0.4465252
-0.4499513
-0.4510250
-0.4495496
-0.4454545
-0.4388060
-0.4297011
-0.4179200
-0.4029773
-0.3840680
-0.3603989
-0.3311651
-0.2945690
-0.2479071
-0.1902184
-0.1236812
-0.0529782
0.0159311
0.0771409
0.1264613
0.1628529
0.1883211
0.2064847
0.2205157
0.2324254
0.2432282
0.2531626
0.2619771
0.2691341
0.2741584
0.2769733
0.2778244
0.2771727
0.2756439
0.2738810
0.2723305
0.2711817
0.2704057
0.2698494
0.2693957
0.2691443
0.2692454
0.2696746
0.2704867
0.2718580
0.2736613
0.2755658
0.2773894
0.2788792
0.2794644
0.2779082
0.2727539
0.2629871
0.2481094
0.2281511
0.2036684
0.1756542
0.1449783
0.1124447
0.0792302
0.0473086
0.0189708
-0.0045169
-0.0232545
-0.0379726
-0.0496031
-0.0591530
-0.0674659
-0.0751559
-0.0827213
-0.0907892
-0.1001514
-0.1109894
-0.1225334
-0.1336063
-0.1434045
-0.1520689
-0.1601508
-0.1679220
-0.1745372
-0.1784272
-0.1782523
-0.1735286
-0.1649352
-0.1540731
-0.1427042
-0.1317459
-0.1212686
-0.1109877
-0.1009858
-0.0918214
-0.0842841
-0.0790164
-0.0761839
-0.0753848
-0.0758053
-0.0765526
-0.0769770
-0.0768415
-0.0761369
-0.0749584
-0.0736850
-0.0729726
-0.0735728
-0.0759661
-0.0801073
-0.0856293
-0.0920881
-0.0991894
-0.1068913
-0.1152954
-0.1242486
-0.1332777
-0.1418347
-0.1497526
-0.1574313
-0.1652473
-0.1732006
-0.1809978
-0.1882633
-0.1947513
-0.2004836
-0.2056856
-0.2104845
-0.2147429
-0.2180447
-0.2199247
-0.2200591
-0.2180129
-0.2135334
-0.2070541
-0.1992973
-0.1907111
-0.1806553
-0.1680708
-0.1528102
-0.1355994
-0.1174242
-0.0988735
-0.0800893
-0.0610684
-0.0417803
-0.0222133
-0.0027436
0.0158587
0.0326332
0.0469470
0.0589160
0.0690948
0.0780473
0.0858554
0.0922107
0.0967945
0.0994884
0.1005067
0.1004505
0.1001395
0.1003389
0.1016153
0.1042153
0.1080328
0.1126713
0.1176022
0.1224044
0.1269026
0.1309898
0.1345439
0.1374254
0.1394454
0.1403703
0.1398730
0.1376841
0.1337730
0.1282751
0.1213838
0.1134110
0.1047651
0.0956999
0.0862636
0.0764087
0.0661472
0.0555800
0.0447259
0.0336551
0.0227115
0.0123000
0.0026256
-0.0063465
-0.0148189
-0.0230350
-0.0311038
-0.0389504
-0.0464021
-0.0533157
-0.0596690
-0.0655582
-0.0711355
-0.0764268
-0.0813522
-0.0858589
-0.0898849
-0.0933483
-0.0962870
-0.0988448
-0.1010435
-0.1025725
-0.1028307
-0.1012610
-0.0976498
-0.0921559
-0.0851562
-0.0769788
-0.0672319
-0.0552601
-0.0416179
-0.0274983
-0.0134424
0.0004422
0.0140779
0.0273455
0.0401162
0.0522628
0.0636868
0.0743864
0.0845347
0.0942864
0.1035539
0.1122505
0.1204793
0.1282284
0.1352888
0.1413737
0.1463612
0.1504274
0.1538405
0.1567103
0.1587867
0.1595945
0.1586957
0.1555947
0.1499144
0.1416440
0.1310473
0.1185031
0.1042452
0.0883986
0.0711556
0.0530134
0.0348275
0.0175599
0.0019651
-0.0114588
-0.0224729
-0.0310671
-0.0370897
-0.0403110
-0.0407354
-0.0387722
-0.0351648
-0.0304641
-0.0248884
-0.0187401
-0.0124337
-0.0062857
-0.0005978
0.0043207
0.0081984
0.0109300
0.0126533
0.0135726
0.0138569
0.0137189
0.0133287
0.0126297
0.0115464
0.0101651
0.0085409
0.0067021
0.0048715
0.0033680
0.0023865
0.0018675
0.0016051
0.0015189
0.0015750
0.0016150
0.0014512
0.0009834
0.0002397
-0.0005376
-0.0008773
-0.0004092
0.0008917
0.0027413
0.0048235
0.0070706
0.0095325
0.0121741
0.0147763
0.0170806
0.0190062
0.0205483
0.0216636
0.0222693
0.0223248
0.0218896
0.0211022
0.0201249
0.0191002
0.0181787
0.0176501
0.0178452
0.0189418
0.0209039
0.0235129
0.0264736
0.0294835
0.0322495
0.0343781
0.0354388
0.0351018
0.0332307
0.0299284
0.0256787
0.0212240
0.0168818
0.0126311
0.0087155
0.0055625
0.0035030
0.0029803
0.0044657
0.0082008
0.0140232
0.0213851
0.0298809
0.0393041
0.0492504
0.0593732
0.0697176
0.0801887
0.0903051
0.0994302
0.1071481
0.1135066
0.1187370
0.1230396
0.1265483
0.1293314
0.1313749
0.1326273
0.1330923
0.1328719
0.1321005
0.1308200
0.1290306
0.1267785
0.1241025
0.1210079
0.1174860
0.1136322
0.1096768
0.1056825
0.1014878
0.0969319
0.0920302
0.0870074
0.0821009
0.0773722
0.0725701
0.0673811
0.0617544
0.0557467
0.0494047
0.0429731
0.0368474
0.0313250
0.0263757
0.0216039
0.0164976
0.0107485
0.0045257
-0.0017328
-0.0076688
-0.0132413
-0.0186551
-0.0241048
-0.0297455
-0.0357752
-0.0423827
-0.0496162
-0.0571781
-0.0646510
-0.0718643
-0.0788810
-0.0858558
-0.0929986
-0.1004630
-0.1082106
-0.1159900
-0.1234594
-0.1304231
-0.1367632
-0.1420587
-0.1458265
-0.1479362
-0.1484579
-0.1474594
-0.1446821
-0.1397809
-0.1327339
-0.1238400
-0.1136111
-0.1026726
-0.0915143
-0.0802527
-0.0688528
-0.0573298
-0.0455517
-0.0333208
-0.0206983
-0.0081030
0.0038292
0.0145066
0.0236536
0.0314597
0.0383493
0.0446631
0.0504554
0.0555064
0.0593107
0.0614304
0.0619026
0.0611536
0.0597383
0.0580133
0.0561540
0.0543478
0.0527205
0.0512604
0.0499990
0.0490599
0.0485881
0.0487410
0.0496527
0.0513432
0.0536786
0.0564340
0.0593759
0.0623269
0.0651916
0.0679391
0.0705174
0.0728388
0.0747983
0.0762434
0.0770236
0.0770926
0.0764464
0.0749400
0.0724159
0.0688482
0.0639697
0.0574505
0.0494908
0.0405411
0.0308198
0.0204410
0.0095824
-0.0015775
-0.0130425
-0.0250424
-0.0375057
-0.0498846
-0.0615501
-0.0720809
-0.0813545
-0.0893604
-0.0960934
-0.1014156
-0.1052216
-0.1076681
-0.1091222
-0.1100086
-0.1106269
-0.1111540
-0.1117317
-0.1124502
-0.1133074
-0.1141771
-0.1148889
-0.1153338
-0.1154397
-0.1151379
-0.1142842
-0.1126814
-0.1101298
-0.1062928
-0.1008055
-0.0935237
-0.0845890
-0.0743279
-0.0630092
-0.0508504
-0.0383158
-0.0259288
-0.0139082
-0.0023664
0.0085300
0.0185051
0.0272468
0.0345106
0.0401672
0.0442893
0.0471827
0.0493271
0.0512349
0.0531916
0.0551991
0.0572083
0.0592745
0.0615587
0.0641071
0.0667492
0.0691944
0.0711274
0.0722470
0.0721395
0.0703780
0.0667255
0.0613046
0.0546026
0.0470882
0.0390433
0.0307574
0.0224971
0.0143680
0.0065062
-0.0008148
-0.0071396
-0.0120821
-0.0155994
-0.0178567
-0.0191013
-0.0196365
-0.0197754
-0.0197640
-0.0196977
-0.0195334
-0.0191893
-0.0185820
-0.0176205
-0.0162086
-0.0143256
-0.0121780
-0.0101005
-0.0083448
-0.0070616
-0.0062981
-0.0059836
-0.0059293
-0.0058837
-0.0056885
-0.0053355
-0.0048186
-0.0040118
-0.0026783
-0.0007896
0.0014275
0.0039446
0.0069383
0.0105223
0.0147302
0.0195221
0.0247963
0.0304954
0.0367287
0.0436354
0.0512001
0.0591444
0.0671802
0.0753568
0.0838733
0.0927506
0.1015448
0.1096165
0.1166462
0.1226049
0.1275759
0.1314782
0.1341190
0.1353627
0.1352163
0.1338751
0.1317279
0.1292266
0.1266706
0.1242103
0.1219331
0.1198604
0.1179293
0.1159790
0.1138352
0.1114187
0.1088065
0.1061829
0.1037004
0.1013207
0.0987584
0.0956958
0.0919847
0.0876657
0.0828430
0.0775539
0.0718103
0.0656907
0.0593859
0.0531259
0.0470732
0.0413847
0.0362231
0.0317276
0.0279882
0.0250890
0.0231739
0.0223958
0.0228183
0.0243347
0.0266855
0.0296310
0.0330581
0.0369050
0.0410472
0.0452292
0.0492574
0.0531623
0.0570334
0.0609065
0.0647663
0.0684673
0.0716980
0.0740739
0.0752618
0.0749286
0.0727927
0.0687544
0.0628793
0.0554413
0.0469076
0.0375378
0.0270747
0.0154810
0.0032944
-0.0088823
-0.0205746
-0.0313233
-0.0407532
-0.0487332
-0.0554308
-0.0611497
-0.0660944
-0.0703588
-0.0740005
-0.0769267
-0.0790197
-0.0803486
-0.0810203
-0.0810430
-0.0803864
-0.0789986
-0.0766994
-0.0732125
-0.0683300
-0.0621156
-0.0548853
-0.0467301
-0.0375399
-0.0273374
-0.0163915
-0.0051625
0.0059728
0.0168172
0.0270927
0.0365497
0.0452659
0.0533571
0.0607640
0.0676561
0.0744850
0.0813430
0.0880060
0.0943750
0.1005268
0.1065583
0.1123311
0.1175522
0.1222273
0.1266027
0.1308277
0.1348825
0.1386800
0.1422094
0.1455332
0.1485460
0.1510401
0.1529070
0.1540645
0.1543983
0.1538867
0.1526455
0.1508320
0.1485951
0.1460779
0.1433135
0.1402462
0.1370418
0.1340469
0.1313463
0.1288366
0.1265519
0.1246583
0.1233020
0.1225153
0.1222026
0.1221995
0.1223642
0.1226580
0.1231471
0.1239209
0.1249046
0.1258731
0.1266252
0.1270672
0.1272250
0.1272403
0.1273109
0.1275306
0.1278584
0.1282017
0.1284790
0.1286483
0.1287089
0.1286803
0.1285280
0.1280896
0.1269408
0.1247230
0.1215585
0.1178386
0.1139352
0.1100882
0.1063858
0.1027499
0.0990928
0.0954733
0.0920731
0.0890847
0.0867301
0.0852368
0.0848643
0.0857314
0.0876345
0.0901942
0.0930323
0.0958127
0.0983175
0.1005487
0.1026256
0.1046408
0.1066844
0.1088449
0.1110471
0.1131084
0.1149451
0.1165229
0.1177710
0.1187348
0.1196190
0.1205692
0.1215855
0.1225386
0.1232375
0.1235065
0.1232189
0.1223349
0.1209300
0.1191363
0.1170420
0.1146115
0.1117092
0.1081773
0.1039144
0.0988316
0.0929352
0.0864377
0.0796683
0.0728911
0.0660576
0.0589090
0.0513783
0.0436159
0.0358327
0.0282805
0.0212351
0.0149614
0.0095768
0.0048603
0.0004260
-0.0039982
-0.0084257
-0.0126647
-0.0164486
-0.0196193
-0.0222517
-0.0245796
-0.0268410
-0.0291510
-0.0314743
-0.0336568
-0.0355282
-0.0370164
-0.0381558
-0.0390464
-0.0397524
-0.0403068
-0.0408620
-0.0415885
-0.0424573
-0.0433902
-0.0444021
-0.0454458
-0.0463627
-0.0470138
-0.0472901
-0.0470722
-0.0463313
-0.0451958
-0.0437475
-0.0419564
-0.0397306
-0.0369762
-0.0336578
-0.0299144
-0.0260581
-0.0223922
-0.0190622
-0.0160048
-0.0131019
-0.0103527
-0.0078212
-0.0055482
-0.0035829
-0.0019666
-0.0006817
0.0003085
0.0010103
0.0013794
0.0013763
0.0010776
0.0006094
-0.0000442
-0.0010193
-0.0024565
-0.0044067
-0.0068163
-0.0096266
-0.0128423
-0.0165335
-0.0206427
-0.0248703
-0.0289379
-0.0327446
-0.0363331
-0.0398083
-0.0432815
-0.0468242
-0.0504452
-0.0539761
-0.0571695
-0.0598727
-0.0619957
-0.0634790
-0.0644041
-0.0649606
-0.0652354
-0.0652478
-0.0650929
-0.0649532
-0.0650234
-0.0654146
-0.0661546
-0.0672435
-0.0686561
-0.0703378
-0.0723311
-0.0747062
-0.0773488
-0.0800524
-0.0827096
-0.0853116
-0.0879106
-0.0906264
-0.0935590
-0.0966656
-0.0997720
-0.1026762
-0.1053138
-0.1077467
-0.1100155
-0.1120460
-0.1136647
-0.1146821
-0.1150197
-0.1148155
-0.1143478
-0.1138757
-0.1135633
-0.1134594
-0.1135269
-0.1136826
-0.1138497
-0.1140183
-0.1142268
-0.1142939
-0.1138877
-0.1129247
-0.1116236
-0.1103398
-0.1094259
-0.1090791
-0.1091098
-0.1091539
-0.1091080
-0.1090935
-0.1092482
-0.1095835
-0.1099918
-0.1103312
-0.1104412
-0.1101467
-0.1093359
-0.1080210
-0.1063055
-0.1042273
-0.1016014
-0.0982808
-0.0943919
-0.0902141
-0.0860185
-0.0819764
-0.0781453
-0.0744821
-0.0708439
-0.0670601
-0.0630933
-0.0590619
-0.0551721
-0.0516468
-0.0486407
-0.0461796
-0.0442089
-0.0427198
-0.0416841
-0.0409691
-0.0405097
-0.0403693
-0.0406740
-0.0415082
-0.0428554
-0.0447040
-0.0470767
-0.0498930
-0.0530384
-0.0565629
-0.0605175
-0.0647600
-0.0690616
-0.0732567
-0.0773403
-0.0813814
-0.0853903
-0.0892818
-0.0929356
-0.0962854
-0.0993754
-0.1023572
-0.1053213
-0.1081847
-0.1107538
-0.1128558
-0.1144414
-0.1155500
-0.1162455
-0.1166096
-0.1167499
-0.1167691
-0.1167189
-0.1165590
-0.1162163
-0.1156555
-0.1148928
-0.1139605
-0.1128437
-0.1115047
-0.1099545
-0.1082986
-0.1066888
-0.1051704
-0.1036825
-0.1021599
-0.1006606
-0.0993663
-0.0984344
-0.0978843
-0.0975823
-0.0974459
-0.0975982
-0.0982640
-0.0995524
-0.1012269
-0.1029476
-0.1046423
-0.1064348
-0.1084360
-0.1105565
-0.1126197
-0.1146090
-0.1165544
-0.1183728
-0.1198956
-0.1210349
-0.1219995
-0.1230933
-0.1244012
-0.1258286
-0.1272474
-0.1286310
-0.1300134
-0.1313723
-0.1326465
-0.1338080
-0.1349247
-0.1360874
-0.1372220
-0.1381183
-0.1385794
-0.1385722
-0.1382333
-0.1376909
-0.1369798
-0.1360628
-0.1349360
-0.1336716
-0.1322398
-0.1304680
-0.1281138
-0.1250431
-0.1213745
-0.1174271
-0.1135670
-0.1100405
-0.1069281
-0.1041857
-0.1017770
-0.0997197
-0.0980315
-0.0967027
-0.0957492
-0.0952553
-0.0953436
-0.0960091
-0.0970949
-0.0984480
-0.0999426
-0.1014319
-0.1028411
-0.1042229
-0.1057418
-0.1075710
-0.1097740
-0.1122225
-0.1146454
-0.1169519
-0.1192632
-0.1215496
-0.1236566
-0.1255219
-0.1271002
-0.1282740
-0.1288137
-0.1285499
-0.1276140
-0.1262482
-0.1245383
-0.1223107
-0.1192876
-0.1153347
-0.1105366
-0.1051344
-0.0994208
-0.0936333
-0.0878606
-0.0820562
-0.0761404
-0.0701325
-0.0641961
-0.0584076
-0.0526665
-0.0468232
-0.0407792
-0.0345352
-0.0282935
-0.0223875
-0.0168932
-0.0116149
-0.0064401
-0.0014516
0.0031268
0.0070055
0.0099667
0.0119999
0.0132931
0.0141260
0.0146796
0.0149773
0.0150396
0.0149358
0.0146811
0.0142477
0.0136420
0.0130101
0.0125866
0.0124803
0.0126587
0.0130849
0.0137733
0.0147494
0.0158895
0.0169636
0.0178602
0.0186470
0.0194714
0.0202668
0.0207251
0.0206356
0.0199864
0.0188489
0.0173310
0.0155624
0.0136085
0.0115042
0.0093937
0.0073782
0.0053243
0.0030989
0.0007554
-0.0015042
-0.0034913
-0.0052075
-0.0069140
-0.0090097
-0.0116295
-0.0146209
-0.0179764
-0.0217429
-0.0257222
-0.0295981
-0.0331434
-0.0362873
-0.0390673
-0.0415182
-0.0435511
-0.0449597
-0.0455929
-0.0454493
-0.0445535
-0.0430120
-0.0411277
-0.0392164
-0.0374327
-0.0357873
-0.0342375
-0.0327850
-0.0314650
-0.0302973
-0.0293228
-0.0286006
-0.0281480
-0.0278707
-0.0275284
-0.0269056
-0.0259609
-0.0247283
-0.0232482
-0.0215854
-0.0198855
-0.0183852
-0.0172451
-0.0164557
-0.0160240
-0.0160237
-0.0165350
-0.0176161
-0.0192831
-0.0215317
-0.0243131
-0.0274744
-0.0308411
-0.0343372
-0.0378050
-0.0409334
-0.0435769
-0.0458257
-0.0477541
-0.0494099
-0.0509162
-0.0524232
-0.0540231
-0.0556735
-0.0572466
-0.0586401
-0.0598182
-0.0607930
-0.0615017
-0.0618323
-0.0618021
-0.0615557
-0.0612524
-0.0609585
-0.0606308
-0.0601883
-0.0595382
-0.0585215
-0.0570633
-0.0553026
-0.0533271
-0.0510745
-0.0485845
-0.0459040
-0.0427954
-0.0390829
-0.0349665
-0.0307128
-0.0264870
-0.0225423
-0.0191197
-0.0162367
-0.0137790
-0.0115976
-0.0094365
-0.0070643
-0.0045538
-0.0020989
0.0002315
0.0023262
0.0039742
0.0050524
0.0056758
0.0062324
0.0070260
0.0080366
0.0091221
0.0101857
0.0111870
0.0121601
0.0131990
0.0143007
0.0153265
0.0161960
0.0169173
0.0174773
0.0178069
0.0178288
0.0175706
0.0171753
0.0167850
0.0163941
0.0157657
0.0146198
0.0128328
0.0104611
0.0076572
0.0045490
0.0012195
-0.0022772
-0.0060111
-0.0101393
-0.0147498
-0.0197487
-0.0248471
-0.0297726
-0.0344146
-0.0386737
-0.0424041
-0.0454408
-0.0476958
-0.0492447
-0.0502275
-0.0507711
-0.0509341
-0.0507400
-0.0502390
-0.0495099
-0.0486516
-0.0478074
-0.0470626
-0.0462544
-0.0451723
-0.0438296
-0.0424420
-0.0412345
-0.0401444
-0.0389805
-0.0377722
-0.0366555
-0.0356746
-0.0347313
-0.0337058
-0.0326530
-0.0317430
-0.0311095
-0.0308451
-0.0310081
-0.0316420
-0.0326862
-0.0338977
-0.0350651
-0.0361737
-0.0372561
-0.0382678
-0.0390354
-0.0394015
-0.0393893
-0.0391469
-0.0388345
-0.0385006
-0.0381268
-0.0377461
-0.0374267
-0.0372220
-0.0372057
-0.0374537
-0.0379850
-0.0387533
-0.0396746
-0.0406607
-0.0416235
-0.0423675
-0.0426162
-0.0421004
-0.0406010
-0.0380236
-0.0344563
-0.0301401
-0.0253194
-0.0202231
-0.0150474
-0.0096860
-0.0037211
0.0031977
0.0110990
0.0196420
0.0284168
0.0371950
0.0458100
0.0540801
0.0618578
0.0690896
0.0758501
0.0822436
0.0883495
0.0942380
0.1000600
0.1061279
0.1127231
0.1198681
0.1273398
0.1348082
0.1420270
0.1489925
0.1559849
0.1631116
0.1701083
0.1766874
0.1827434
0.1882546
0.1931560
0.1973090
0.2007004
0.2034878
0.2057825
0.2075887
0.2088849
0.2096839
0.2100539
0.2099802
0.2093921
0.2082866
0.2067087
0.2046929
0.2021194
0.1987973
0.1947094
0.1899554
0.1845511
0.1784315
0.1715706
0.1640465
0.1560557
0.1478914
0.1398308
0.1320565
0.1247769
0.1182425
0.1126986
0.1083397
0.1052964
0.1035991
0.1031125
0.1035949
0.1047749
0.1064667
0.1086309
0.1113573
0.1147774
0.1189517
0.1238067
0.1291586
0.1347835
0.1404874
0.1461242
0.1515068
0.1564371
0.1608473
0.1648066
0.1684653
0.1719348
0.1752265
0.1781873
0.1805831
0.1822506
0.1831234
0.1832231
0.1824919
0.1808201
0.1781526
0.1744621
0.1696907
0.1637503
0.1565932
0.1480692
0.1381361
0.1271674
0.1156480
0.1038277
0.0917763
0.0795379
0.0673012
0.0554068
0.0442684
0.0342492
0.0255064
0.0178551
0.0108911
0.0042459
-0.0023163
-0.0088882
-0.0152926
-0.0211785
-0.0262327
-0.0303008
-0.0334205
-0.0358348
-0.0379039
-0.0398293
-0.0416135
-0.0432091
-0.0445868
-0.0457506
-0.0466790
-0.0473165
-0.0475792
-0.0474158
-0.0468554
-0.0459510
-0.0447574
-0.0434659
-0.0423277
-0.0414453
-0.0408055
-0.0403824
-0.0401441
-0.0400245
-0.0398956
-0.0397082
-0.0396456
-0.0399249
-0.0405957
-0.0415674
-0.0426932
-0.0438377
-0.0449132
-0.0458722
-0.0466030
-0.0469441
-0.0468062
-0.0461604
-0.0449706
-0.0433205
-0.0414598
-0.0395270
-0.0374876
-0.0352907
-0.0329593
-0.0305658
-0.0279801
-0.0249083
-0.0213383
-0.0175255
-0.0136902
-0.0099388
-0.0063006
-0.0028175
0.0004357
0.0033557
0.0058019
0.0076137
0.0086649
0.0089523
0.0086834
0.0082417
0.0080652
0.0083917
0.0091288
0.0100767
0.0111023
0.0121897
0.0133217
0.0143945
0.0154858
0.0168974
0.0187607
0.0209545
0.0232732
0.0255372
0.0276447
0.0295761
0.0313527
0.0329521
0.0342607
0.0351155
0.0355081
0.0356351
0.0356153
0.0354561
0.0352084
0.0349619
0.0347924
0.0347897
0.0350053
0.0353057
0.0354843
0.0354643
0.0352905
0.0350550
0.0348426
0.0347050
0.0346651
0.0347920
0.0352294
0.0361062
0.0374334
0.0390410
0.0406728
0.0421427
0.0434280
0.0446239
0.0457159
0.0465887
0.0471712
0.0474701
0.0475346
0.0473076
0.0466900
0.0457150
0.0444827
0.0430676
0.0415738
0.0400956
0.0385678
0.0369060
0.0351858
0.0335619
0.0321781
0.0312282
0.0308772
0.0311503
0.0320377
0.0335292
0.0354928
0.0377201
0.0400829
0.0425379
0.0450664
0.0475932
0.0500331
0.0523928
0.0546694
0.0567709
0.0587147
0.0606701
0.0628115
0.0652660
0.0680982
0.0711910
0.0742779
0.0771848
0.0798621
0.0822903
0.0844743
0.0864431
0.0881110
0.0892785
0.0897218
0.0893192
0.0881371
0.0863122
0.0839103
0.0807756
0.0768104
0.0722280
0.0671786
0.0615777
0.0552704
0.0481828
0.0404447
0.0325564
0.0251796
0.0183725
0.0117791
0.0053211
-0.0008381
-0.0065524
-0.0117291
-0.0164047
-0.0208201
-0.0251715
-0.0294219
-0.0335474
-0.0376096
-0.0415646
-0.0453224
-0.0488913
-0.0523009
-0.0555795
-0.0588745
-0.0622713
-0.0655536
-0.0684933
-0.0710930
-0.0734979
-0.0758181
-0.0780119
-0.0800501
-0.0820445
-0.0840874
-0.0862005
-0.0884245
-0.0908136
-0.0933721
-0.0960038
-0.0985515
-0.1008951
-0.1029586
-0.1046891
-0.1060793
-0.1071615
-0.1078646
-0.1080083
-0.1074121
-0.1061085
-0.1043735
-0.1024064
-0.1002516
-0.0979216
-0.0954830
-0.0930428
-0.0905678
-0.0879771
-0.0853976
-0.0829872
-0.0807466
-0.0787558
-0.0772064
-0.0762132
-0.0757921
-0.0758967
-0.0764279
-0.0772422
-0.0781962
-0.0791778
-0.0801096
-0.0808491
-0.0812096
-0.0810737
-0.0803258
-0.0787253
-0.0760603
-0.0723259
-0.0677298
-0.0626384
-0.0574848
-0.0524791
-0.0474898
-0.0422665
-0.0366595
-0.0307240
-0.0246839
-0.0188224
-0.0133996
-0.0085445
-0.0041546
0.0000162
0.0041703
0.0081923
0.0117344
0.0145907
0.0167280
0.0181683
0.0190431
0.0195792
0.0198867
0.0200780
0.0204813
0.0214077
0.0228949
0.0246573
0.0263863
0.0281227
0.0300303
0.0321218
0.0342988
0.0364283
0.0383614
0.0400344
0.0415293
0.0429853
0.0444517
0.0457361
0.0465874
0.0469465
0.0469203
0.0466333
0.0460162
0.0449977
0.0437637
0.0425648
0.0415244
0.0406461
0.0398683
0.0391208
0.0384000
0.0377865
0.0374222
0.0373746
0.0374972
0.0375888
0.0375622
0.0374308
0.0372518
0.0370848
0.0369692
0.0369184
0.0369216
0.0369346
0.0368591
0.0366633
0.0364777
0.0364290
0.0365432
0.0368370
0.0373025
0.0378386
0.0383110
0.0386416
0.0388887
0.0391942
0.0396624
0.0402824
0.0409119
0.0412712
0.0411196
0.0405117
0.0397126
0.0389913
0.0385126
0.0382976
0.0382113
0.0380896
0.0378802
0.0376212
0.0373733
0.0371879
0.0371197
0.0372598
0.0377292
0.0386137
0.0398485
0.0412717
0.0427784
0.0442953
0.0457373
0.0471017
0.0484773
0.0499510
0.0515284
0.0531033
0.0544910
0.0555182
0.0561196
0.0563452
0.0563200
0.0561851
0.0560313
0.0557612
0.0551723
0.0541316
0.0525385
0.0503045
0.0474219
0.0439063
0.0396111
0.0344041
0.0284122
0.0219649
0.0154429
0.0091232
0.0030950
-0.0027469
-0.0085316
-0.0143286
-0.0202095
-0.0261587
-0.0319274
-0.0371679
-0.0416549
-0.0454715
-0.0488523
-0.0518683
-0.0544888
-0.0567306
-0.0585504
-0.0598825
-0.0607982
-0.0614817
-0.0621081
-0.0627392
-0.0633393
-0.0639189
-0.0645377
-0.0652367
-0.0659684
-0.0666047
-0.0669695
-0.0669580
-0.0666350
-0.0661245
-0.0654962
-0.0647834
-0.0640310
-0.0633420
-0.0628246
-0.0625049
-0.0622221
-0.0617480
-0.0610637
-0.0603280
-0.0597178
-0.0593961
-0.0594589
-0.0598321
-0.0603270
-0.0607582
-0.0609585
-0.0607906
-0.0601490
-0.0589998
-0.0574207
-0.0555587
-0.0535617
-0.0514755
-0.0492903
-0.0470492
-0.0447852
-0.0424704
-0.0401171
-0.0377493
-0.0352529
-0.0324140
-0.0290636
-0.0252233
-0.0211325
-0.0171903
-0.0137655
-0.0109966
-0.0087203
-0.0065963
-0.0043835
-0.0020228
0.0004029
0.0027147
0.0047212
0.0063281
0.0075908
0.0087148
0.0099810
0.0116342
0.0137763
0.0163295
0.0190650
0.0217741
0.0243959
0.0270333
0.0298300
0.0328048
0.0358291
0.0387091
0.0412954
0.0435253
0.0453639
0.0467758
0.0477229
0.0481055
0.0478327
0.0469774
0.0456519
0.0438222
0.0414094
0.0384278
0.0350006
0.0313675
0.0278587
0.0246640
0.0217175
0.0188847
0.0161281
0.0135674
0.0112780
0.0091635
0.0071771
0.0053357
0.0035367
0.0016881
-0.0001513
-0.0019109
-0.0035390
-0.0048299
-0.0055315
-0.0055610
-0.0050704
-0.0043621
-0.0037187
-0.0033104
-0.0031731
-0.0032472
-0.0034262
-0.0036163
-0.0038205
-0.0041899
-0.0048560
-0.0058142
-0.0070302
-0.0084560
-0.0099610
-0.0113916
-0.0126513
-0.0137249
-0.0146852
-0.0156949
-0.0168666
-0.0181583
-0.0194621
-0.0207326
-0.0220988
-0.0237648
-0.0258418
-0.0283188
-0.0311077
-0.0341533
-0.0374343
-0.0408993
-0.0443719
-0.0475919
-0.0503746
-0.0526554
-0.0544278
-0.0556484
-0.0562263
-0.0560082
-0.0548906
-0.0529474
-0.0503945
-0.0475031
-0.0445096
-0.0415687
-0.0387517
-0.0361422
-0.0338886
-0.0321583
-0.0310402
-0.0304961
-0.0304592
-0.0309256
-0.0318919
-0.0333054
-0.0351324
-0.0374189
-0.0402376
-0.0433605
-0.0463335
-0.0493040
-0.0527967
-0.0569329
-0.0614103
-0.0658039
-0.0698549
-0.0734290
-0.0762922
-0.0782310
-0.0792223
-0.0792471
-0.0782624
-0.0763026
-0.0735569
-0.0702936
-0.0663508
-0.0612943
-0.0551802
-0.0484267
-0.0413679
-0.0343078
-0.0275423
-0.0211499
-0.0150056
-0.0089186
-0.0027343
0.0035880
0.0098121
0.0156329
0.0210216
0.0262149
0.0315026
0.0368923
0.0421972
0.0473605
0.0523745
0.0571665
0.0617220
0.0660874
0.0702032
0.0739193
0.0771075
0.0797406
0.0818707
0.0834876
0.0845176
0.0849348
0.0849070
0.0847419
0.0845782
0.0843668
0.0840267
0.0835616
0.0830687
0.0826562
0.0823867
0.0822598
0.0821899
0.0820189
0.0815552
0.0806768
0.0794490
0.0780611
0.0767007
0.0754842
0.0744132
0.0732910
0.0718444
0.0699250
0.0675903
0.0650592
0.0625662
0.0602383
0.0580477
0.0559607
0.0540407
0.0523099
0.0506913
0.0490871
0.0474636
0.0458750
0.0443494
0.0428372
0.0412705
0.0396069
0.0378412
0.0359958
0.0341166
0.0323072
0.0306417
0.0290085
0.0272024
0.0250843
0.0226293
0.0199245
0.0171621
0.0145127
0.0120111
0.0096440
0.0074192
0.0053403
0.0034165
0.0017021
0.0002979
-0.0007054
-0.0012848
-0.0014594
-0.0011744
-0.0003216
0.0011544
0.0031488
0.0054008
0.0075872
0.0094824
0.0110714
0.0124299
0.0136332
0.0148110
0.0161188
0.0176296
0.0192419
0.0207318
0.0220865
0.0234817
0.0249764
0.0265676
0.0283229
0.0302147
0.0321060
0.0339868
0.0359437
0.0379733
0.0399069
0.0414965
0.0426506
0.0434663
0.0440975
0.0445517
0.0446535
0.0442775
0.0433653
0.0416566
0.0389189
0.0352337
0.0306311
0.0250382
0.0187723
0.0123782
0.0061686
0.0003285
-0.0049609
-0.0096273
-0.0137831
-0.0177004
-0.0216754
-0.0258668
-0.0301034
-0.0340082
-0.0372826
-0.0396648
-0.0408931
-0.0408756
-0.0397895
-0.0379815
-0.0357955
-0.0334256
-0.0308320
-0.0278306
-0.0242984
-0.0203112
-0.0161667
-0.0122022
-0.0086248
-0.0054714
-0.0026495
-0.0000218
0.0024437
0.0046589
0.0065978
0.0083199
0.0098597
0.0112708
0.0126770
0.0142578
0.0160973
0.0179933
0.0196480
0.0209226
0.0217858
0.0222419
0.0222891
0.0219471
0.0212820
0.0203390
0.0191247
0.0176676
0.0160935
0.0146459
0.0134981
0.0126171
0.0117330
0.0105974
0.0092815
0.0080479
0.0071180
0.0065882
0.0064822
0.0068537
0.0076982
0.0088668
0.0101523
0.0113600
0.0123282
0.0130470
0.0137167
0.0145860
0.0158071
0.0174029
0.0193322
0.0215486
0.0239455
0.0263707
0.0287685
0.0311809
0.0336595
0.0361798
0.0386316
0.0408439
0.0426745
0.0440741
0.0449498
0.0451370
0.0445569
0.0432934
0.0415621
0.0397020
0.0380833
0.0368247
0.0357682
0.0346771
0.0333268
0.0315705
0.0294938
0.0273583
0.0253401
0.0234372
0.0215132
0.0194162
0.0170785
0.0145799
0.0120476
0.0095378
0.0071453
0.0050361
0.0033215
0.0020013
0.0009881
0.0002092
-0.0003590
-0.0007229
-0.0008427
-0.0005982
0.0000179
0.0008140
0.0015466
0.0020183
0.0020908
0.0017208
0.0009546
-0.0002340
-0.0019188
-0.0040897
-0.0066496
-0.0094528
-0.0123595
-0.0152670
-0.0181119
-0.0207777
-0.0230889
-0.0249330
-0.0263543
-0.0275562
-0.0287867
-0.0302154
-0.0318964
-0.0337603
-0.0356483
-0.0375258
-0.0395547
-0.0417443
-0.0439611
-0.0462459
-0.0486888
-0.0512234
-0.0537073
-0.0560286
-0.0581508
-0.0601004
-0.0619419
-0.0637400
-0.0654990
-0.0670776
-0.0683312
-0.0692587
-0.0699137
-0.0703787
-0.0708673
-0.0715921
-0.0725860
-0.0736899
-0.0746689
-0.0753549
-0.0756992
-0.0757592
-0.0756442
-0.0754319
-0.0750448
-0.0743649
-0.0733965
-0.0721841
-0.0707510
-0.0691210
-0.0672990
-0.0652644
-0.0631118
-0.0610453
-0.0591730
-0.0575007
-0.0560238
-0.0546772
-0.0533248
-0.0518504
-0.0502361
-0.0485873
-0.0470440
-0.0456822
-0.0444388
-0.0432007
-0.0419475
-0.0407791
-0.0398405
-0.0392219
-0.0389199
-0.0388511
-0.0388497
-0.0387166
-0.0383172
-0.0376242
-0.0366904
-0.0355635
-0.0342588
-0.0328553
-0.0314855
-0.0302353
-0.0290439
-0.0277245
-0.0262623
-0.0248086
-0.0232821
-0.0215306
-0.0197011
-0.0180077
-0.0164723
-0.0149332
-0.0132273
-0.0113977
-0.0096253
-0.0080788
-0.0069490
-0.0064102
-0.0065042
-0.0071251
-0.0080945
-0.0093213
-0.0108280
-0.0125346
-0.0142814
-0.0160636
-0.0179978
-0.0201692
-0.0225380
-0.0249859
-0.0275296
-0.0302951
-0.0333460
-0.0365231
-0.0394677
-0.0418667
-0.0435852
-0.0446167
-0.0449808
-0.0446817
-0.0437611
-0.0423084
-0.0402602
-0.0374739
-0.0339227
-0.0296332
-0.0246416
-0.0190960
-0.0132327
-0.0072172
-0.0011532
0.0048502
0.0107090
0.0163662
0.0216198
0.0262432
0.0302277
0.0336636
0.0366185
0.0392182
0.0416432
0.0439865
0.0462520
0.0484036
0.0503123
0.0517777
0.0526184
0.0527900
0.0524521
0.0517420
0.0506097
0.0488393
0.0462076
0.0426158
0.0382018
0.0333596
0.0284844
0.0237827
0.0192871
0.0149276
0.0106235
0.0064797
0.0028082
-0.0002297
-0.0027660
-0.0050576
-0.0073122
-0.0095916
-0.0118584
-0.0140545
-0.0161389
-0.0180770
-0.0198099
-0.0213285
-0.0227236
-0.0240655
-0.0253683
-0.0266763
-0.0279674
-0.0290155
-0.0295085
-0.0292517
-0.0283089
-0.0268997
-0.0251618
-0.0231778
-0.0210756
-0.0189873
-0.0170094
-0.0152404
-0.0137547
-0.0125686
-0.0117798
-0.0115834
-0.0121044
-0.0133484
-0.0152994
-0.0178316
-0.0206470
-0.0235297
-0.0264623
-0.0295053
-0.0326501
-0.0357486
-0.0387085
-0.0416091
-0.0445316
-0.0474785
-0.0504205
-0.0533279
-0.0561937
-0.0590811
-0.0620886
-0.0652150
-0.0683682
-0.0714359
-0.0742093
-0.0763971
-0.0778148
-0.0784657
-0.0784460
-0.0778300
-0.0766272
-0.0748546
-0.0725787
-0.0697889
-0.0664616
-0.0627150
-0.0587556
-0.0547638
-0.0507897
-0.0468124
-0.0429240
-0.0393192
-0.0361714
-0.0335483
-0.0313948
-0.0296375
-0.0281827
-0.0268698
-0.0256135
-0.0245004
-0.0237197
-0.0233948
-0.0234032
-0.0235364
-0.0237347
-0.0240477
-0.0245374
-0.0252921
-0.0263617
-0.0276525
-0.0289507
-0.0300404
-0.0309101
-0.0317131
-0.0324859
-0.0331081
-0.0334150
-0.0333022
-0.0327911
-0.0320534
-0.0312750
-0.0304700
-0.0296157
-0.0287958
-0.0280720
-0.0274290
-0.0268751
-0.0264171
-0.0259898
-0.0255493
-0.0251192
-0.0246844
-0.0242023
-0.0237143
-0.0233503
-0.0232545
-0.0234493
-0.0238181
-0.0242120
-0.0245510
-0.0248742
-0.0252772
-0.0258300
-0.0265532
-0.0274429
-0.0285305
-0.0298560
-0.0314131
-0.0331510
-0.0349849
-0.0367705
-0.0383850
-0.0398408
-0.0411984
-0.0424733
-0.0436535
-0.0447186
-0.0456095
-0.0463283
-0.0470177
-0.0477218
-0.0483036
-0.0487865
-0.0493428
-0.0499902
-0.0505685
-0.0508689
-0.0507568
-0.0502117
-0.0492517
-0.0479152
-0.0462907
-0.0444902
-0.0426194
-0.0407504
-0.0389175
-0.0371212
-0.0353450
-0.0335736
-0.0318497
-0.0302544
-0.0287791
-0.0273265
-0.0258146
-0.0242865
-0.0229288
-0.0219247
-0.0213606
-0.0212623
-0.0215714
-0.0221149
-0.0227796
-0.0235935
-0.0245689
-0.0256395
-0.0267259
-0.0277704
-0.0287517
-0.0296758
-0.0305659
-0.0314400
-0.0322570
-0.0328574
-0.0331117
-0.0330506
-0.0328060
-0.0324859
-0.0320348
-0.0313354
-0.0303824
-0.0292153
-0.0278407
-0.0262006
-0.0242526
-0.0220735
-0.0197781
-0.0174169
-0.0150479
-0.0127738
-0.0107356
-0.0090153
-0.0075378
-0.0061386
-0.0046806
-0.0031520
-0.0016268
-0.0001142
0.0014729
0.0032616
0.0052907
0.0074813
0.0097782
0.0121851
0.0146935
0.0171991
0.0195061
0.0215608
0.0234813
0.0253033
0.0269831
0.0285402
0.0299651
0.0311590
0.0320794
0.0328054
0.0334561
0.0341045
0.0347141
0.0351577
0.0352983
0.0351253
0.0347330
0.0341277
0.0332935
0.0323580
0.0314301
0.0304623
0.0293414
0.0279943
0.0264186
0.0246994
0.0229926
0.0214051
0.0199443
0.0187320
0.0180079
0.0179745
0.0186623
0.0198770
0.0213661
0.0229801
0.0247776
0.0269193
0.0294417
0.0322421
0.0351729
0.0381067
0.0409669
0.0437305
0.0463959
0.0489245
0.0512927
0.0535631
0.0557462
0.0577376
0.0594263
0.0607612
0.0617115
0.0622796
0.0625254
0.0625019
0.0622354
0.0618125
0.0613359
0.0607598
0.0599791
0.0589869
0.0578131
0.0564710
0.0550369
0.0536413
0.0523820
0.0512930
0.0503569
0.0495743
0.0489703
0.0484941
0.0480449
0.0475976
0.0471587
0.0466929
0.0461942
0.0457184
0.0452620
0.0447342
0.0440008
0.0430286
0.0419715
0.0409958
0.0401613
0.0395066
0.0390701
0.0388442
0.0387789
0.0388042
0.0388556
0.0388906
0.0388919
0.0388633
0.0388195
0.0387772
0.0387481
0.0387363
0.0387497
0.0388587
0.0391622
0.0397012
0.0404068
0.0411266
0.0417781
0.0423635
0.0428522
0.0431476
0.0431481
0.0428724
0.0424363
0.0418846
0.0410682
0.0396994
0.0376290
0.0348976
0.0315760
0.0278701
0.0241577
0.0206017
0.0171441
0.0138461
0.0108632
0.0083061
0.0063681
0.0052362
0.0048722
0.0051305
0.0059004
0.0070237
0.0082835
0.0095232
0.0108048
0.0123930
0.0144043
0.0166588
0.0187996
0.0206652
0.0224466
0.0242035
0.0257667
0.0270365
0.0280457
0.0288851
0.0295881
0.0301274
0.0304855
0.0306771
0.0307349
0.0306331
0.0302833
0.0295848
0.0285737
0.0274573
0.0263496
0.0252455
0.0242222
0.0233670
0.0226439
0.0218877
0.0209289
0.0197425
0.0183782
0.0168618
0.0152085
0.0134708
0.0117733
0.0102484
0.0089578
0.0078873
0.0069966
0.0062840
0.0057245
0.0052239
0.0047451
0.0043818
0.0043575
0.0048847
0.0060180
0.0076573
0.0095874
0.0115388
0.0133711
0.0151521
0.0169066
0.0185476
0.0199948
0.0212269
0.0222803
0.0232206
0.0241160
0.0250043
0.0258073
0.0263522
0.0266254
0.0268068
0.0270862
0.0275333
0.0280706
0.0285703
0.0289344
0.0291406
0.0293091
0.0296672
0.0302856
0.0310710
0.0320098
0.0331707
0.0345893
0.0362452
0.0380938
0.0401318
0.0423096
0.0444489
0.0463354
0.0478236
0.0488387
0.0493891
0.0495748
0.0495424
0.0494333
0.0493460
0.0493255
0.0493702
0.0494519
0.0495358
0.0495879
0.0495255
0.0491858
0.0485201
0.0476711
0.0467053
0.0455652
0.0442065
0.0426821
0.0411363
0.0397112
0.0385090
0.0376077
0.0369950
0.0365521
0.0362552
0.0361712
0.0362786
0.0364305
0.0364389
0.0362328
0.0358864
0.0355146
0.0351703
0.0348134
0.0344291
0.0340693
0.0337912
0.0336215
0.0335604
0.0336402
0.0338906
0.0341769
0.0342701
0.0340212
0.0334068
0.0325060
0.0314438
0.0303418
0.0292675
0.0281368
0.0267663
0.0251486
0.0234292
0.0216921
0.0198942
0.0179524
0.0160110
0.0143505
0.0130891
0.0121665
0.0114453
0.0108516
0.0103849
0.0100670
0.0099910
0.0103044
0.0109788
0.0118135
0.0126600
0.0134724
0.0142593
0.0150490
0.0158683
0.0167270
0.0175809
0.0183248
0.0188616
0.0191410
0.0191185
0.0188054
0.0183318
0.0178657
0.0174955
0.0171104
0.0165548
0.0158534
0.0151115
0.0143645
0.0135408
0.0125621
0.0115844
0.0108583
0.0104131
0.0100973
0.0097342
0.0092073
0.0084920
0.0076938
0.0069593
0.0063317
0.0057914
0.0053525
0.0050424
0.0048647
0.0047936
0.0047889
0.0048099
0.0048280
0.0048230
0.0047458
0.0045195
0.0041470
0.0037382
0.0034763
0.0035002
0.0037819
0.0041812
0.0045604
0.0048850
0.0052138
0.0055633
0.0059055
0.0062697
0.0066915
0.0071359
0.0075768
0.0080537
0.0086219
0.0093101
0.0101077
0.0109503
0.0117121
0.0122740
0.0125988
0.0127778
0.0129589
0.0131353
0.0132185
0.0132541
0.0133058
0.0133036
0.0131220
0.0126874
0.0120020
0.0111062
0.0100088
0.0087322
0.0073862
0.0061511
0.0052028
0.0046268
0.0043953
0.0044101
0.0046075
0.0050453
0.0057835
0.0067646
0.0078648
0.0089663
0.0099999
0.0109707
0.0119748
0.0130949
0.0143085
0.0155319
0.0166805
0.0176417
0.0182934
0.0185359
0.0183662
0.0179265
0.0173725
0.0167725
0.0161333
0.0154421
0.0146891
0.0138747
0.0130039
0.0120462
0.0109357
0.0096761
0.0083524
0.0070001
0.0056362
0.0043823
0.0033220
0.0023690
0.0014620
0.0006533
-0.0000463
-0.0006781
-0.0012245
-0.0015934
-0.0016772
-0.0014738
-0.0011071
-0.0007275
-0.0004171
-0.0001398
0.0001630
0.0004863
0.0008403
0.0012839
0.0018641
0.0025617
0.0032630
0.0038318
0.0041824
0.0042509
0.0040191
0.0036576
0.0034161
0.0034004
0.0035712
0.0038274
0.0040695
0.0042327
0.0042995
0.0043171
0.0044009
0.0046277
0.0049765
0.0054823
0.0062623
0.0073933
0.0088639
0.0105770
0.0123211
0.0138240
0.0150053
0.0159889
0.0168314
0.0174883
0.0179290
0.0181667
0.0182345
0.0180624
0.0175069
0.0164916
0.0150514
0.0133038
0.0113950
0.0094330
0.0073636
0.0050479
0.0025235
-0.0000236
-0.0024372
-0.0047369
-0.0071079
-0.0096855
-0.0124475
-0.0152338
-0.0178502
-0.0201927
-0.0223053
-0.0243256
-0.0262176
-0.0226119
-0.0239899
-0.0250640
-0.0259630
-0.0267137
-0.0272134
-0.0273569
-0.0271225
-0.0265749
-0.0258253
-0.0249826
-0.0240798
-0.0230677
-0.0218867
-0.0205158
-0.0189837
-0.0173807
-0.0158475
-0.0144575
-0.0131829
-0.0120676
-0.0112127
-0.0106082
-0.0101770
-0.0098661
-0.0095550
-0.0090673
-0.0084756
-0.0080008
-0.0076964
-0.0075122
-0.0074095
-0.0073030
-0.0071046
-0.0068263
-0.0064991
-0.0061126
-0.0057120
-0.0053945
-0.0052194
-0.0051430
-0.0050333
-0.0047671
-0.0042874
-0.0036108
-0.0027988
-0.0019284
-0.0010622
-0.0002379
0.0005435
0.0013487
0.0022853
0.0033585
0.0044432
0.0053596
0.0060154
0.0064592
0.0067423
0.0068764
0.0068798
0.0067833
0.0066256
0.0064364
0.0062067
0.0058597
0.0053100
0.0045496
0.0037549
0.0031067
0.0025298
0.0018941
0.0012136
0.0005695
-0.0000283
-0.0007112
-0.0015576
-0.0024805
-0.0033996
-0.0043091
-0.0052218
-0.0061028
-0.0068660
-0.0074399
-0.0077795
-0.0078455
-0.0076714
-0.0073802
-0.0070460
-0.0066926
-0.0063813
-0.0061853
-0.0061367
-0.0062246
-0.0064362
-0.0067975
-0.0072967
-0.0078433
-0.0083335
-0.0087047
-0.0089470
-0.0090904
-0.0091820
-0.0092633
-0.0093320
-0.0093168
-0.0091313
-0.0087406
-0.0081626
-0.0074266
-0.0065263
-0.0054903
-0.0044178
-0.0034157
-0.0025440
-0.0018160
-0.0012493
-0.0008542
-0.0004419
0.0002131
0.0010589
0.0018646
0.0024079
0.0024641
0.0019265
0.0009518
-0.0002469
-0.0015667
-0.0029174
-0.0041719
-0.0052049
-0.0059885
-0.0066225
-0.0072428
-0.0079236
-0.0086285
-0.0092692
-0.0097783
-0.0101394
-0.0104065
-0.0107028
-0.0111504
-0.0118049
-0.0126542
-0.0136688
-0.0148497
-0.0162042
-0.0177115
-0.0193263
-0.0209940
-0.0226891
-0.0245380
-0.0267342
-0.0292296
-0.0317975
-0.0342955
-0.0368219
-0.0395924
-0.0425972
-0.0456241
-0.0484740
-0.0510888
-0.0535306
-0.0558497
-0.0580574
-0.0601551
-0.0621012
-0.0637970
-0.0650854
-0.0658708
-0.0662082
-0.0661144
-0.0655488
-0.0645681
-0.0632939
-0.0618133
-0.0601356
-0.0582306
-0.0560962
-0.0537716
-0.0513176
-0.0487542
-0.0461016
-0.0434790
-0.0410140
-0.0387326
-0.0366348
-0.0347418
-0.0331032
-0.0317844
-0.0308295
-0.0302236
-0.0298891
-0.0297182
-0.0296092
-0.0294909
-0.0293299
-0.0291247
-0.0289025
-0.0287630
-0.0288539
-0.0292245
-0.0297997
-0.0304697
-0.0312055
-0.0320715
-0.0330863
-0.0341712
-0.0351950
-0.0360779
-0.0368251
-0.0373998
-0.0377482
-0.0378967
-0.0378636
-0.0376107
-0.0371089
-0.0363773
-0.0354768
-0.0344832
-0.0334546
-0.0323829
-0.0312192
-0.0299403
-0.0285906
-0.0272575
-0.0259711
-0.0246823
-0.0233064
-0.0218064
-0.0202286
-0.0186508
-0.0171376
-0.0157226
-0.0144325
-0.0132999
-0.0123406
-0.0115538
-0.0109887
-0.0106914
-0.0106185
-0.0106953
-0.0108737
-0.0111251
-0.0114265
-0.0117536
-0.0120550
-0.0122566
-0.0123565
-0.0124292
-0.0125076
-0.0125844
-0.0126728
-0.0127735
-0.0128551
-0.0129144
-0.0129741
-0.0130218
-0.0130206
-0.0129506
-0.0128439
-0.0127692
-0.0127798
-0.0128759
-0.0129954
-0.0130583
-0.0130205
-0.0129100
-0.0127917
-0.0126877
-0.0125793
-0.0124381
-0.0122199
-0.0118895
-0.0115011
-0.0111261
-0.0107251
-0.0102210
-0.0095967
-0.0088849
-0.0081268
-0.0073285
-0.0064739
-0.0055563
-0.0045860
-0.0035849
-0.0025776
-0.0015848
-0.0006222
0.0002835
0.0010966
0.0018222
0.0025073
0.0032011
0.0039315
0.0046979
0.0054601
0.0061504
0.0066935
0.0070614
0.0073277
0.0076098
0.0079892
0.0084662
0.0089869
0.0095104
0.0099979
0.0103901
0.0106937
0.0110017
0.0113845
0.0118406
0.0123124
0.0127434
0.0131182
0.0134302
0.0136673
0.0138275
0.0139224
0.0139743
0.0140226
0.0141106
0.0142412
0.0143799
0.0144860
0.0145071
0.0143877
0.0141345
0.0138128
0.0134551
0.0130446
0.0125492
0.0119626
0.0113200
0.0106699
0.0100449
0.0094434
0.0088632
0.0083291
0.0078437
0.0073721
0.0068914
0.0063998
0.0058899
0.0053530
0.0047927
0.0042362
0.0037261
0.0033061
0.0029946
0.0027678
0.0025908
0.0024409
0.0022932
0.0021216
0.0019151
0.0016861
0.0014669
0.0012888
0.0011661
0.0010949
0.0010596
0.0010411
0.0010234
0.0009976
0.0009614
0.0009177
0.0008715
0.0008274
0.0007886
0.0007558
0.0007281
0.0007038
0.0006810
0.0006586
0.0006360
0.0006136
0.0005917
0.0005693
0.0005365
0.0004841
0.0004183
0.0003480
0.0002754
0.0002063
0.0001518
0.0001188
0.0001037
0.0000933
0.0000842
0.0000886
0.0001121
0.0001461
0.0001734
0.0001821
0.0001757
0.0001658
0.0001631
0.0001736
0.0001978
0.0002330
0.0002789
0.0003372
0.0003992
0.0004505
0.0004922
0.0005369
0.0005952
0.0006711
0.0007621
0.0008615
0.0009623
0.0010589
0.0011481
0.0012295
0.0013045
0.0013749
0.0014424
0.0015061
0.0015624
0.0016095
0.0016509
0.0016885
0.0017214
0.0017487
0.0017689
0.0017796
0.0017776
0.0017624
0.0017448
0.0017395
0.0017502
0.0017702
0.0017897
0.0018058
0.0018224
0.0018428
0.0018676
0.0018961
0.0019261
0.0019551
0.0019833
0.0020139
0.0020498
0.0020915
0.0021374
0.0021876
0.0022439
0.0023035
0.0023626
0.0024226
0.0024878
0.0025612
0.0026431
0.0027315
0.0028236
0.0029167
0.0030089
0.0031002
0.0031917
0.0032835
0.0033751
0.0034665
0.0035576
0.0036478
0.0037361
0.0038218
0.0039039
0.0039823
0.0040594
0.0041369
0.0042148
0.0042930
0.0043720
0.0044510
0.0045291
0.0046059
0.0046815
0.0047567
0.0048328
0.0049109
0.0049902
0.0050697
0.0051488
0.0052276
0.0053065
0.0053860
0.0054660
0.0055460
0.0056257
0.0057049
0.0057836
0.0058619
0.0059399
0.0060175
0.0060944
0.0061704
0.0062453
0.0063191
0.0063919
0.0064637
0.0065345
0.0066044
0.0066733
0.0067413
0.0068082
0.0068740
0.0069387
0.0070023
0.0070648
0.0071263
0.0071866
0.0072459
0.0073039
0.0073609
0.0074167
0.0074715
0.0075254
0.0075783
0.0076300
0.0076808
0.0077305
0.0077792
0.0078270
0.0078738
0.0079196
0.0079646
0.0080086
0.0080517
0.0080939
0.0081352
0.0081756
0.0082151
0.0082537
0.0082913
0.0083281
0.0083640
0.0083990
0.0084330
0.0084661
0.0084984
0.0085297
0.0085600
0.0085895
