0.0003683
0.0003668
0.0003653
0.0003638
0.0003623
0.0003607
0.0003589
0.0003568
0.0003545
0.0003519
0.0003487
0.0003449
0.0003408
0.0003365
0.0003322
0.0003283
0.0003250
0.0003222
0.0003197
0.0003167
0.0003124
0.0003066
0.0003006
0.0002963
0.0002945
0.0002941
0.0002925
0.0002871
0.0002763
0.0002606
0.0002413
0.0002210
0.0002034
0.0001915
0.0001857
0.0001832
0.0001790
0.0001702
0.0001573
0.0001439
0.0001318
0.0001189
0.0001061
0.0000962
0.0000873
0.0000751
0.0000570
0.0000329
0.0000044
-0.0000266
-0.0000579
-0.0000876
-0.0001112
-0.0001223
-0.0001212
-0.0001154
-0.0001075
-0.0000920
-0.0000616
-0.0000168
0.0000309
0.0000693
0.0000918
0.0000966
0.0000854
0.0000621
0.0000318
-0.0000017
-0.0000417
-0.0000962
-0.0001680
-0.0002530
-0.0003440
-0.0004331
-0.0005156
-0.0005953
-0.0006753
-0.0007382
-0.0007655
-0.0007618
-0.0007432
-0.0007231
-0.0007109
-0.0007114
-0.0007260
-0.0007532
-0.0007894
-0.0008303
-0.0008717
-0.0009109
-0.0009522
-0.0010102
-0.0010895
-0.0011715
-0.0012356
-0.0012728
-0.0012828
-0.0012708
-0.0012424
-0.0011824
-0.0010561
-0.0008763
-0.0007077
-0.0006020
-0.0005705
-0.0005895
-0.0006383
-0.0007187
-0.0008314
-0.0009658
-0.0011070
-0.0012405
-0.0013555
-0.0014461
-0.0015153
-0.0015852
-0.0016785
-0.0017849
-0.0018756
-0.0019295
-0.0019233
-0.0018367
-0.0016900
-0.0015349
-0.0014144
-0.0013510
-0.0013498
-0.0014032
-0.0014954
-0.0016070
-0.0017194
-0.0018180
-0.0018937
-0.0019433
-0.0019690
-0.0019763
-0.0019724
-0.0019647
-0.0019591
-0.0019596
-0.0019677
-0.0019819
-0.0019855
-0.0019400
-0.0018142
-0.0016083
-0.0013477
-0.0010780
-0.0008690
-0.0007840
-0.0008452
-0.0010354
-0.0013134
-0.0016279
-0.0019164
-0.0021052
-0.0021596
-0.0021184
-0.0020429
-0.0019773
-0.0019480
-0.0019655
-0.0020273
-0.0021216
-0.0022318
-0.0023424
-0.0024530
-0.0025935
-0.0027802
-0.0029702
-0.0031083
-0.0031668
-0.0031456
-0.0030773
-0.0030327
-0.0030794
-0.0032374
-0.0034572
-0.0036459
-0.0037327
-0.0036737
-0.0034325
-0.0030330
-0.0025804
-0.0021819
-0.0019031
-0.0017698
-0.0017753
-0.0018938
-0.0021192
-0.0024776
-0.0030025
-0.0037016
-0.0045297
-0.0054031
-0.0062363
-0.0069925
-0.0076719
-0.0082331
-0.0086094
-0.0087727
-0.0087412
-0.0085472
-0.0081625
-0.0075224
-0.0066347
-0.0055877
-0.0044974
-0.0034416
-0.0024442
-0.0015300
-0.0007574
-0.0002150
0.0000334
-0.0000020
-0.0002191
-0.0004774
-0.0007118
-0.0009266
-0.0011251
-0.0012658
-0.0012846
-0.0011972
-0.0011141
-0.0011641
-0.0013911
-0.0017203
-0.0020514
-0.0022916
-0.0023406
-0.0021343
-0.0016790
-0.0009950
-0.0001100
0.0009068
0.0019831
0.0030854
0.0041716
0.0051748
0.0060315
0.0066989
0.0071608
0.0074275
0.0075293
0.0075089
0.0074125
0.0072715
0.0070270
0.0065722
0.0059247
0.0051804
0.0043701
0.0034706
0.0024877
0.0015631
0.0008773
0.0004813
0.0003709
0.0005683
0.0010912
0.0018622
0.0026608
0.0033331
0.0039039
0.0043729
0.0046221
0.0044847
0.0039067
0.0030211
0.0020237
0.0010846
0.0003172
-0.0002909
-0.0008822
-0.0015712
-0.0023721
-0.0032396
-0.0041003
-0.0048786
-0.0055108
-0.0059391
-0.0060953
-0.0059709
-0.0056727
-0.0053353
-0.0050528
-0.0048731
-0.0047766
-0.0046745
-0.0044860
-0.0041861
-0.0037875
-0.0032985
-0.0026958
-0.0019770
-0.0012051
-0.0005041
0.0000466
0.0005199
0.0010285
0.0016274
0.0023576
0.0032430
0.0042407
0.0052219
0.0059993
0.0063933
0.0062767
0.0056029
0.0044360
0.0029477
0.0013535
-0.0001617
-0.0015008
-0.0025913
-0.0033216
-0.0035386
-0.0031267
-0.0021177
-0.0006501
0.0011177
0.0029979
0.0047844
0.0063097
0.0075029
0.0083969
0.0090092
0.0093144
0.0093309
0.0091597
0.0089569
0.0087959
0.0086286
0.0083559
0.0079080
0.0072873
0.0065494
0.0057749
0.0050449
0.0044258
0.0039585
0.0036561
0.0035067
0.0034795
0.0035343
0.0036290
0.0037333
0.0038751
0.0041831
0.0048058
0.0058150
0.0071574
0.0086553
0.0100552
0.0111345
0.0117896
0.0120642
0.0120945
0.0120169
0.0119713
0.0120935
0.0124484
0.0130369
0.0138432
0.0147699
0.0156044
0.0160776
0.0160256
0.0155244
0.0147279
0.0137048
0.0124095
0.0107869
0.0089029
0.0069197
0.0050255
0.0033821
0.0020984
0.0012184
0.0007258
0.0005571
0.0006215
0.0008199
0.0010684
0.0013464
0.0016885
0.0021090
0.0025842
0.0030712
0.0035253
0.0039087
0.0041931
0.0043336
0.0042596
0.0039419
0.0034237
0.0027865
0.0021243
0.0015138
0.0009647
0.0004306
-0.0001099
-0.0006091
-0.0009615
-0.0010938
-0.0010029
-0.0007329
-0.0003526
0.0000633
0.0004513
0.0007879
0.0011096
0.0014325
0.0017017
0.0019106
0.0021434
0.0025132
0.0031227
0.0040385
0.0052891
0.0068576
0.0086782
0.0106222
0.0125162
0.0141837
0.0154460
0.0160931
0.0159675
0.0150475
0.0134313
0.0113100
0.0089442
0.0065470
0.0041882
0.0017891
-0.0007470
-0.0033519
-0.0058931
-0.0083237
-0.0105517
-0.0124244
-0.0138762
-0.0148974
-0.0154663
-0.0156415
-0.0155618
-0.0153096
-0.0148862
-0.0142619
-0.0134457
-0.0124884
-0.0114261
-0.0103213
-0.0093069
-0.0084630
-0.0077538
-0.0070833
-0.0063676
-0.0055910
-0.0048313
-0.0042213
-0.0038551
-0.0037843
-0.0040479
-0.0046299
-0.0054532
-0.0064480
-0.0075501
-0.0086733
-0.0097576
-0.0107782
-0.0116605
-0.0123256
-0.0127950
-0.0131760
-0.0135900
-0.0140943
-0.0146730
-0.0152816
-0.0158621
-0.0163317
-0.0165295
-0.0162654
-0.0154361
-0.0140805
-0.0123429
-0.0103357
-0.0081153
-0.0057432
-0.0032591
-0.0006620
0.0020285
0.0047526
0.0074395
0.0100241
0.0124410
0.0145542
0.0161687
0.0171280
0.0174203
0.0171980
0.0166198
0.0157762
0.0147217
0.0135238
0.0122853
0.0111166
0.0101084
0.0093076
0.0086547
0.0079790
0.0071546
0.0061516
0.0049676
0.0036375
0.0022544
0.0009389
-0.0001990
-0.0010792
-0.0016321
-0.0017911
-0.0015565
-0.0010149
-0.0002954
0.0004662
0.0011547
0.0016903
0.0020360
0.0021883
0.0021396
0.0018684
0.0014393
0.0009979
0.0006634
0.0004940
0.0004885
0.0005640
0.0005960
0.0005039
0.0002689
-0.0000937
-0.0005884
-0.0012296
-0.0019856
-0.0027836
-0.0035510
-0.0042723
-0.0049732
-0.0056564
-0.0062978
-0.0068872
-0.0075053
-0.0082485
-0.0090814
-0.0098887
-0.0105694
-0.0110633
-0.0113749
-0.0115802
-0.0117245
-0.0117745
-0.0116960
-0.0114666
-0.0110460
-0.0104227
-0.0096475
-0.0088050
-0.0079868
-0.0072747
-0.0067655
-0.0065566
-0.0066779
-0.0071051
-0.0077981
-0.0086005
-0.0092757
-0.0097425
-0.0100129
-0.0100115
-0.0096741
-0.0090381
-0.0082095
-0.0073447
-0.0066273
-0.0061948
-0.0060934
-0.0062909
-0.0067002
-0.0072065
-0.0076538
-0.0078813
-0.0078070
-0.0074436
-0.0068672
-0.0061927
-0.0055199
-0.0048647
-0.0042000
-0.0035214
-0.0028061
-0.0020137
-0.0011467
-0.0002558
0.0005840
0.0012570
0.0016410
0.0016837
0.0013819
0.0007458
-0.0001586
-0.0012031
-0.0022453
-0.0031611
-0.0038577
-0.0042412
-0.0042189
-0.0037348
-0.0027844
-0.0014207
0.0002201
0.0019396
0.0035420
0.0048730
0.0058434
0.0064306
0.0066706
0.0066393
0.0064328
0.0061555
0.0059392
0.0058861
0.0059796
0.0061310
0.0062361
0.0060820
0.0054034
0.0040680
0.0021410
-0.0001459
-0.0024517
-0.0044504
-0.0059759
-0.0069999
-0.0075526
-0.0076658
-0.0074023
-0.0069183
-0.0063661
-0.0058053
-0.0052607
-0.0047386
-0.0042008
-0.0036434
-0.0031456
-0.0027849
-0.0025890
-0.0025528
-0.0026829
-0.0030106
-0.0035281
-0.0041703
-0.0048442
-0.0054228
-0.0057624
-0.0057838
-0.0055021
-0.0049919
-0.0043583
-0.0037171
-0.0032095
-0.0029418
-0.0028853
-0.0028617
-0.0026180
-0.0019510
-0.0007486
0.0010398
0.0033414
0.0059253
0.0084500
0.0105948
0.0121985
0.0132069
0.0135979
0.0134298
0.0128484
0.0120411
0.0112267
0.0106243
0.0103678
0.0104950
0.0109994
0.0117819
0.0126371
0.0133645
0.0138182
0.0138804
0.0134717
0.0125796
0.0112968
0.0098025
0.0082976
0.0069569
0.0059012
0.0051834
0.0047716
0.0045446
0.0043634
0.0041403
0.0038437
0.0035050
0.0032227
0.0030960
0.0031630
0.0034068
0.0037751
0.0042002
0.0046148
0.0049741
0.0052944
0.0056142
0.0059003
0.0060819
0.0061270
0.0060851
0.0060643
0.0061430
0.0063394
0.0066280
0.0069279
0.0071136
0.0070944
0.0068567
0.0064356
0.0058494
0.0050398
0.0039302
0.0025023
0.0008348
-0.0009293
-0.0026707
-0.0042772
-0.0056020
-0.0065579
-0.0071782
-0.0074971
-0.0075130
-0.0072606
-0.0068197
-0.0062822
-0.0056956
-0.0050433
-0.0042746
-0.0033344
-0.0021935
-0.0009347
0.0002096
0.0010134
0.0013663
0.0012264
0.0006116
-0.0003629
-0.0014555
-0.0023356
-0.0027541
-0.0026382
-0.0020471
-0.0010809
0.0002126
0.0018094
0.0036553
0.0056693
0.0077533
0.0097744
0.0115843
0.0130681
0.0141965
0.0150357
0.0156665
0.0161258
0.0163895
0.0164139
0.0162058
0.0158543
0.0155020
0.0152173
0.0149862
0.0148335
0.0148387
0.0150923
0.0156983
0.0167504
0.0182191
0.0199388
0.0216962
0.0233157
0.0247085
0.0257927
0.0264448
0.0265168
0.0259130
0.0246815
0.0229128
0.0206352
0.0179466
0.0150676
0.0122165
0.0095427
0.0071306
0.0050670
0.0034656
0.0023527
0.0016440
0.0012737
0.0012088
0.0013897
0.0017272
0.0021222
0.0024460
0.0025653
0.0024190
0.0020313
0.0014732
0.0008032
0.0000443
-0.0007276
-0.0013860
-0.0018826
-0.0022320
-0.0024140
-0.0023984
-0.0021936
-0.0018084
-0.0012584
-0.0006821
-0.0002767
-0.0001161
-0.0001875
-0.0004892
-0.0010008
-0.0016611
-0.0024303
-0.0033085
-0.0043055
-0.0054062
-0.0065685
-0.0078419
-0.0093881
-0.0112544
-0.0133067
-0.0153432
-0.0171659
-0.0186253
-0.0196390
-0.0201968
-0.0203481
-0.0201703
-0.0197149
-0.0189996
-0.0180271
-0.0167695
-0.0151588
-0.0130884
-0.0104913
-0.0075149
-0.0044667
-0.0016124
0.0008630
0.0028333
0.0042383
0.0050805
0.0053815
0.0051849
0.0045869
0.0036760
0.0024839
0.0011047
-0.0002593
-0.0014193
-0.0022643
-0.0027628
-0.0029725
-0.0030381
-0.0031422
-0.0034447
-0.0040130
-0.0048262
-0.0058540
-0.0071269
-0.0087632
-0.0109181
-0.0137096
-0.0171425
-0.0210865
-0.0252983
-0.0294588
-0.0332282
-0.0362868
-0.0383720
-0.0392543
-0.0387695
-0.0369187
-0.0338757
-0.0299150
-0.0252615
-0.0200198
-0.0143593
-0.0085890
-0.0029989
0.0022555
0.0072016
0.0119204
0.0164153
0.0206558
0.0246065
0.0280817
0.0307749
0.0324418
0.0329528
0.0322718
0.0304209
0.0274875
0.0236993
0.0193483
0.0146137
0.0095757
0.0043003
-0.0011034
-0.0064878
-0.0116986
-0.0165022
-0.0205486
-0.0235799
-0.0255467
-0.0264458
-0.0262439
-0.0249132
-0.0224988
-0.0191659
-0.0152010
-0.0109431
-0.0066710
-0.0025873
0.0011610
0.0045246
0.0075407
0.0102227
0.0125542
0.0145497
0.0161966
0.0174284
0.0182499
0.0187606
0.0190632
0.0192319
0.0193233
0.0194160
0.0195903
0.0198284
0.0200364
0.0201378
0.0200973
0.0199072
0.0195377
0.0189344
0.0180548
0.0169144
0.0156048
0.0142579
0.0130050
0.0119515
0.0111873
0.0107965
0.0108042
0.0111467
0.0117083
0.0123780
0.0131033
0.0138889
0.0147732
0.0158444
0.0172088
0.0189045
0.0208618
0.0229158
0.0248625
0.0265059
0.0276616
0.0281794
0.0279863
0.0270951
0.0255808
0.0234824
0.0208307
0.0177846
0.0145656
0.0113231
0.0081599
0.0051764
0.0024878
0.0001838
-0.0017219
-0.0032221
-0.0042766
-0.0049264
-0.0053042
-0.0055295
-0.0056172
-0.0054622
-0.0049457
-0.0040257
-0.0027623
-0.0012490
0.0004758
0.0023551
0.0042469
0.0059354
0.0071860
0.0078098
0.0076401
0.0065280
0.0044711
0.0016532
-0.0016478
-0.0051609
-0.0086945
-0.0121064
-0.0152702
-0.0180507
-0.0202931
-0.0218652
-0.0228402
-0.0235295
-0.0242594
-0.0252988
-0.0268836
-0.0290884
-0.0317589
-0.0346546
-0.0375696
-0.0403808
-0.0429513
-0.0450615
-0.0464377
-0.0467918
-0.0458516
-0.0434493
-0.0396131
-0.0345878
-0.0287931
-0.0227261
-0.0167840
-0.0111314
-0.0058541
-0.0010582
0.0031702
0.0067713
0.0097111
0.0121032
0.0142165
0.0162860
0.0184074
0.0205423
0.0225671
0.0243189
0.0255706
0.0261110
0.0258847
0.0249682
0.0234969
0.0216749
0.0197530
0.0179629
0.0164769
0.0153869
0.0147078
0.0143889
0.0143320
0.0143610
0.0142205
0.0136818
0.0125981
0.0108458
0.0083993
0.0054319
0.0022214
-0.0009623
-0.0038626
-0.0062407
-0.0079017
-0.0087639
-0.0088926
-0.0084611
-0.0077146
-0.0069344
-0.0063211
-0.0059198
-0.0056969
-0.0055640
-0.0053340
-0.0047629
-0.0036277
-0.0017007
0.0011999
0.0050741
0.0097623
0.0150403
0.0205902
0.0259960
0.0307775
0.0344344
0.0365258
0.0367622
0.0350619
0.0315131
0.0263595
0.0199911
0.0128754
0.0054925
-0.0016256
-0.0080074
-0.0134477
-0.0179570
-0.0216217
-0.0245273
-0.0267422
-0.0283440
-0.0294479
-0.0302246
-0.0308635
-0.0315235
-0.0322719
-0.0330828
-0.0338699
-0.0344312
-0.0344560
-0.0337195
-0.0321647
-0.0298297
-0.0268117
-0.0232534
-0.0193204
-0.0151633
-0.0108693
-0.0065005
-0.0021800
0.0018956
0.0055093
0.0085258
0.0108955
0.0125701
0.0134987
0.0136778
0.0132000
0.0122406
0.0109680
0.0095297
0.0080740
0.0067031
0.0054434
0.0043109
0.0033555
0.0026636
0.0023034
0.0022763
0.0025648
0.0031491
0.0039552
0.0048344
0.0055955
0.0061232
0.0064133
0.0064181
0.0060468
0.0053055
0.0043353
0.0033630
0.0025819
0.0020756
0.0017997
0.0016153
0.0013595
0.0009271
0.0003172
-0.0003609
-0.0009255
-0.0011957
-0.0010340
-0.0003732
0.0007847
0.0023932
0.0044004
0.0066772
0.0089661
0.0110267
0.0126999
0.0137596
0.0139579
0.0131998
0.0115645
0.0092479
0.0065054
0.0036343
0.0009796
-0.0011515
-0.0025918
-0.0033224
-0.0034407
-0.0031237
-0.0026532
-0.0024292
-0.0028371
-0.0041072
-0.0062583
-0.0091394
-0.0125490
-0.0163096
-0.0202653
-0.0240295
-0.0270076
-0.0287424
-0.0289720
-0.0275528
-0.0245348
-0.0202047
-0.0149865
-0.0093184
-0.0035409
0.0021337
0.0075926
0.0126768
0.0171533
0.0208165
0.0235489
0.0253556
0.0263805
0.0269032
0.0273322
0.0281047
0.0295316
0.0317818
0.0349077
0.0388602
0.0434892
0.0485445
0.0536985
0.0586000
0.0629074
0.0663314
0.0686501
0.0696704
0.0692032
0.0671828
0.0637515
0.0591700
0.0537728
0.0479828
0.0422190
0.0367917
0.0319573
0.0279333
0.0248328
0.0226495
0.0212941
0.0207261
0.0210002
0.0221455
0.0240681
0.0265152
0.0291357
0.0315847
0.0335941
0.0350391
0.0359963
0.0366222
0.0369946
0.0372200
0.0375110
0.0381032
0.0391630
0.0407304
0.0427633
0.0451899
0.0478804
0.0506377
0.0532194
0.0553613
0.0568269
0.0574925
0.0573772
0.0565691
0.0552068
0.0534916
0.0516546
0.0499080
0.0484548
0.0474693
0.0470496
0.0471496
0.0475641
0.0480425
0.0483754
0.0483779
0.0478799
0.0467520
0.0450352
0.0429708
0.0408000
0.0386595
0.0366111
0.0346605
0.0327774
0.0309112
0.0290110
0.0270414
0.0250394
0.0231375
0.0214132
0.0198091
0.0182670
0.0167275
0.0150267
0.0129573
0.0103950
0.0074003
0.0041895
0.0009908
-0.0019899
-0.0045714
-0.0066219
-0.0080891
-0.0089939
-0.0093931
-0.0093450
-0.0089782
-0.0084796
-0.0079240
-0.0072760
-0.0065292
-0.0056924
-0.0047349
-0.0035228
-0.0018861
0.0002442
0.0029020
0.0061718
0.0100592
0.0144181
0.0189847
0.0234489
0.0275317
0.0310022
0.0337318
0.0358249
0.0375710
0.0392842
0.0412547
0.0436967
0.0465978
0.0497392
0.0528601
0.0557409
0.0582199
0.0601301
0.0613340
0.0618538
0.0618632
0.0616142
0.0614027
0.0614939
0.0619846
0.0627708
0.0636063
0.0641959
0.0642567
0.0635104
0.0617622
0.0590157
0.0553474
0.0508280
0.0456559
0.0401626
0.0346543
0.0293532
0.0243855
0.0198410
0.0157954
0.0123171
0.0093643
0.0067110
0.0039790
0.0007139
-0.0036179
-0.0096464
-0.0180392
-0.0291585
-0.0428513
-0.0585557
-0.0755489
-0.0932103
-0.1110962
-0.1288898
-0.1462615
-0.1628414
-0.1783332
-0.1924928
-0.2051553
-0.2163396
-0.2262538
-0.2351203
-0.2430476
-0.2499893
-0.2559081
-0.2608904
-0.2651647
-0.2690431
-0.2728290
-0.2766958
-0.2806219
-0.2843774
-0.2875897
-0.2898612
-0.2908684
-0.2904407
-0.2885968
-0.2855320
-0.2815395
-0.2769227
-0.2719345
-0.2668323
-0.2619005
-0.2573675
-0.2532724
-0.2493940
-0.2454780
-0.2414393
-0.2372791
-0.2330106
-0.2286149
-0.2240530
-0.2192787
-0.2141822
-0.2086147
-0.2025456
-0.1960749
-0.1893774
-0.1826408
-0.1760227
-0.1695866
-0.1633312
-0.1572507
-0.1514273
-0.1460303
-0.1412370
-0.1371581
-0.1337829
-0.1310511
-0.1289410
-0.1274918
-0.1268217
-0.1271486
-0.1286563
-0.1313006
-0.1348012
-0.1387483
-0.1428054
-0.1467788
-0.1505892
-0.1542061
-0.1575830
-0.1605496
-0.1628428
-0.1642488
-0.1645306
-0.1633442
-0.1603574
-0.1554054
-0.1485532
-0.1399851
-0.1298445
-0.1182384
-0.1053126
-0.0913117
-0.0766545
-0.0619493
-0.0478084
-0.0346456
-0.0227314
-0.0122327
-0.0032194
0.0043233
0.0104612
0.0152408
0.0186607
0.0207032
0.0213467
0.0205855
0.0183892
0.0147186
0.0095914
0.0031613
-0.0042471
-0.0122582
-0.0205793
-0.0289724
-0.0372421
-0.0452445
-0.0528486
-0.0598837
-0.0661085
-0.0712388
-0.0750258
-0.0773600
-0.0783613
-0.0782613
-0.0772818
-0.0755787
-0.0732687
-0.0704709
-0.0671987
-0.0632822
-0.0585208
-0.0527957
-0.0461126
-0.0385840
-0.0304018
-0.0217893
-0.0129762
-0.0041632
0.0045170
0.0130775
0.0217204
0.0307866
0.0404490
0.0506263
0.0611345
0.0718325
0.0826679
0.0936382
0.1047624
0.1162260
0.1282627
0.1409100
0.1540240
0.1673845
0.1806308
0.1934046
0.2056177
0.2174378
0.2291047
0.2409610
0.2534198
0.2668135
0.2812736
0.2967235
0.3129465
0.3296898
0.3467046
0.3637759
0.3807228
0.3973028
0.4131400
0.4278053
0.4408868
0.4520076
0.4609319
0.4676988
0.4724572
0.4753458
0.4765682
0.4764035
0.4751348
0.4730179
0.4702276
0.4664966
0.4611371
0.4535031
0.4433231
0.4308296
0.4165964
0.4013025
0.3855217
0.3696093
0.3537201
0.3379075
0.3222263
0.3066796
0.2911545
0.2753361
0.2588530
0.2414797
0.2231340
0.2037985
0.1833878
0.1618573
0.1394418
0.1165335
0.0935214
0.0708495
0.0490330
0.0285769
0.0099669
-0.0063950
-0.0202699
-0.0316008
-0.0403700
-0.0465419
-0.0501142
-0.0511751
-0.0498779
-0.0461404
-0.0397385
-0.0307126
-0.0191688
-0.0050313
0.0116763
0.0306495
0.0513992
0.0732619
0.0954294
0.1172735
0.1385493
0.1592578
0.1794661
0.1991499
0.2181112
0.2359960
0.2523606
0.2667817
0.2790035
0.2889942
0.2969316
0.3030396
0.3074584
0.3100435
0.3104062
0.3081506
0.3029414
0.2945748
0.2831347
0.2689737
0.2524516
0.2338993
0.2137357
0.1923801
0.1701849
0.1475562
0.1250221
0.1031914
0.0825901
0.0634797
0.0459851
0.0301605
0.0159509
0.0031250
-0.0087171
-0.0199270
-0.0306327
-0.0408470
-0.0506863
-0.0606349
-0.0712686
-0.0828384
-0.0951465
-0.1077141
-0.1201292
-0.1321101
-0.1433400
-0.1535125
-0.1624281
-0.1699912
-0.1761917
-0.1810874
-0.1848184
-0.1876390
-0.1898990
-0.1919769
-0.1941690
-0.1967353
-0.1999909
-0.2042291
-0.2096016
-0.2161865
-0.2239793
-0.2327982
-0.2423337
-0.2522840
-0.2624756
-0.2728651
-0.2833472
-0.2937252
-0.3037751
-0.3132948
-0.3221035
-0.3300496
-0.3370506
-0.3431889
-0.3485860
-0.3532447
-0.3570754
-0.3599856
-0.3618844
-0.3627196
-0.3625072
-0.3613468
-0.3593975
-0.3568124
-0.3537085
-0.3501827
-0.3463246
-0.3422092
-0.3378583
-0.3331953
-0.3279095
-0.3213694
-0.3127081
-0.3012218
-0.2867212
-0.2691645
-0.2485559
-0.2252061
-0.1997120
-0.1727454
-0.1450390
-0.1173762
-0.0905463
-0.0653423
-0.0425905
-0.0231155
-0.0076063
0.0035459
0.0103449
0.0132307
0.0129533
0.0103821
0.0063336
0.0015165
-0.0033677
-0.0077161
-0.0112371
-0.0139143
-0.0159134
-0.0176604
-0.0197413
-0.0226007
-0.0264460
-0.0312923
-0.0371699
-0.0441777
-0.0523402
-0.0616037
-0.0719330
-0.0834027
-0.0961613
-0.1101963
-0.1252422
-0.1408619
-0.1566077
-0.1721689
-0.1873674
-0.2020153
-0.2156012
-0.2271742
-0.2355350
-0.2394741
-0.2380666
-0.2308084
-0.2176228
-0.1987641
-0.1746369
-0.1457369
-0.1129792
-0.0776904
-0.0411954
-0.0046423
0.0309960
0.0648866
0.0963671
0.1250845
0.1510198
0.1744534
0.1959015
0.2159957
0.2351983
0.2537536
0.2719374
0.2901300
0.3087430
0.3279615
0.3476135
0.3672077
0.3860549
0.4034888
0.4189691
0.4321836
0.4430688
0.4517417
0.4583309
0.4629231
0.4655804
0.4661483
0.4641687
0.4588164
0.4487867
0.4323758
0.4079235
0.3743562
0.3313977
0.2794601
0.2193423
0.1522047
0.0797113
0.0043676
-0.0706322
-0.1420218
-0.2069702
-0.2635507
-0.3107993
-0.3487262
-0.3781666
-0.4005367
-0.4175039
-0.4306996
-0.4415226
-0.4510163
-0.4598192
-0.4682667
-0.4764584
-0.4843683
-0.4919979
-0.4993602
-0.5062630
-0.5121456
-0.5161222
-0.5171308
-0.5141628
-0.5064581
-0.4935802
-0.4754715
-0.4525090
-0.4253675
-0.3945515
-0.3605029
-0.3240904
-0.2864799
-0.2488507
-0.2123832
-0.1782393
-0.1474131
-0.1206072
-0.0981146
-0.0799886
-0.0661901
-0.0567015
-0.0514355
-0.0500753
-0.0520603
-0.0566499
-0.0629962
-0.0702891
-0.0778816
-0.0852933
-0.0921539
-0.0981203
-0.1028878
-0.1062552
-0.1079340
-0.1075090
-0.1046381
-0.0991692
-0.0911574
-0.0808781
-0.0687902
-0.0554302
-0.0414094
-0.0274807
-0.0142905
-0.0021641
0.0086709
0.0180339
0.0259875
0.0327674
0.0386358
0.0438279
0.0485472
0.0529578
0.0572106
0.0614528
0.0657748
0.0701750
0.0746019
0.0789805
0.0832414
0.0873318
0.0912165
0.0948372
0.0980966
0.1008633
0.1029827
0.1042784
0.1044997
0.1033977
0.1009081
0.0971047
0.0920722
0.0856632
0.0776182
0.0679738
0.0569895
0.0449196
0.0320567
0.0187519
0.0053128
-0.0079932
-0.0209018
-0.0331451
-0.0444946
-0.0548071
-0.0639729
-0.0718519
-0.0783652
-0.0835583
-0.0874914
-0.0901447
-0.0913948
-0.0910942
-0.0891549
-0.0855030
-0.0799909
-0.0723600
-0.0623724
-0.0499643
-0.0351636
-0.0181495
0.0006207
0.0206956
0.0418734
0.0638514
0.0860908
0.1079587
0.1287871
0.1479550
0.1650956
0.1801077
0.1929306
0.2034806
0.2117489
0.2178901
0.2222367
0.2252148
0.2272277
0.2285499
0.2293302
0.2296163
0.2293172
0.2281453
0.2256483
0.2213754
0.2150637
0.2067651
0.1967079
0.1850756
0.1720981
0.1581437
0.1436129
0.1289105
0.1144998
0.1008285
0.0882255
0.0768724
0.0667781
0.0577812
0.0497170
0.0425535
0.0364166
0.0314968
0.0279044
0.0257138
0.0249963
0.0256461
0.0273783
0.0299374
0.0330943
0.0365780
0.0401097
0.0434767
0.0465861
0.0494333
0.0520443
0.0545407
0.0571606
0.0601997
0.0638710
0.0681852
0.0730343
0.0782949
0.0838692
0.0896469
0.0954583
0.1011795
0.1067832
0.1122290
0.1174538
0.1224382
0.1271760
0.1316336
0.1357275
0.1393492
0.1424063
0.1447861
0.1463496
0.1470331
0.1468452
0.1457947
0.1438817
0.1411317
0.1375169
0.1329261
0.1271766
0.1200283
0.1112647
0.1008984
0.0891646
0.0762852
0.0625173
0.0482735
0.0339618
0.0198975
0.0064013
-0.0061831
-0.0175520
-0.0273956
-0.0354096
-0.0413649
-0.0451526
-0.0468011
-0.0464800
-0.0444889
-0.0412055
-0.0369914
-0.0320900
-0.0266283
-0.0206626
-0.0141816
-0.0071697
0.0002877
0.0080692
0.0161093
0.0243870
0.0328934
0.0416193
0.0505168
0.0594759
0.0683515
0.0769791
0.0851368
0.0925832
0.0991342
0.1046719
0.1091541
0.1126695
0.1154022
0.1175373
0.1191592
0.1202035
0.1204240
0.1195097
0.1173063
0.1138588
0.1093408
0.1038326
0.0972947
0.0897122
0.0810915
0.0714304
0.0608333
0.0495136
0.0376535
0.0253661
0.0127351
-0.0001635
-0.0132240
-0.0262611
-0.0390546
-0.0514485
-0.0633346
-0.0746124
-0.0851322
-0.0946988
-0.1031135
-0.1101300
-0.1154626
-0.1188748
-0.1202347
-0.1195226
-0.1167457
-0.1119124
-0.1051496
-0.0967631
-0.0871828
-0.0767399
-0.0655244
-0.0535914
-0.0410809
-0.0281470
-0.0150098
-0.0020076
0.0104805
0.0221251
0.0326584
0.0418709
0.0495936
0.0555520
0.0593726
0.0608114
0.0598639
0.0567544
0.0518400
0.0454817
0.0378136
0.0287345
0.0181252
0.0061044
-0.0068525
-0.0200463
-0.0327897
-0.0446556
-0.0554079
-0.0648663
-0.0730078
-0.0799870
-0.0859370
-0.0908695
-0.0946968
-0.0973476
-0.0988527
-0.0993416
-0.0990147
-0.0980997
-0.0967520
-0.0949988
-0.0927466
-0.0898254
-0.0860477
-0.0812039
-0.0750936
-0.0676295
-0.0588499
-0.0487878
-0.0374623
-0.0249380
-0.0113525
0.0030564
0.0178773
0.0326121
0.0468392
0.0602168
0.0724722
0.0834564
0.0931430
0.1015932
0.1089313
0.1153275
0.1208887
0.1256381
0.1295784
0.1326996
0.1349837
0.1364308
0.1370562
0.1368330
0.1357060
0.1336465
0.1306043
0.1264673
0.1210237
0.1140210
0.1053076
0.0948861
0.0829209
0.0696571
0.0554118
0.0406051
0.0257031
0.0111174
-0.0028034
-0.0157554
-0.0274329
-0.0376365
-0.0463990
-0.0539111
-0.0604101
-0.0661080
-0.0711405
-0.0755669
-0.0793977
-0.0826391
-0.0853082
-0.0874050
-0.0888601
-0.0895400
-0.0893078
-0.0881213
-0.0860107
-0.0829668
-0.0790038
-0.0742431
-0.0687741
-0.0626328
-0.0559744
-0.0490793
-0.0422592
-0.0358221
-0.0300495
-0.0251667
-0.0212678
-0.0182467
-0.0159144
-0.0141016
-0.0126298
-0.0113060
-0.0099638
-0.0084837
-0.0067757
-0.0046655
-0.0019402
0.0014836
0.0055383
0.0100590
0.0148448
0.0197435
0.0247180
0.0297294
0.0346427
0.0393255
0.0437089
0.0477821
0.0515784
0.0551591
0.0585969
0.0619617
0.0653140
0.0687320
0.0723199
0.0761665
0.0802562
0.0843926
0.0882954
0.0917364
0.0945771
0.0967115
0.0979868
0.0982694
0.0975160
0.0956571
0.0925812
0.0882343
0.0826939
0.0761807
0.0690015
0.0614829
0.0539124
0.0464719
0.0392203
0.0321738
0.0253889
0.0189968
0.0131333
0.0078566
0.0031567
-0.0010301
-0.0048108
-0.0083345
-0.0117679
-0.0152443
-0.0188140
-0.0224290
-0.0259717
-0.0292943
-0.0321786
-0.0343677
-0.0356700
-0.0360358
-0.0355526
-0.0342833
-0.0322790
-0.0297304
-0.0269451
-0.0242442
-0.0218916
-0.0200549
-0.0188052
-0.0181920
-0.0182777
-0.0190546
-0.0203761
-0.0219373
-0.0232881
-0.0239249
-0.0234200
-0.0214737
-0.0178957
-0.0126271
-0.0057866
0.0022807
0.0110998
0.0202722
0.0295672
0.0389020
0.0482010
0.0573305
0.0661118
0.0743366
0.0818285
0.0886086
0.0948484
0.1006697
0.1061412
0.1113397
0.1163479
0.1212397
0.1260705
0.1308763
0.1356667
0.1403878
0.1449118
0.1490590
0.1526180
0.1553939
0.1572969
0.1582882
0.1581943
0.1567493
0.1537364
0.1490286
0.1425781
0.1343776
0.1244467
0.1128668
0.0998816
0.0858908
0.0713251
0.0566638
0.0424790
0.0292821
0.0174112
0.0070753
-0.0016109
-0.0086276
-0.0139877
-0.0177447
-0.0201021
-0.0213929
-0.0219569
-0.0220886
-0.0220074
-0.0218188
-0.0215426
-0.0211889
-0.0207430
-0.0201326
-0.0191824
-0.0176725
-0.0154702
-0.0125621
-0.0090142
-0.0048259
0.0000249
0.0053794
0.0109721
0.0165990
0.0221823
0.0276887
0.0329511
0.0376857
0.0416234
0.0445845
0.0465119
0.0474612
0.0475226
0.0467573
0.0452471
0.0430900
0.0402808
0.0367383
0.0324339
0.0274562
0.0219923
0.0162356
0.0103888
0.0046987
-0.0006188
-0.0054341
-0.0096263
-0.0130747
-0.0156993
-0.0173841
-0.0179482
-0.0172342
-0.0151357
-0.0115786
-0.0065799
-0.0003040
0.0069735
0.0149219
0.0232054
0.0314650
0.0393323
0.0465348
0.0528695
0.0580436
0.0617460
0.0638209
0.0643438
0.0635641
0.0617532
0.0591729
0.0561021
0.0528088
0.0495281
0.0464719
0.0438153
0.0416513
0.0399255
0.0384380
0.0370147
0.0355851
0.0341465
0.0327103
0.0312647
0.0298086
0.0283773
0.0269821
0.0256230
0.0243558
0.0231979
0.0219959
0.0205519
0.0187643
0.0166744
0.0144352
0.0122329
0.0101844
0.0082744
0.0064205
0.0045518
0.0026164
0.0005532
-0.0017643
-0.0044747
-0.0076434
-0.0112480
-0.0152039
-0.0193907
-0.0236812
-0.0279680
-0.0322287
-0.0365485
-0.0409714
-0.0454210
-0.0498386
-0.0542230
-0.0585634
-0.0628238
-0.0669557
-0.0708407
-0.0742915
-0.0771256
-0.0792230
-0.0805436
-0.0810763
-0.0807837
-0.0795988
-0.0774740
-0.0745030
-0.0709297
-0.0670490
-0.0630871
-0.0591378
-0.0552958
-0.0517223
-0.0485376
-0.0457552
-0.0432778
-0.0409646
-0.0387037
-0.0363923
-0.0339438
-0.0313832
-0.0288324
-0.0264025
-0.0241572
-0.0221037
-0.0201361
-0.0180683
-0.0158272
-0.0134618
-0.0110050
-0.0084097
-0.0055590
-0.0023264
0.0013636
0.0054782
0.0098454
0.0141624
0.0180762
0.0212799
0.0234982
0.0245036
0.0241873
0.0225825
0.0198461
0.0161901
0.0118233
0.0069329
0.0016955
-0.0036997
-0.0090817
-0.0143580
-0.0194837
-0.0244192
-0.0291296
-0.0335854
-0.0377292
-0.0414628
-0.0446628
-0.0472199
-0.0490797
-0.0502584
-0.0508496
-0.0510329
-0.0509909
-0.0508118
-0.0505283
-0.0501734
-0.0497831
-0.0493885
-0.0490079
-0.0486241
-0.0481679
-0.0475454
-0.0466842
-0.0455861
-0.0442960
-0.0428094
-0.0411215
-0.0393112
-0.0375162
-0.0358799
-0.0345141
-0.0334821
-0.0327941
-0.0324155
-0.0322788
-0.0323021
-0.0324038
-0.0325154
-0.0325882
-0.0326045
-0.0326324
-0.0328272
-0.0332494
-0.0338072
-0.0343781
-0.0348902
-0.0353480
-0.0357798
-0.0361886
-0.0365589
-0.0368854
-0.0372086
-0.0375842
-0.0380289
-0.0385526
-0.0391896
-0.0399824
-0.0409623
-0.0421401
-0.0435052
-0.0450285
-0.0466693
-0.0483733
-0.0500479
-0.0516056
-0.0530558
-0.0544469
-0.0557680
-0.0569594
-0.0579718
-0.0588554
-0.0597041
-0.0604998
-0.0611135
-0.0613947
-0.0612619
-0.0607238
-0.0598107
-0.0585265
-0.0568384
-0.0547391
-0.0523100
-0.0497654
-0.0474026
-0.0454572
-0.0440241
-0.0430571
-0.0425048
-0.0424022
-0.0427818
-0.0436030
-0.0447356
-0.0459897
-0.0471804
-0.0481958
-0.0490132
-0.0495921
-0.0498573
-0.0497859
-0.0494222
-0.0488501
-0.0481673
-0.0474654
-0.0468127
-0.0462296
-0.0456671
-0.0450606
-0.0443930
-0.0437300
-0.0432030
-0.0429506
-0.0431077
-0.0437904
-0.0449980
-0.0465865
-0.0483802
-0.0502338
-0.0520482
-0.0538008
-0.0555413
-0.0572721
-0.0589257
-0.0604556
-0.0618602
-0.0631605
-0.0643482
-0.0653589
-0.0660735
-0.0663504
-0.0660835
-0.0652272
-0.0637871
-0.0617386
-0.0590501
-0.0557920
-0.0520514
-0.0478364
-0.0432217
-0.0384215
-0.0336936
-0.0292461
-0.0251745
-0.0215055
-0.0182480
-0.0154322
-0.0131031
-0.0112865
-0.0099709
-0.0091085
-0.0086235
-0.0084396
-0.0085158
-0.0087991
-0.0091541
-0.0093987
-0.0093733
-0.0090169
-0.0083730
-0.0075510
-0.0067153
-0.0060606
-0.0057182
-0.0057151
-0.0060046
-0.0065226
-0.0072280
-0.0080667
-0.0089597
-0.0098622
-0.0107375
-0.0114805
-0.0119055
-0.0118061
-0.0110574
-0.0096257
-0.0074798
-0.0045860
-0.0009496
0.0033679
0.0082315
0.0133950
0.0186297
0.0238960
0.0292195
0.0345476
0.0397767
0.0447954
0.0495167
0.0538586
0.0577431
0.0611514
0.0641113
0.0665696
0.0684394
0.0697185
0.0703971
0.0704027
0.0697418
0.0685475
0.0670135
0.0653134
0.0635433
0.0616925
0.0596808
0.0574474
0.0549305
0.0520281
0.0486981
0.0449855
0.0408384
0.0361629
0.0310340
0.0256307
0.0200947
0.0145139
0.0089501
0.0034823
-0.0017990
-0.0068205
-0.0115406
-0.0159161
-0.0198040
-0.0230193
-0.0254933
-0.0272606
-0.0284003
-0.0290163
-0.0292123
-0.0290533
-0.0285941
-0.0279168
-0.0270823
-0.0261022
-0.0249631
-0.0236471
-0.0221513
-0.0205242
-0.0188744
-0.0173347
-0.0160616
-0.0152560
-0.0150637
-0.0154786
-0.0164090
-0.0177429
-0.0193617
-0.0211519
-0.0230223
-0.0249445
-0.0269521
-0.0290629
-0.0312285
-0.0333379
-0.0352801
-0.0369845
-0.0382635
-0.0388237
-0.0384802
-0.0371969
-0.0350394
-0.0322134
-0.0290396
-0.0257779
-0.0225585
-0.0194188
-0.0163690
-0.0134316
-0.0106345
-0.0079977
-0.0055285
-0.0032214
-0.0010647
0.0009182
0.0026508
0.0040070
0.0048467
0.0050720
0.0046509
0.0036303
0.0021557
0.0004139
-0.0014848
-0.0034641
-0.0054227
-0.0073604
-0.0093927
-0.0115589
-0.0138454
-0.0163162
-0.0190672
-0.0221422
-0.0255288
-0.0291698
-0.0329886
-0.0369320
-0.0409837
-0.0450269
-0.0488172
-0.0521005
-0.0547380
-0.0567716
-0.0583121
-0.0594500
-0.0602968
-0.0609734
-0.0615534
-0.0620849
-0.0626246
-0.0631881
-0.0637332
-0.0641899
-0.0644656
-0.0644480
-0.0640687
-0.0633387
-0.0622889
-0.0609617
-0.0594500
-0.0578855
-0.0563911
-0.0550177
-0.0537296
-0.0524497
-0.0511160
-0.0497268
-0.0483306
-0.0469960
-0.0457835
-0.0446965
-0.0436293
-0.0424577
-0.0411410
-0.0396780
-0.0380487
-0.0361929
-0.0340248
-0.0314773
-0.0285216
-0.0251824
-0.0215660
-0.0178280
-0.0140939
-0.0104891
-0.0071669
-0.0041606
-0.0013447
0.0014000
0.0041449
0.0069549
0.0098578
0.0128066
0.0156720
0.0183109
0.0206830
0.0228056
0.0246615
0.0262064
0.0274169
0.0283379
0.0290584
0.0296420
0.0301163
0.0304875
0.0307562
0.0309395
0.0310968
0.0312665
0.0313984
0.0314196
0.0312850
0.0309389
0.0302895
0.0292241
0.0276728
0.0256362
0.0230119
0.0196113
0.0153849
0.0103879
0.0046481
-0.0017946
-0.0088460
-0.0164021
-0.0243133
-0.0323030
-0.0400512
-0.0473136
-0.0539187
-0.0597768
-0.0649212
-0.0694182
-0.0732537
-0.0763584
-0.0786765
-0.0801975
-0.0809490
-0.0809618
-0.0802435
-0.0787908
-0.0766610
-0.0740102
-0.0710754
-0.0680792
-0.0651264
-0.0622455
-0.0594402
-0.0566624
-0.0538322
-0.0509130
-0.0479214
-0.0449126
-0.0419903
-0.0392721
-0.0367800
-0.0344903
-0.0324566
-0.0307370
-0.0293014
-0.0280963
-0.0270859
-0.0262468
-0.0255855
-0.0251589
-0.0250803
-0.0254707
-0.0263364
-0.0275861
-0.0291503
-0.0309768
-0.0329833
-0.0350671
-0.0371174
-0.0390001
-0.0405760
-0.0417306
-0.0422967
-0.0420561
-0.0409439
-0.0390839
-0.0366225
-0.0336497
-0.0302040
-0.0263759
-0.0223237
-0.0181506
-0.0139055
-0.0096743
-0.0055174
-0.0014097
0.0026529
0.0066272
0.0105297
0.0143747
0.0180664
0.0214635
0.0244744
0.0270673
0.0292280
0.0308918
0.0319630
0.0323664
0.0320426
0.0309609
0.0291826
0.0268393
0.0240574
0.0209063
0.0174065
0.0136392
0.0097456
0.0058033
0.0018825
-0.0018472
-0.0051237
-0.0076707
-0.0092815
-0.0098646
-0.0094521
-0.0081803
-0.0062481
-0.0038391
-0.0010821
0.0019335
0.0051485
0.0085170
0.0119705
0.0154073
0.0187653
0.0220455
0.0252840
0.0285276
0.0318160
0.0351345
0.0384184
0.0416215
0.0447014
0.0475471
0.0499737
0.0517738
0.0527848
0.0529327
0.0522382
0.0507811
0.0486630
0.0460670
0.0432649
0.0404977
0.0378954
0.0354609
0.0331318
0.0308489
0.0285289
0.0260479
0.0232561
0.0200602
0.0165068
0.0127190
0.0088258
0.0049802
0.0013681
-0.0018253
-0.0045387
-0.0069084
-0.0091153
-0.0112878
-0.0135351
-0.0159061
-0.0183285
-0.0206781
-0.0228699
-0.0249067
-0.0268358
-0.0286476
-0.0302992
-0.0317828
-0.0331268
-0.0343660
-0.0354934
-0.0364607
-0.0372083
-0.0376563
-0.0377135
-0.0373522
-0.0366134
-0.0355396
-0.0341318
-0.0323531
-0.0301972
-0.0277254
-0.0250356
-0.0222159
-0.0192983
-0.0162697
-0.0130984
-0.0097588
-0.0062374
-0.0025411
0.0013058
0.0052643
0.0092897
0.0133372
0.0173690
0.0213561
0.0252868
0.0291941
0.0331531
0.0371615
0.0411121
0.0448667
0.0483306
0.0514867
0.0543122
0.0567437
0.0587572
0.0603764
0.0616320
0.0626150
0.0635080
0.0644825
0.0656208
0.0668958
0.0682251
0.0695399
0.0707669
0.0718126
0.0725959
0.0730677
0.0732218
0.0730882
0.0727257
0.0722043
0.0715791
0.0708459
0.0699247
0.0686846
0.0670294
0.0649504
0.0625120
0.0598226
0.0570061
0.0541794
0.0514343
0.0488290
0.0463855
0.0440961
0.0419309
0.0398543
0.0378674
0.0360230
0.0343911
0.0330314
0.0319747
0.0312195
0.0307333
0.0304610
0.0303369
0.0302977
0.0303151
0.0304213
0.0306859
0.0311792
0.0319455
0.0329550
0.0340578
0.0350524
0.0357883
0.0361902
0.0362380
0.0359198
0.0352227
0.0341591
0.0328021
0.0312753
0.0296341
0.0278517
0.0259057
0.0237772
0.0214301
0.0188614
0.0161054
0.0131394
0.0098993
0.0063682
0.0026210
-0.0011867
-0.0048753
-0.0082883
-0.0113266
-0.0139839
-0.0163479
-0.0184862
-0.0203995
-0.0220927
-0.0235588
-0.0247254
-0.0255434
-0.0260575
-0.0262950
-0.0262374
-0.0258969
-0.0253053
-0.0244672
-0.0233314
-0.0218061
-0.0198137
-0.0173643
-0.0146068
-0.0117513
-0.0089726
-0.0063827
-0.0040326
-0.0019162
0.0000405
0.0019685
0.0039418
0.0059322
0.0078936
0.0098052
0.0116587
0.0134226
0.0150271
0.0163954
0.0174865
0.0183371
0.0190239
0.0196100
0.0202054
0.0209811
0.0220725
0.0235931
0.0257080
0.0285125
0.0319060
0.0356508
0.0394773
0.0431874
0.0466843
0.0499440
0.0529230
0.0555425
0.0578100
0.0598487
0.0618183
0.0638082
0.0657893
0.0677381
0.0696863
0.0716476
0.0735982
0.0754995
0.0773136
0.0790049
0.0805050
0.0817003
0.0824557
0.0827112
0.0825515
0.0821611
0.0817543
0.0815191
0.0815616
0.0818825
0.0824675
0.0833264
0.0843513
0.0853147
0.0860222
0.0864224
0.0866280
0.0867666
0.0869048
0.0870985
0.0873867
0.0877453
0.0881030
0.0883892
0.0886336
0.0889369
0.0893400
0.0898290
0.0903806
0.0908602
0.0910153
0.0906259
0.0895784
0.0878658
0.0855710
0.0828202
0.0796727
0.0760798
0.0719162
0.0669516
0.0608820
0.0535075
0.0448388
0.0350105
0.0241850
0.0124874
0.0000823
-0.0127733
-0.0257859
-0.0386608
-0.0510727
-0.0627160
-0.0733819
-0.0829917
-0.0915811
-0.0992383
-0.1060504
-0.1120800
-0.1173409
-0.1218219
-0.1255626
-0.1286846
-0.1313495
-0.1337024
-0.1358274
-0.1377560
-0.1394691
-0.1408439
-0.1416354
-0.1415291
-0.1402718
-0.1377653
-0.1339018
-0.1285508
-0.1217394
-0.1136284
-0.1044057
-0.0942581
-0.0833818
-0.0719724
-0.0602140
-0.0482735
-0.0363543
-0.0247166
-0.0136570
-0.0034463
0.0057352
0.0137786
0.0205953
0.0260720
0.0300910
0.0326038
0.0336470
0.0333233
0.0318251
0.0294283
0.0263614
0.0227722
0.0188008
0.0145938
0.0102773
0.0059062
0.0014744
-0.0030103
-0.0075070
-0.0119574
-0.0162639
-0.0202829
-0.0238385
-0.0267614
-0.0289367
-0.0302571
-0.0305993
-0.0298378
-0.0278684
-0.0246438
-0.0202901
-0.0151362
-0.0094467
-0.0033532
0.0029659
0.0092991
0.0154914
0.0214679
0.0272160
0.0327651
0.0381399
0.0433223
0.0482262
0.0527343
0.0567810
0.0603657
0.0634985
0.0661975
0.0685148
0.0706127
0.0727086
0.0749312
0.0773214
0.0798836
0.0825107
0.0849527
0.0868591
0.0878941
0.0878664
0.0867147
0.0844785
0.0812888
0.0773461
0.0728832
0.0681294
0.0632807
0.0584841
0.0538505
0.0494975
0.0456293
0.0425395
0.0404636
0.0395086
0.0396859
0.0409266
0.0430717
0.0458247
0.0488073
0.0517348
0.0544210
0.0567035
0.0584542
0.0596117
0.0601889
0.0602603
0.0599301
0.0592443
0.0581436
0.0564884
0.0541554
0.0511474
0.0474704
0.0430437
0.0379211
0.0323300
0.0264530
0.0204537
0.0145655
0.0090109
0.0039292
-0.0005919
-0.0045361
-0.0079795
-0.0109949
-0.0135865
-0.0157269
-0.0173688
-0.0184451
-0.0188934
-0.0186945
-0.0178846
-0.0165721
-0.0149443
-0.0132318
-0.0116470
-0.0103493
-0.0094246
-0.0088885
-0.0086957
-0.0087750
-0.0091221
-0.0097950
-0.0107802
-0.0120008
-0.0133920
-0.0149540
-0.0167182
-0.0186372
-0.0205703
-0.0223607
-0.0239111
-0.0251991
-0.0261750
-0.0267689
-0.0269638
-0.0267757
-0.0262226
-0.0253745
-0.0243569
-0.0233094
-0.0223526
-0.0215591
-0.0208687
-0.0201283
-0.0192569
-0.0183360
-0.0175828
-0.0171802
-0.0171945
-0.0176413
-0.0185084
-0.0197576
-0.0213606
-0.0232788
-0.0253391
-0.0272721
-0.0288477
-0.0298939
-0.0302895
-0.0299901
-0.0290549
-0.0276463
-0.0259207
-0.0239617
-0.0218787
-0.0198189
-0.0178728
-0.0160265
-0.0141846
-0.0123025
-0.0104013
-0.0084591
-0.0064561
-0.0044454
-0.0024521
-0.0004471
0.0015400
0.0034069
0.0050300
0.0062475
0.0068577
0.0066481
0.0055179
0.0036019
0.0011680
-0.0015363
-0.0043960
-0.0073928
-0.0104854
-0.0136628
-0.0169909
-0.0205275
-0.0242526
-0.0280642
-0.0318409
-0.0354977
-0.0389112
-0.0419421
-0.0445642
-0.0468475
-0.0488709
-0.0506620
-0.0521912
-0.0534241
-0.0544204
-0.0553874
-0.0564978
-0.0577896
-0.0592847
-0.0610119
-0.0629461
-0.0650117
-0.0671133
-0.0691620
-0.0710902
-0.0728562
-0.0744143
-0.0756931
-0.0765808
-0.0769663
-0.0768198
-0.0761745
-0.0750819
-0.0736395
-0.0719876
-0.0702277
-0.0683765
-0.0663722
-0.0641521
-0.0617070
-0.0590742
-0.0563169
-0.0535044
-0.0506653
-0.0477609
-0.0446767
-0.0412782
-0.0374941
-0.0333083
-0.0287306
-0.0238766
-0.0189594
-0.0141659
-0.0095791
-0.0051770
-0.0009426
0.0030749
0.0068063
0.0102186
0.0133519
0.0162654
0.0189924
0.0215419
0.0238968
0.0259942
0.0277505
0.0290998
0.0300199
0.0305688
0.0309361
0.0313964
0.0322088
0.0335185
0.0353271
0.0375334
0.0399803
0.0424921
0.0448746
0.0469310
0.0485170
0.0496118
0.0503552
0.0509282
0.0514361
0.0519129
0.0523470
0.0526971
0.0528499
0.0526171
0.0518389
0.0504093
0.0481780
0.0449986
0.0408397
0.0358346
0.0302368
0.0243078
0.0182807
0.0123686
0.0067076
0.0013208
-0.0038436
-0.0088111
-0.0134821
-0.0176971
-0.0213350
-0.0242579
-0.0263111
-0.0273947
-0.0274676
-0.0265301
-0.0245951
-0.0216916
-0.0178923
-0.0133180
-0.0081271
-0.0024961
0.0033887
0.0093189
0.0151095
0.0206619
0.0259301
0.0308804
0.0354993
0.0397998
0.0438128
0.0475490
0.0509799
0.0540632
0.0567493
0.0589700
0.0606584
0.0617778
0.0622945
0.0621768
0.0614204
0.0600051
0.0578649
0.0549721
0.0513744
0.0471352
0.0422638
0.0367001
0.0303983
0.0233985
0.0158154
0.0078368
-0.0002843
-0.0082442
-0.0157512
-0.0226229
-0.0287811
-0.0341763
-0.0388495
-0.0429681
-0.0466869
-0.0500995
-0.0532969
-0.0563445
-0.0592623
-0.0621162
-0.0649994
-0.0678732
-0.0705719
-0.0728997
-0.0746978
-0.0758775
-0.0764298
-0.0763891
-0.0757968
-0.0746993
-0.0731468
-0.0711642
-0.0687993
-0.0661872
-0.0634541
-0.0606433
-0.0577845
-0.0549480
-0.0522506
-0.0498250
-0.0477678
-0.0460845
-0.0447238
-0.0436777
-0.0429572
-0.0425311
-0.0423269
-0.0422387
-0.0421197
-0.0418391
-0.0413370
-0.0405850
-0.0395702
-0.0383463
-0.0370536
-0.0358718
-0.0348246
-0.0337422
-0.0324949
-0.0310580
-0.0294354
-0.0276381
-0.0256996
-0.0237051
-0.0217402
-0.0197936
-0.0177683
-0.0155577
-0.0131655
-0.0107028
-0.0082831
-0.0060122
-0.0039917
-0.0022182
-0.0005910
0.0009473
0.0023805
0.0036554
0.0046736
0.0053072
0.0054437
0.0049660
0.0037392
0.0017248
-0.0009642
-0.0041580
-0.0076654
-0.0112666
-0.0147459
-0.0179368
-0.0207451
-0.0231738
-0.0253155
-0.0272043
-0.0287392
-0.0298862
-0.0306763
-0.0310064
-0.0307393
-0.0298719
-0.0284408
-0.0264578
-0.0239441
-0.0209454
-0.0175231
-0.0136735
-0.0093247
-0.0044436
0.0009292
0.0066873
0.0126165
0.0184292
0.0239296
0.0290207
0.0336172
0.0376430
0.0410673
0.0439117
0.0462240
0.0480382
0.0493767
0.0502692
0.0507613
0.0508932
0.0506744
0.0501211
0.0492959
0.0482491
0.0469595
0.0453093
0.0432093
0.0407304
0.0380276
0.0352665
0.0326193
0.0301732
0.0278437
0.0255392
0.0232813
0.0211584
0.0192740
0.0177248
0.0166817
0.0163775
0.0168958
0.0181441
0.0200040
0.0223721
0.0251426
0.0281648
0.0312512
0.0342325
0.0370169
0.0396163
0.0421089
0.0445486
0.0468468
0.0488200
0.0503149
0.0512118
0.0514223
0.0509192
0.0497437
0.0479925
0.0457601
0.0431104
0.0400891
0.0367160
0.0329684
0.0288061
0.0242143
0.0192595
0.0140856
0.0088670
0.0037985
-0.0009191
-0.0051261
-0.0087524
-0.0118524
-0.0145530
-0.0169754
-0.0192132
-0.0213205
-0.0232853
-0.0250631
-0.0266412
-0.0280138
-0.0291626
-0.0301099
-0.0309151
-0.0316069
-0.0321478
-0.0324408
-0.0323785
-0.0318982
-0.0310257
-0.0298137
-0.0282665
-0.0263944
-0.0242474
-0.0218446
-0.0191434
-0.0160646
-0.0125975
-0.0088492
-0.0049536
-0.0010114
0.0029037
0.0067169
0.0103319
0.0136609
0.0166620
0.0193824
0.0219412
0.0244805
0.0271266
0.0299569
0.0329576
0.0360548
0.0391809
0.0422295
0.0450331
0.0474574
0.0494212
0.0508293
0.0516098
0.0517816
0.0514449
0.0507318
0.0497412
0.0485228
0.0471053
0.0455438
0.0439167
0.0422256
0.0404223
0.0385263
0.0366309
0.0348514
0.0332888
0.0320102
0.0310400
0.0303622
0.0299280
0.0296715
0.0295354
0.0295148
0.0296552
0.0300176
0.0306873
0.0317485
0.0331760
0.0348580
0.0367224
0.0387263
0.0408082
0.0428928
0.0448951
0.0467109
0.0482870
0.0496870
0.0510177
0.0523580
0.0537505
0.0551828
0.0565742
0.0578058
0.0587668
0.0593800
0.0595953
0.0593649
0.0586514
0.0574518
0.0558026
0.0537556
0.0513346
0.0485079
0.0452075
0.0414049
0.0371245
0.0323599
0.0271182
0.0215004
0.0156086
0.0094704
0.0030809
-0.0035228
-0.0102070
-0.0168478
-0.0233969
-0.0297846
-0.0358886
-0.0415900
-0.0467739
-0.0513436
-0.0552871
-0.0586790
-0.0616051
-0.0641424
-0.0663573
-0.0682696
-0.0698646
-0.0711628
-0.0722030
-0.0730115
-0.0736794
-0.0743763
-0.0752377
-0.0762983
-0.0774793
-0.0785983
-0.0794172
-0.0797279
-0.0794452
-0.0786684
-0.0775938
-0.0764141
-0.0752888
-0.0743750
-0.0738596
-0.0738185
-0.0741194
-0.0745552
-0.0749647
-0.0752793
-0.0754855
-0.0755781
-0.0755946
-0.0755916
-0.0755512
-0.0754333
-0.0752708
-0.0751523
-0.0751481
-0.0752219
-0.0752875
-0.0753211
-0.0753263
-0.0752750
-0.0750888
-0.0747051
-0.0741593
-0.0735006
-0.0727214
-0.0718185
-0.0708056
-0.0696661
-0.0683573
-0.0668308
-0.0650078
-0.0627699
-0.0599846
-0.0565681
-0.0525492
-0.0480409
-0.0431734
-0.0379944
-0.0324696
-0.0265535
-0.0203017
-0.0138802
-0.0074589
-0.0011804
0.0048171
0.0104203
0.0155651
0.0202462
0.0245085
0.0284285
0.0320608
0.0354158
0.0384783
0.0412104
0.0435552
0.0455558
0.0473976
0.0492034
0.0509504
0.0525476
0.0538882
0.0548802
0.0554263
0.0554543
0.0549746
0.0540168
0.0525775
0.0507251
0.0485968
0.0462728
0.0437877
0.0411829
0.0384707
0.0356532
0.0328165
0.0301184
0.0277210
0.0257463
0.0242549
0.0232469
0.0226986
0.0226014
0.0229875
0.0238834
0.0252028
0.0267527
0.0283102
0.0296768
0.0307129
0.0313464
0.0315454
0.0312809
0.0304986
0.0291285
0.0271370
0.0245969
0.0217146
0.0186875
0.0156128
0.0125113
0.0093614
0.0061237
0.0027609
-0.0007509
-0.0044120
-0.0081755
-0.0119314
-0.0155423
-0.0188989
-0.0219777
-0.0248166
-0.0274562
-0.0299619
-0.0324414
-0.0350018
-0.0376769
-0.0403736
-0.0429505
-0.0452940
-0.0472998
-0.0488985
-0.0501106
-0.0510349
-0.0518184
-0.0526525
-0.0537203
-0.0551087
-0.0567693
-0.0585504
-0.0602985
-0.0618716
-0.0630922
-0.0638109
-0.0639819
-0.0636550
-0.0629455
-0.0619984
-0.0609595
-0.0599496
-0.0590522
-0.0583078
-0.0577275
-0.0573626
-0.0573101
-0.0575070
-0.0577606
-0.0579980
-0.0582060
-0.0583039
-0.0582131
-0.0579328
-0.0575435
-0.0571187
-0.0566404
-0.0560316
-0.0552159
-0.0541798
-0.0529513
-0.0515417
-0.0499089
-0.0479671
-0.0456334
-0.0428812
-0.0397670
-0.0363571
-0.0326566
-0.0286757
-0.0244836
-0.0202157
-0.0159938
-0.0118444
-0.0077745
-0.0038308
0.0000046
0.0038025
0.0075692
0.0112347
0.0147001
0.0178335
0.0204920
0.0225725
0.0240626
0.0250629
0.0257544
0.0263395
0.0269997
0.0278661
0.0290051
0.0303915
0.0319021
0.0333262
0.0344290
0.0350613
0.0351940
0.0348800
0.0341610
0.0330281
0.0315380
0.0298286
0.0280255
0.0262363
0.0245690
0.0230795
0.0217562
0.0205862
0.0195763
0.0187411
0.0181230
0.0177848
0.0176989
0.0177400
0.0177976
0.0178668
0.0180619
0.0184818
0.0191348
0.0200037
0.0210538
0.0222040
0.0233737
0.0245321
0.0256847
0.0268237
0.0278541
0.0286137
0.0289468
0.0287474
0.0279671
0.0265835
0.0246137
0.0221553
0.0193373
0.0162617
0.0129999
0.0096016
0.0061012
0.0025229
-0.0011055
-0.0046813
-0.0080247
-0.0109916
-0.0135245
-0.0156413
-0.0174131
-0.0189312
-0.0202076
-0.0211870
-0.0218759
-0.0223163
-0.0224953
-0.0223566
-0.0218545
-0.0210174
-0.0199501
-0.0187883
-0.0176645
-0.0166773
-0.0158408
-0.0150826
-0.0142954
-0.0133991
-0.0123764
-0.0111958
-0.0097820
-0.0081379
-0.0063760
-0.0046470
-0.0030625
-0.0016501
-0.0003716
0.0008321
0.0019826
0.0030561
0.0040168
0.0048678
0.0056716
0.0065122
0.0074303
0.0083557
0.0091620
0.0097578
0.0101062
0.0102172
0.0101370
0.0099571
0.0098092
0.0097675
0.0098022
0.0099039
0.0101311
0.0105553
0.0112048
0.0120380
0.0130045
0.0140720
0.0151829
0.0162729
0.0173305
0.0184261
0.0196875
0.0212047
0.0229888
0.0249962
0.0271498
0.0293562
0.0314893
0.0334227
0.0351386
0.0366964
0.0381090
0.0393034
0.0401479
0.0405096
0.0402813
0.0393817
0.0378214
0.0357520
0.0333428
0.0307023
0.0279345
0.0251757
0.0225868
0.0202882
0.0183131
0.0166648
0.0153472
0.0143495
0.0136415
0.0131770
0.0129007
0.0127555
0.0126891
0.0126587
0.0126293
0.0125446
0.0123200
0.0119116
0.0113281
0.0105755
0.0096678
0.0086667
0.0076635
0.0067280
0.0058240
0.0048713
0.0038985
0.0030101
0.0022979
0.0018544
0.0017617
0.0020281
0.0026081
0.0034545
0.0044937
0.0056179
0.0067534
0.0078669
0.0089182
0.0098849
0.0107985
0.0117253
0.0127234
0.0137959
0.0149339
0.0161928
0.0176430
0.0193123
0.0212256
0.0234039
0.0258089
0.0283456
0.0309002
0.0333681
0.0356614
0.0376852
0.0393630
0.0406986
0.0417699
0.0426859
0.0435156
0.0442656
0.0449083
0.0454077
0.0457283
0.0458143
0.0455845
0.0449703
0.0439570
0.0426099
0.0409727
0.0389858
0.0366008
0.0338459
0.0307240
0.0272117
0.0233236
0.0190623
0.0143812
0.0093049
0.0039562
-0.0015333
-0.0070152
-0.0122860
-0.0171692
-0.0215747
-0.0254610
-0.0288324
-0.0317758
-0.0344133
-0.0368325
-0.0390426
-0.0409840
-0.0425789
-0.0437670
-0.0445249
-0.0448714
-0.0448632
-0.0445809
-0.0440979
-0.0434394
-0.0425852
-0.0415130
-0.0402872
-0.0390699
-0.0380097
-0.0371877
-0.0366201
-0.0362435
-0.0359244
-0.0355466
-0.0350582
-0.0344644
-0.0338556
-0.0334191
-0.0333122
-0.0335726
-0.0341789
-0.0350774
-0.0361549
-0.0372872
-0.0383906
-0.0393547
-0.0400277
-0.0403169
-0.0402444
-0.0399306
-0.0394560
-0.0387783
-0.0378658
-0.0367547
-0.0354801
-0.0340803
-0.0326164
-0.0310619
-0.0292844
-0.0272807
-0.0252087
-0.0232103
-0.0214038
-0.0199336
-0.0189080
-0.0183402
-0.0181648
-0.0182493
-0.0184034
-0.0184440
-0.0182801
-0.0179800
-0.0177325
-0.0176378
-0.0176596
-0.0177313
-0.0177985
-0.0178161
-0.0177164
-0.0174030
-0.0167938
-0.0158801
-0.0147803
-0.0136487
-0.0125603
-0.0115089
-0.0104451
-0.0093045
-0.0080293
-0.0065777
-0.0049040
-0.0029538
-0.0007574
0.0015490
0.0038274
0.0059917
0.0079998
0.0098181
0.0113970
0.0126883
0.0136656
0.0143325
0.0147202
0.0148773
0.0148315
0.0145673
0.0140492
0.0132584
0.0122428
0.0111121
0.0099897
0.0089535
0.0080038
0.0070861
0.0061247
0.0050485
0.0038065
0.0023806
0.0008132
-0.0007911
-0.0023411
-0.0037912
-0.0050925
-0.0061854
-0.0070260
-0.0075979
-0.0079147
-0.0080139
-0.0079482
-0.0077753
-0.0075490
-0.0073169
-0.0071461
-0.0071216
-0.0072443
-0.0074261
-0.0076210
-0.0078154
-0.0079433
-0.0079259
-0.0077353
-0.0073901
-0.0069248
-0.0063423
-0.0056337
-0.0048245
-0.0039412
-0.0029793
-0.0019553
-0.0009136
0.0001314
0.0011837
0.0022172
0.0031802
0.0040080
0.0045640
0.0046772
0.0042887
0.0034477
0.0022353
0.0007369
-0.0009608
-0.0027787
-0.0046508
-0.0065240
-0.0083202
-0.0099330
-0.0112624
-0.0122138
-0.0126850
-0.0125549
-0.0117067
-0.0100812
-0.0077225
-0.0047941
-0.0015259
0.0018729
0.0053200
0.0088325
0.0124376
0.0161428
0.0199092
0.0235940
0.0270082
0.0300216
0.0325855
0.0347070
0.0363985
0.0376671
0.0385409
0.0391083
0.0394888
0.0397272
0.0398339
0.0398819
0.0399889
0.0402570
0.0407097
0.0412929
0.0419155
0.0424818
0.0429130
0.0431603
0.0432084
0.0430728
0.0427917
0.0424138
0.0419898
0.0415634
0.0411542
0.0406824
0.0399797
0.0389110
0.0374223
0.0355333
0.0333177
0.0308977
0.0284428
0.0260873
0.0238438
0.0216746
0.0195971
0.0177697
0.0163730
0.0154303
0.0148261
0.0144243
0.0142110
0.0142184
0.0143828
0.0146368
0.0149413
0.0151656
0.0151715
0.0149623
0.0146234
0.0142573
0.0139929
0.0139425
0.0141387
0.0145438
0.0150927
0.0157548
0.0165408
0.0174705
0.0185174
0.0195975
0.0206121
0.0215038
0.0222914
0.0230482
0.0238636
0.0248173
0.0259626
0.0273080
0.0287467
0.0300872
0.0312098
0.0320836
0.0327028
0.0330763
0.0332451
0.0333054
0.0333425
0.0333428
0.0332135
0.0328415
0.0321369
0.0310769
0.0297341
0.0282480
0.0267756
0.0254515
0.0243445
0.0234301
0.0226473
0.0219556
0.0213353
0.0207795
0.0202910
0.0199102
0.0197147
0.0197440
0.0199689
0.0203218
0.0207196
0.0210850
0.0213584
0.0215055
0.0215174
0.0214075
0.0212100
0.0210093
0.0209171
0.0209966
0.0212708
0.0217608
0.0224446
0.0232535
0.0241371
0.0250589
0.0259606
0.0268114
0.0276366
0.0284928
0.0294403
0.0305320
0.0318355
0.0334161
0.0352297
0.0371166
0.0388819
0.0403526
0.0414120
0.0420153
0.0422082
0.0421350
0.0419960
0.0419786
0.0421774
0.0425794
0.0431059
0.0436500
0.0441216
0.0445415
0.0449966
0.0454707
0.0458673
0.0461052
0.0461458
0.0460058
0.0457727
0.0455529
0.0453931
0.0452045
0.0448079
0.0440994
0.0430931
0.0418775
0.0405716
0.0392807
0.0380412
0.0368193
0.0355480
0.0341576
0.0326073
0.0309263
0.0291844
0.0274242
0.0256519
0.0238437
0.0219277
0.0198435
0.0176294
0.0153755
0.0131487
0.0109885
0.0089299
0.0070358
0.0053834
0.0040284
0.0029556
0.0020785
0.0013155
0.0006113
-0.0001017
-0.0008560
-0.0015872
-0.0021950
-0.0026176
-0.0028408
-0.0029010
-0.0028977
-0.0029310
-0.0030120
-0.0031284
-0.0033192
-0.0036207
-0.0040227
-0.0044835
-0.0049304
-0.0052608
-0.0054411
-0.0055779
-0.0057288
-0.0058045
-0.0057612
-0.0056492
-0.0054824
-0.0052363
-0.0049062
-0.0044859
-0.0039440
-0.0032811
-0.0025508
-0.0018267
-0.0011619
-0.0005522
0.0000614
0.0007652
0.0016377
0.0027177
0.0039722
0.0053166
0.0066719
0.0079392
0.0089735
0.0096892
0.0101229
0.0103513
0.0104552
0.0105387
0.0106518
0.0106998
0.0105512
0.0101539
0.0095354
0.0087822
0.0080438
0.0075011
0.0073061
0.0075225
0.0080965
0.0088563
0.0095672
0.0100428
0.0101763
0.0099001
0.0091803
0.0080287
0.0065005
0.0046797
0.0026644
0.0005651
-0.0014848
-0.0033916
-0.0051777
-0.0069271
-0.0087019
-0.0104932
-0.0122345
-0.0138731
-0.0153231
-0.0163896
-0.0170217
-0.0175105
-0.0181441
-0.0189843
-0.0200128
-0.0212009
-0.0224693
-0.0237005
-0.0247839
-0.0256743
-0.0264061
-0.0270211
-0.0275332
-0.0279451
-0.0282564
-0.0284723
-0.0286289
-0.0287913
-0.0289666
-0.0290946
-0.0291237
-0.0290377
-0.0288473
-0.0285794
-0.0282691
-0.0279519
-0.0276566
-0.0273997
-0.0271605
-0.0268734
-0.0265176
-0.0261649
-0.0258901
-0.0257068
-0.0255541
-0.0253491
-0.0250449
-0.0245640
-0.0237744
-0.0226284
-0.0211771
-0.0194643
-0.0176264
-0.0159977
-0.0148659
-0.0142923
-0.0142505
-0.0146725
-0.0153738
-0.0161103
-0.0166929
-0.0170188
-0.0170641
-0.0168655
-0.0164977
-0.0160511
-0.0156102
-0.0152556
-0.0151602
-0.0155697
-0.0165311
-0.0178692
-0.0194049
-0.0210612
-0.0228612
-0.0248082
-0.0268240
-0.0287967
-0.0306006
-0.0320933
-0.0332003
-0.0339880
-0.0345705
-0.0350366
-0.0354768
-0.0359532
-0.0364485
-0.0370378
-0.0380143
-0.0395946
-0.0417524
-0.0443918
-0.0473742
-0.0504204
-0.0532102
-0.0555383
-0.0573503
-0.0629315
-0.0640181
-0.0648819
-0.0655971
-0.0661556
-0.0664759
-0.0665288
-0.0663758
-0.0660392
-0.0654264
-0.0643236
-0.0624536
-0.0595671
-0.0555139
-0.0502977
-0.0441437
-0.0375135
-0.0310385
-0.0252567
-0.0203991
-0.0164833
-0.0134335
-0.0111406
-0.0094662
-0.0082227
-0.0072302
-0.0063637
-0.0054762
-0.0043980
-0.0030318
-0.0013603
0.0005977
0.0028675
0.0054476
0.0081196
0.0105412
0.0124521
0.0137642
0.0145475
0.0149477
0.0151306
0.0152394
0.0153265
0.0153445
0.0152001
0.0147735
0.0139325
0.0125207
0.0103909
0.0074849
0.0039600
0.0002015
-0.0034776
-0.0069388
-0.0100541
-0.0126845
-0.0147341
-0.0161759
-0.0170500
-0.0174495
-0.0174965
-0.0173270
-0.0171072
-0.0170033
-0.0170972
-0.0173518
-0.0176228
-0.0176950
-0.0174040
-0.0167978
-0.0160099
-0.0150839
-0.0140168
-0.0127501
-0.0110746
-0.0088184
-0.0060472
-0.0029680
0.0001732
0.0031101
0.0055940
0.0074507
0.0086642
0.0093781
0.0098029
0.0100700
0.0101312
0.0097579
0.0087933
0.0075510
0.0066260
0.0064837
0.0072816
0.0088993
0.0110912
0.0135484
0.0159388
0.0179706
0.0194480
0.0202884
0.0205178
0.0202429
0.0196192
0.0188304
0.0180811
0.0175335
0.0172582
0.0172760
0.0175592
0.0179738
0.0183404
0.0185245
0.0184603
0.0181421
0.0176108
0.0169345
0.0161914
0.0154521
0.0147701
0.0141750
0.0136747
0.0132577
0.0129031
0.0126019
0.0123875
0.0123241
0.0124684
0.0128134
0.0132830
0.0137733
0.0141834
0.0144366
0.0144912
0.0143591
0.0141183
0.0138614
0.0136395
0.0134620
0.0132930
0.0130447
0.0126036
0.0118743
0.0108011
0.0093780
0.0076425
0.0056648
0.0035312
0.0013251
-0.0009216
-0.0032611
-0.0057177
-0.0082176
-0.0106983
-0.0131216
-0.0154086
-0.0174776
-0.0192903
-0.0208180
-0.0220313
-0.0229207
-0.0235021
-0.0238153
-0.0239171
-0.0238692
-0.0237334
-0.0235606
-0.0233888
-0.0232407
-0.0231258
-0.0230381
-0.0229348
-0.0227453
-0.0224358
-0.0220436
-0.0216695
-0.0214296
-0.0214054
-0.0216156
-0.0220576
-0.0227546
-0.0236853
-0.0247326
-0.0257086
-0.0264551
-0.0269433
-0.0272440
-0.0274618
-0.0276780
-0.0279295
-0.0282067
-0.0284453
-0.0285629
-0.0285458
-0.0284353
-0.0282622
-0.0279831
-0.0275202
-0.0268835
-0.0261392
-0.0253258
-0.0244776
-0.0236282
-0.0227719
-0.0218922
-0.0209931
-0.0200114
-0.0188385
-0.0174531
-0.0158993
-0.0142210
-0.0125014
-0.0108702
-0.0094513
-0.0083349
-0.0075698
-0.0072126
-0.0073169
-0.0078787
-0.0088621
-0.0102291
-0.0118993
-0.0137449
-0.0156291
-0.0174333
-0.0190741
-0.0205090
-0.0217461
-0.0228472
-0.0238880
-0.0249115
-0.0259041
-0.0268228
-0.0276651
-0.0284486
-0.0291552
-0.0297595
-0.0302610
-0.0306779
-0.0310127
-0.0312212
-0.0312621
-0.0311428
-0.0308427
-0.0302996
-0.0294935
-0.0284276
-0.0270754
-0.0254691
-0.0237519
-0.0220890
-0.0205872
-0.0192555
-0.0180550
-0.0169577
-0.0159102
-0.0148336
-0.0136965
-0.0125152
-0.0113117
-0.0101012
-0.0088990
-0.0077434
-0.0067108
-0.0059142
-0.0054438
-0.0053013
-0.0053770
-0.0055066
-0.0056066
-0.0056789
-0.0057312
-0.0057586
-0.0057531
-0.0057107
-0.0056492
-0.0056295
-0.0057128
-0.0059072
-0.0061746
-0.0064563
-0.0066930
-0.0068376
-0.0068650
-0.0067869
-0.0066506
-0.0064990
-0.0063598
-0.0062613
-0.0062092
-0.0061646
-0.0060953
-0.0059980
-0.0058546
-0.0056420
-0.0053741
-0.0050845
-0.0047944
-0.0044942
-0.0041620
-0.0038073
-0.0034615
-0.0031453
-0.0028634
-0.0026102
-0.0023752
-0.0021553
-0.0019620
-0.0017936
-0.0016134
-0.0013703
-0.0010305
-0.0006105
-0.0001700
0.0002224
0.0005215
0.0007196
0.0008362
0.0009056
0.0009641
0.0010329
0.0011086
0.0011735
0.0012113
0.0012243
0.0012325
0.0012600
0.0013168
0.0013922
0.0014663
0.0015240
0.0015693
0.0016208
0.0016998
0.0018125
0.0019457
0.0020778
0.0021876
0.0022598
0.0022874
0.0022737
0.0022400
0.0022184
0.0022304
0.0022879
0.0024028
0.0025849
0.0028355
0.0031380
0.0034660
0.0038011
0.0041365
0.0044716
0.0048001
0.0051074
0.0053797
0.0056124
0.0058162
0.0060045
0.0061840
0.0063560
0.0065226
0.0066943
0.0068871
0.0071156
0.0073888
0.0077087
0.0080709
0.0084658
0.0088813
0.0093047
0.0097248
0.0101329
0.0105214
0.0108795
0.0111981
0.0114790
0.0117376
0.0119970
0.0122677
0.0125479
0.0128384
0.0131389
0.0134380
0.0137226
0.0139857
0.0142261
0.0144465
0.0146520
0.0148523
0.0150592
0.0152751
0.0154920
0.0157061
0.0159180
0.0161262
0.0163265
0.0165140
0.0166850
0.0168371
0.0169696
0.0170838
0.0171813
0.0172654
0.0173393
0.0174098
0.0174832
0.0175618
0.0176450
0.0177323
0.0178203
0.0179034
0.0179774
0.0180421
0.0180983
0.0181449
0.0181777
0.0181923
0.0181849
0.0181543
0.0181027
0.0180359
0.0179598
0.0178775
0.0177923
0.0177065
0.0176195
0.0175281
0.0174289
0.0173185
0.0171967
0.0170670
0.0169351
0.0168025
0.0166678
0.0165279
0.0163798
0.0162223
0.0160560
0.0158834
0.0157077
0.0155300
0.0153495
0.0151644
0.0149731
0.0147743
0.0145678
0.0143538
0.0141335
0.0139088
0.0136823
0.0134558
0.0132291
0.0130020
0.0127750
0.0125476
0.0123183
0.0120864
0.0118519
0.0116155
0.0113779
0.0111400
0.0109016
0.0106624
0.0104218
0.0101798
0.0099366
0.0096931
0.0094506
0.0092099
0.0089712
0.0087345
0.0085000
0.0082678
0.0080382
0.0078111
0.0075859
0.0073620
0.0071390
0.0069168
0.0066955
0.0064752
0.0062562
0.0060383
0.0058210
0.0056037
0.0053863
0.0051688
0.0049515
0.0047343
0.0045174
0.0043008
0.0040848
0.0038694
0.0036549
0.0034413
0.0032285
0.0030167
0.0028059
0.0025960
0.0023871
0.0021791
0.0019720
0.0017659
0.0015605
0.0013560
0.0011525
0.0009500
0.0007488
0.0005489
0.0003506
0.0001538
-0.0000413
-0.0002346
-0.0004261
-0.0006158
-0.0008036
-0.0009897
-0.0011740
-0.0013566
-0.0015372
-0.0017161
-0.0018931
-0.0020681
-0.0022412
-0.0024123
-0.0025813
-0.0027483
-0.0029133
-0.0030761
-0.0032369
-0.0033956
-0.0035522
-0.0037067
-0.0038591
-0.0040093
-0.0041575
-0.0043036
-0.0044475
-0.0045893
-0.0047290
-0.0048665
-0.0050020
-0.0051353
