0.0010889
0.0010863
0.0010837
0.0010811
0.0010786
0.0010760
0.0010735
0.0010709
0.0010683
0.0010659
0.0010634
0.0010608
0.0010582
0.0010558
0.0010535
0.0010511
0.0010485
0.0010457
0.0010430
0.0010406
0.0010388
0.0010369
0.0010338
0.0010306
0.0010286
0.0010270
0.0010250
0.0010230
0.0010204
0.0010175
0.0010150
0.0010125
0.0010093
0.0010068
0.0010041
0.0010013
0.0009997
0.0009971
0.0009940
0.0009925
0.0009900
0.0009863
0.0009833
0.0009824
0.0009849
0.0009864
0.0009837
0.0009779
0.0009742
0.0009746
0.0009717
0.0009648
0.0009621
0.0009633
0.0009612
0.0009565
0.0009572
0.0009588
0.0009565
0.0009488
0.0009432
0.0009421
0.0009461
0.0009448
0.0009344
0.0009274
0.0009311
0.0009350
0.0009331
0.0009274
0.0009211
0.0009175
0.0009095
0.0009061
0.0009141
0.0009178
0.0009102
0.0009050
0.0009033
0.0009050
0.0009077
0.0009041
0.0008973
0.0009022
0.0009079
0.0009077
0.0009004
0.0008899
0.0008805
0.0008820
0.0008876
0.0008875
0.0008806
0.0008706
0.0008685
0.0008645
0.0008588
0.0008651
0.0008705
0.0008583
0.0008469
0.0008556
0.0008667
0.0008660
0.0008533
0.0008289
0.0008202
0.0008285
0.0008317
0.0008305
0.0008362
0.0008320
0.0008234
0.0008317
0.0008443
0.0008402
0.0008193
0.0007997
0.0007874
0.0007921
0.0008024
0.0008023
0.0008011
0.0008102
0.0008060
0.0007909
0.0007881
0.0008122
0.0008346
0.0008200
0.0008159
0.0008157
0.0007952
0.0007906
0.0008038
0.0008093
0.0007984
0.0007738
0.0007563
0.0007604
0.0007833
0.0007986
0.0007900
0.0007613
0.0007476
0.0007635
0.0007623
0.0007426
0.0007324
0.0007414
0.0007591
0.0007577
0.0007529
0.0007412
0.0007250
0.0007260
0.0007514
0.0007718
0.0007619
0.0007415
0.0007632
0.0007793
0.0007639
0.0007421
0.0007231
0.0007311
0.0007441
0.0007118
0.0006687
0.0006964
0.0007555
0.0007836
0.0007607
0.0007319
0.0007204
0.0007052
0.0007101
0.0007288
0.0007338
0.0007262
0.0007224
0.0007062
0.0006515
0.0006373
0.0006911
0.0007219
0.0006830
0.0006412
0.0006475
0.0006913
0.0007080
0.0006696
0.0006309
0.0006472
0.0007144
0.0007351
0.0006932
0.0006405
0.0006176
0.0006318
0.0006609
0.0006598
0.0006539
0.0006277
0.0005787
0.0005871
0.0006556
0.0006847
0.0006466
0.0006381
0.0006675
0.0006808
0.0006602
0.0006249
0.0006227
0.0006158
0.0005915
0.0005799
0.0005830
0.0005851
0.0005812
0.0005873
0.0006256
0.0006458
0.0006145
0.0006107
0.0006297
0.0006008
0.0005678
0.0006108
0.0006846
0.0006681
0.0005884
0.0005823
0.0006155
0.0005999
0.0005807
0.0005744
0.0005945
0.0006210
0.0006126
0.0005609
0.0005220
0.0005222
0.0005312
0.0005399
0.0005779
0.0005982
0.0005775
0.0006061
0.0006183
0.0005519
0.0004947
0.0004960
0.0005113
0.0005212
0.0005566
0.0005906
0.0005797
0.0005339
0.0005391
0.0005642
0.0005418
0.0005251
0.0005202
0.0005419
0.0005571
0.0005153
0.0004679
0.0004748
0.0005313
0.0005805
0.0006090
0.0005734
0.0005016
0.0004889
0.0004887
0.0004520
0.0004010
0.0004249
0.0004888
0.0004415
0.0003758
0.0004502
0.0005378
0.0004868
0.0003799
0.0003936
0.0004838
0.0005150
0.0005254
0.0005002
0.0004721
0.0004710
0.0005170
0.0004790
0.0003849
0.0004046
0.0004513
0.0004311
0.0004149
0.0004467
0.0004718
0.0005020
0.0004669
0.0004103
0.0004386
0.0004914
0.0004985
0.0004662
0.0004255
0.0004259
0.0004167
0.0003978
0.0004316
0.0004627
0.0004187
0.0003768
0.0004184
0.0004699
0.0004720
0.0004399
0.0004009
0.0004016
0.0003916
0.0003729
0.0004064
0.0004493
0.0004524
0.0004371
0.0004204
0.0003750
0.0003494
0.0003795
0.0003914
0.0004006
0.0004091
0.0003816
0.0003729
0.0003443
0.0002845
0.0002678
0.0003001
0.0004031
0.0004579
0.0004102
0.0003449
0.0003456
0.0003576
0.0003753
0.0003838
0.0003542
0.0003435
0.0003408
0.0003625
0.0003642
0.0002986
0.0003066
0.0003772
0.0004018
0.0003681
0.0003200
0.0003329
0.0003621
0.0003110
0.0002234
0.0002372
0.0003356
0.0003755
0.0003106
0.0002651
0.0003014
0.0003097
0.0002698
0.0002503
0.0002567
0.0002759
0.0003049
0.0003043
0.0002998
0.0002794
0.0002492
0.0002413
0.0002449
0.0002601
0.0002779
0.0002320
0.0002009
0.0002383
0.0003045
0.0003364
0.0003140
0.0002668
0.0002763
0.0003036
0.0002779
0.0002735
0.0002922
0.0002592
0.0002111
0.0002029
0.0002141
0.0002285
0.0002574
0.0002443
0.0002190
0.0002410
0.0002405
0.0002056
0.0001893
0.0001952
0.0002116
0.0002547
0.0002768
0.0002288
0.0001794
0.0001636
0.0001417
0.0001626
0.0002402
0.0002872
0.0002773
0.0002599
0.0002478
0.0002044
0.0001763
0.0002190
0.0002551
0.0002078
0.0001655
0.0001957
0.0002025
0.0001647
0.0001575
0.0002113
0.0002549
0.0002512
0.0002235
0.0001736
0.0001514
0.0001849
0.0001834
0.0001567
0.0001866
0.0002331
0.0002263
0.0001631
0.0001199
0.0001218
0.0001463
0.0001782
0.0001751
0.0001822
0.0002086
0.0002180
0.0001975
0.0001443
0.0001064
0.0001170
0.0001863
0.0002455
0.0001963
0.0001547
0.0001551
0.0000974
0.0000735
0.0001459
0.0002065
0.0001996
0.0001781
0.0001637
0.0001238
0.0000609
-0.0000270
-0.0000112
0.0001675
0.0002887
0.0002183
0.0001021
0.0000963
0.0001121
0.0000870
0.0000643
0.0000795
0.0001321
0.0001689
0.0001515
0.0001046
0.0000990
0.0001043
0.0001238
0.0001364
0.0000938
0.0000592
0.0001021
0.0001394
0.0001059
0.0000964
0.0001308
0.0001343
0.0000777
0.0000185
-0.0000163
0.0000175
0.0001005
0.0001449
0.0001196
0.0000698
0.0000661
0.0000741
0.0000795
0.0000691
0.0000710
0.0000534
0.0000354
0.0000596
0.0000575
0.0000208
0.0000185
0.0000593
0.0000680
0.0000603
0.0000478
0.0000668
0.0000857
0.0000447
-0.0000043
0.0000024
0.0000623
0.0000900
0.0000362
-0.0000036
0.0000299
0.0000357
0.0000091
0.0000380
0.0000709
0.0000429
0.0000239
0.0000092
-0.0000136
-0.0000243
-0.0000089
0.0000285
0.0000163
-0.0000118
0.0000211
0.0000815
0.0001085
0.0000358
-0.0000325
-0.0000062
0.0000071
-0.0000280
-0.0000376
0.0000165
0.0000485
0.0000109
-0.0000082
-0.0000199
-0.0000305
0.0000049
0.0000459
0.0000485
0.0000347
0.0000301
0.0000332
0.0000322
0.0000305
0.0000038
-0.0000791
-0.0000980
-0.0000148
0.0000331
-0.0000243
-0.0000721
-0.0000372
-0.0000294
-0.0000538
-0.0000515
-0.0000873
-0.0001097
-0.0000880
-0.0000692
-0.0000881
-0.0001190
-0.0000643
0.0000138
0.0000123
-0.0000584
-0.0001045
-0.0000983
-0.0000854
-0.0000877
-0.0000951
-0.0000839
-0.0000477
-0.0000696
-0.0001450
-0.0001369
-0.0000549
-0.0000482
-0.0000892
-0.0000621
-0.0000232
-0.0000510
-0.0000591
-0.0000395
-0.0000705
-0.0001072
-0.0000560
0.0000173
-0.0000357
-0.0001172
-0.0000868
-0.0000232
-0.0000157
-0.0000496
-0.0001032
-0.0001239
-0.0000756
-0.0000421
-0.0000895
-0.0001549
-0.0002059
-0.0002043
-0.0001108
-0.0000180
0.0000168
-0.0000301
-0.0001181
-0.0001614
-0.0001390
-0.0000805
-0.0000460
-0.0000642
-0.0001228
-0.0001614
-0.0001594
-0.0001375
-0.0001026
-0.0001305
-0.0001911
-0.0001605
-0.0000976
-0.0000384
-0.0000474
-0.0001301
-0.0001830
-0.0001757
-0.0001600
-0.0001625
-0.0001705
-0.0001595
-0.0001117
-0.0000741
-0.0000876
-0.0001479
-0.0001760
-0.0001270
-0.0000775
-0.0000908
-0.0001546
-0.0001954
-0.0001913
-0.0001800
-0.0001820
-0.0001877
-0.0001887
-0.0001883
-0.0001777
-0.0001317
-0.0001076
-0.0001536
-0.0002177
-0.0002426
-0.0001849
-0.0001550
-0.0001871
-0.0002231
-0.0002641
-0.0002830
-0.0002266
-0.0001468
-0.0001545
-0.0002075
-0.0002221
-0.0002081
-0.0002027
-0.0002089
-0.0002125
-0.0002123
-0.0002004
-0.0001547
-0.0001194
-0.0001070
-0.0000966
-0.0001546
-0.0002278
-0.0002406
-0.0002208
-0.0002282
-0.0002714
-0.0002541
-0.0001798
-0.0001772
-0.0002148
-0.0001869
-0.0001356
-0.0001408
-0.0002048
-0.0002370
-0.0001855
-0.0001474
-0.0001951
-0.0002517
-0.0002417
-0.0001908
-0.0001985
-0.0002322
-0.0001983
-0.0001728
-0.0002613
-0.0003428
-0.0002890
-0.0001882
-0.0002057
-0.0003006
-0.0003079
-0.0002537
-0.0002348
-0.0002644
-0.0003085
-0.0002954
-0.0002552
-0.0002343
-0.0001997
-0.0001791
-0.0002232
-0.0002599
-0.0002166
-0.0001767
-0.0002228
-0.0002658
-0.0002352
-0.0002162
-0.0002047
-0.0001985
-0.0002245
-0.0002335
-0.0002355
-0.0002145
-0.0001989
-0.0002397
-0.0002989
-0.0003379
-0.0003166
-0.0002658
-0.0002119
-0.0001993
-0.0002374
-0.0002496
-0.0002586
-0.0002844
-0.0002832
-0.0002443
-0.0002495
-0.0002895
-0.0003046
-0.0002825
-0.0002426
-0.0002557
-0.0002966
-0.0003087
-0.0002974
-0.0003059
-0.0003455
-0.0003283
-0.0002426
-0.0002048
-0.0002630
-0.0003075
-0.0002593
-0.0002053
-0.0002038
-0.0002361
-0.0002728
-0.0002717
-0.0002789
-0.0003220
-0.0003678
-0.0003548
-0.0002987
-0.0002690
-0.0003124
-0.0003127
-0.0002914
-0.0003070
-0.0003138
-0.0002671
-0.0002234
-0.0002231
-0.0002503
-0.0002882
-0.0002748
-0.0002497
-0.0002755
-0.0002787
-0.0002464
-0.0002324
-0.0002416
-0.0002492
-0.0002476
-0.0002574
-0.0003183
-0.0003934
-0.0003855
-0.0003370
-0.0003246
-0.0003293
-0.0002758
-0.0002007
-0.0001936
-0.0002236
-0.0002927
-0.0003683
-0.0004085
-0.0003859
-0.0003203
-0.0002341
-0.0002166
-0.0002705
-0.0003370
-0.0003657
-0.0003591
-0.0003407
-0.0002951
-0.0002858
-0.0003668
-0.0004082
-0.0003601
-0.0002995
-0.0003173
-0.0003662
-0.0003771
-0.0003516
-0.0003008
-0.0002686
-0.0002710
-0.0002932
-0.0003421
-0.0003650
-0.0003312
-0.0003304
-0.0003684
-0.0003837
-0.0003872
-0.0004166
-0.0004108
-0.0003777
-0.0003520
-0.0003401
-0.0003889
-0.0004172
-0.0003764
-0.0003221
-0.0003252
-0.0003257
-0.0002980
-0.0002971
-0.0003516
-0.0003846
-0.0003366
-0.0002977
-0.0003443
-0.0003995
-0.0004027
-0.0003747
-0.0003255
-0.0003068
-0.0003544
-0.0004152
-0.0004514
-0.0004181
-0.0003192
-0.0002531
-0.0003191
-0.0004236
-0.0004569
-0.0003742
-0.0003058
-0.0003388
-0.0003553
-0.0003328
-0.0003609
-0.0003958
-0.0003592
-0.0003070
-0.0003161
-0.0003672
-0.0003630
-0.0003311
-0.0003678
-0.0003928
-0.0003319
-0.0003212
-0.0003605
-0.0003858
-0.0003602
-0.0003206
-0.0003307
-0.0003640
-0.0003366
-0.0003507
-0.0004150
-0.0004385
-0.0004248
-0.0004022
-0.0003738
-0.0003749
-0.0003657
-0.0003375
-0.0003404
-0.0003946
-0.0004382
-0.0004258
-0.0003652
-0.0003516
-0.0004387
-0.0004798
-0.0004553
-0.0004515
-0.0004048
-0.0003526
-0.0003850
-0.0004533
-0.0004966
-0.0004590
-0.0003827
-0.0003863
-0.0004365
-0.0004636
-0.0004971
-0.0005167
-0.0004761
-0.0004178
-0.0003795
-0.0004155
-0.0004908
-0.0004897
-0.0004405
-0.0004266
-0.0004290
-0.0004006
-0.0004182
-0.0004768
-0.0004344
-0.0003623
-0.0003917
-0.0004555
-0.0004531
-0.0003875
-0.0003449
-0.0003521
-0.0003668
-0.0003662
-0.0003735
-0.0004215
-0.0004615
-0.0004750
-0.0005094
-0.0005585
-0.0006212
-0.0006972
-0.0007081
-0.0006083
-0.0004966
-0.0003931
-0.0002850
-0.0001921
-0.0000961
0.0000094
0.0000309
-0.0000410
-0.0001569
-0.0002460
-0.0003569
-0.0005198
-0.0006690
-0.0007973
-0.0009071
-0.0009841
-0.0009952
-0.0009153
-0.0007390
-0.0005243
-0.0004114
-0.0003750
-0.0003001
-0.0001165
0.0001470
0.0002611
0.0001302
-0.0000388
-0.0000753
-0.0000510
-0.0001089
-0.0002910
-0.0005375
-0.0007666
-0.0009802
-0.0011815
-0.0013228
-0.0013149
-0.0011857
-0.0010009
-0.0007527
-0.0004210
-0.0000752
0.0001652
0.0003057
0.0003528
0.0002126
-0.0000189
-0.0001782
-0.0002873
-0.0004063
-0.0005618
-0.0007436
-0.0009238
-0.0011089
-0.0013275
-0.0015284
-0.0016105
-0.0014647
-0.0010752
-0.0005635
-0.0000237
0.0003706
0.0004830
0.0004770
0.0005142
0.0004964
0.0003525
0.0001714
-0.0000363
-0.0003108
-0.0006376
-0.0009554
-0.0012482
-0.0014661
-0.0015500
-0.0014933
-0.0013881
-0.0013457
-0.0013365
-0.0012076
-0.0008783
-0.0004387
-0.0000249
0.0003372
0.0005554
0.0005404
0.0003863
0.0002366
0.0001447
-0.0000023
-0.0002447
-0.0005392
-0.0007717
-0.0008459
-0.0007185
-0.0004396
-0.0001017
0.0001403
0.0000894
-0.0001794
-0.0003459
-0.0002130
0.0001184
0.0003657
0.0003810
0.0001528
-0.0003136
-0.0007770
-0.0010201
-0.0011395
-0.0012545
-0.0012608
-0.0010737
-0.0007478
-0.0004645
-0.0003804
-0.0004353
-0.0005206
-0.0005936
-0.0005878
-0.0004151
-0.0002572
-0.0004633
-0.0008898
-0.0010736
-0.0007512
-0.0000817
0.0003977
0.0003862
0.0000106
-0.0003560
-0.0004497
-0.0002712
-0.0000968
-0.0001166
-0.0001885
-0.0001657
-0.0001953
-0.0004834
-0.0010199
-0.0016280
-0.0020889
-0.0022066
-0.0019538
-0.0015816
-0.0013301
-0.0012472
-0.0011293
-0.0007508
-0.0001725
0.0002682
0.0003349
0.0001385
-0.0000901
-0.0001924
0.0000423
0.0006547
0.0012152
0.0011515
0.0003268
-0.0009475
-0.0019803
-0.0021932
-0.0015146
-0.0002471
0.0010949
0.0019807
0.0021570
0.0018370
0.0015574
0.0017255
0.0022169
0.0022854
0.0012746
-0.0006116
-0.0023835
-0.0031774
-0.0032370
-0.0033338
-0.0037288
-0.0040652
-0.0039798
-0.0034771
-0.0027236
-0.0018561
-0.0008852
0.0001087
0.0009046
0.0012649
0.0012681
0.0014434
0.0020957
0.0029035
0.0033339
0.0030928
0.0024379
0.0018231
0.0014875
0.0012394
0.0007638
-0.0002168
-0.0017196
-0.0031149
-0.0035474
-0.0028525
-0.0017384
-0.0010520
-0.0008370
-0.0003935
0.0007281
0.0019839
0.0022832
0.0012398
-0.0003871
-0.0016466
-0.0023459
-0.0029130
-0.0037193
-0.0045828
-0.0050507
-0.0047610
-0.0036161
-0.0018869
-0.0002030
0.0007239
0.0007462
0.0005519
0.0011472
0.0028299
0.0047886
0.0057460
0.0050848
0.0033960
0.0018460
0.0011288
0.0011309
0.0011828
0.0004834
-0.0013170
-0.0035658
-0.0051383
-0.0052544
-0.0041866
-0.0031118
-0.0030785
-0.0042377
-0.0056592
-0.0057414
-0.0036179
-0.0003367
0.0019848
0.0022895
0.0014202
0.0009316
0.0015195
0.0027566
0.0038972
0.0046948
0.0051979
0.0054206
0.0053226
0.0047236
0.0034904
0.0018263
0.0005014
0.0000834
0.0003111
0.0003253
-0.0005889
-0.0022813
-0.0038566
-0.0046229
-0.0045290
-0.0038523
-0.0031678
-0.0028227
-0.0027556
-0.0026211
-0.0020813
-0.0010199
0.0004066
0.0015766
0.0017254
0.0006518
-0.0009433
-0.0022415
-0.0029408
-0.0032592
-0.0035194
-0.0036434
-0.0030723
-0.0013429
0.0012421
0.0037772
0.0054980
0.0062238
0.0064753
0.0066977
0.0066804
0.0059734
0.0044336
0.0023202
0.0000992
-0.0016702
-0.0023760
-0.0017722
-0.0004211
0.0004804
0.0000962
-0.0011651
-0.0021761
-0.0023306
-0.0019752
-0.0016752
-0.0015956
-0.0017863
-0.0022155
-0.0025817
-0.0026764
-0.0027978
-0.0033274
-0.0039915
-0.0042369
-0.0039204
-0.0035453
-0.0036867
-0.0041257
-0.0038618
-0.0022537
0.0001191
0.0019893
0.0026021
0.0021199
0.0013031
0.0007097
0.0006028
0.0011809
0.0024066
0.0037801
0.0044680
0.0039623
0.0026728
0.0016713
0.0017332
0.0027338
0.0040041
0.0051393
0.0060953
0.0067140
0.0066071
0.0055078
0.0036880
0.0018739
0.0005515
-0.0005169
-0.0017739
-0.0030613
-0.0035924
-0.0027739
-0.0010090
0.0004396
0.0004926
-0.0009557
-0.0031019
-0.0049094
-0.0058353
-0.0060729
-0.0062303
-0.0068798
-0.0079667
-0.0088069
-0.0085321
-0.0066482
-0.0037675
-0.0013696
-0.0003988
-0.0002874
0.0003782
0.0023437
0.0047954
0.0065558
0.0072445
0.0070728
0.0063172
0.0050008
0.0030559
0.0009683
-0.0001709
0.0004313
0.0022875
0.0035677
0.0028205
0.0004511
-0.0016553
-0.0018390
-0.0000831
0.0023359
0.0041427
0.0046727
0.0036234
0.0011628
-0.0017446
-0.0035024
-0.0028440
-0.0003788
0.0013991
0.0001864
-0.0040499
-0.0090615
-0.0118577
-0.0105726
-0.0057966
-0.0003805
0.0027099
0.0026971
0.0012674
0.0008262
0.0025027
0.0057248
0.0091282
0.0113774
0.0114138
0.0087670
0.0040121
-0.0012615
-0.0053609
-0.0072989
-0.0070272
-0.0054661
-0.0037740
-0.0025326
-0.0017388
-0.0012168
-0.0012034
-0.0019065
-0.0028532
-0.0032864
-0.0028632
-0.0016903
-0.0000699
0.0016936
0.0031825
0.0041514
0.0050069
0.0063608
0.0080800
0.0092018
0.0089304
0.0072331
0.0048586
0.0027810
0.0016069
0.0013814
0.0014973
0.0009812
-0.0005816
-0.0026573
-0.0042112
-0.0047183
-0.0045484
-0.0045108
-0.0055718
-0.0081150
-0.0112140
-0.0134750
-0.0141675
-0.0132539
-0.0112273
-0.0090327
-0.0077212
-0.0072169
-0.0058616
-0.0021470
0.0033274
0.0084670
0.0116570
0.0127949
0.0128119
0.0125705
0.0125341
0.0129464
0.0136339
0.0139290
0.0131000
0.0110494
0.0085451
0.0063011
0.0040775
0.0010462
-0.0028673
-0.0065629
-0.0087591
-0.0091924
-0.0090976
-0.0102710
-0.0131239
-0.0159430
-0.0166523
-0.0148529
-0.0116699
-0.0081376
-0.0047228
-0.0018887
-0.0002485
0.0002261
0.0004457
0.0014360
0.0036671
0.0068355
0.0097150
0.0106004
0.0088447
0.0057560
0.0034208
0.0026319
0.0023342
0.0011693
-0.0009093
-0.0031672
-0.0050838
-0.0066743
-0.0081220
-0.0089772
-0.0084358
-0.0066924
-0.0053718
-0.0058733
-0.0074697
-0.0078098
-0.0054551
-0.0013927
0.0019908
0.0030853
0.0022233
0.0011727
0.0016043
0.0037455
0.0066381
0.0090002
0.0097924
0.0087144
0.0065905
0.0048717
0.0043596
0.0046675
0.0047942
0.0035884
0.0003978
-0.0041459
-0.0081762
-0.0097055
-0.0082194
-0.0051749
-0.0026844
-0.0019249
-0.0025509
-0.0035678
-0.0042309
-0.0038897
-0.0021407
0.0005341
0.0025084
0.0022424
-0.0002035
-0.0031869
-0.0046993
-0.0035370
-0.0003305
0.0027760
0.0039614
0.0033841
0.0029085
0.0041725
0.0068462
0.0089198
0.0085989
0.0058508
0.0023163
-0.0002890
-0.0014415
-0.0020315
-0.0033181
-0.0054687
-0.0072721
-0.0076301
-0.0067818
-0.0059673
-0.0062169
-0.0073704
-0.0080633
-0.0068235
-0.0034129
0.0007031
0.0032654
0.0029525
0.0008949
0.0000757
0.0023653
0.0062732
0.0082013
0.0060481
0.0009957
-0.0039608
-0.0065846
-0.0062900
-0.0037341
-0.0000977
0.0034310
0.0058626
0.0069261
0.0073659
0.0081830
0.0093508
0.0095930
0.0078696
0.0048887
0.0021364
0.0000778
-0.0018863
-0.0040954
-0.0057868
-0.0060704
-0.0049009
-0.0029732
-0.0014136
-0.0015927
-0.0040940
-0.0075178
-0.0091679
-0.0073708
-0.0032289
0.0001075
0.0003013
-0.0022803
-0.0051524
-0.0059556
-0.0042948
-0.0016725
0.0001475
0.0001835
-0.0015447
-0.0038630
-0.0046284
-0.0023596
0.0019215
0.0053205
0.0058570
0.0039563
0.0014705
0.0000771
0.0006083
0.0026295
0.0041644
0.0031682
-0.0003239
-0.0040371
-0.0056019
-0.0043562
-0.0012922
0.0022175
0.0051396
0.0063941
0.0050248
0.0018245
-0.0001882
0.0016219
0.0066562
0.0112782
0.0119784
0.0082694
0.0026281
-0.0018042
-0.0034241
-0.0029616
-0.0030595
-0.0064732
-0.0133450
-0.0202894
-0.0229858
-0.0197368
-0.0124178
-0.0043619
0.0019400
0.0055471
0.0065806
0.0057655
0.0043694
0.0036992
0.0041383
0.0048315
0.0043759
0.0023837
0.0004002
0.0002062
0.0015161
0.0023668
0.0013076
-0.0012161
-0.0036924
-0.0050504
-0.0052882
-0.0048212
-0.0036875
-0.0015772
0.0018203
0.0059920
0.0094354
0.0108459
0.0100246
0.0075409
0.0040454
0.0001396
-0.0033562
-0.0055245
-0.0060076
-0.0055042
-0.0052429
-0.0056741
-0.0061816
-0.0058807
-0.0042217
-0.0011658
0.0020554
0.0031082
0.0005909
-0.0041801
-0.0080358
-0.0086821
-0.0064543
-0.0036278
-0.0023243
-0.0028745
-0.0038460
-0.0035422
-0.0015425
0.0009409
0.0024585
0.0029774
0.0036531
0.0050911
0.0066523
0.0073852
0.0072839
0.0071270
0.0071947
0.0067362
0.0051418
0.0029970
0.0013313
0.0001028
-0.0017937
-0.0047883
-0.0076729
-0.0087083
-0.0073153
-0.0044499
-0.0018482
-0.0008354
-0.0014499
-0.0025030
-0.0023960
0.0000004
0.0041772
0.0074326
0.0068761
0.0026384
-0.0020601
-0.0040029
-0.0022188
0.0016345
0.0045658
0.0044642
0.0017270
-0.0012123
-0.0021574
-0.0009344
0.0014898
0.0042593
0.0063575
0.0061366
0.0025944
-0.0027140
-0.0063409
-0.0063373
-0.0043919
-0.0036527
-0.0053101
-0.0079834
-0.0099719
-0.0107115
-0.0100403
-0.0077085
-0.0042944
-0.0015145
-0.0004123
-0.0000153
0.0013808
0.0038948
0.0058924
0.0059399
0.0044928
0.0035525
0.0043533
0.0058742
0.0057884
0.0028871
-0.0011162
-0.0028761
-0.0011008
0.0019300
0.0030197
0.0018752
0.0013028
0.0033115
0.0066246
0.0081063
0.0064281
0.0035240
0.0020340
0.0021437
0.0017468
-0.0009214
-0.0056517
-0.0102931
-0.0120496
-0.0095071
-0.0044263
-0.0006064
-0.0003178
-0.0022098
-0.0030322
-0.0010486
0.0023482
0.0037355
0.0010258
-0.0040067
-0.0075480
-0.0078046
-0.0063844
-0.0058509
-0.0069778
-0.0083611
-0.0075466
-0.0031235
0.0032683
0.0080164
0.0090929
0.0076621
0.0062601
0.0062189
0.0068687
0.0066793
0.0047429
0.0013161
-0.0025402
-0.0053602
-0.0054086
-0.0021712
0.0022469
0.0042726
0.0021032
-0.0027317
-0.0069105
-0.0074816
-0.0039155
0.0008862
0.0026331
-0.0000373
-0.0037209
-0.0038919
0.0002235
0.0051325
0.0066993
0.0038116
-0.0011242
-0.0044919
-0.0044932
-0.0022109
-0.0000432
0.0002240
-0.0015684
-0.0039229
-0.0045139
-0.0018934
0.0032174
0.0085444
0.0115683
0.0104087
0.0049156
-0.0023367
-0.0073029
-0.0083698
-0.0080381
-0.0095336
-0.0130190
-0.0162229
-0.0173640
-0.0161917
-0.0127596
-0.0071788
-0.0005177
0.0052666
0.0087887
0.0104605
0.0118744
0.0141473
0.0167905
0.0180606
0.0164821
0.0122301
0.0067806
0.0016686
-0.0019988
-0.0035683
-0.0029981
-0.0007856
0.0021070
0.0038626
0.0023396
-0.0024829
-0.0071651
-0.0075515
-0.0029611
0.0029758
0.0058907
0.0051080
0.0040496
0.0060624
0.0103090
0.0125713
0.0101155
0.0051330
0.0022442
0.0032219
0.0054993
0.0052506
0.0008038
-0.0061092
-0.0111481
-0.0098313
-0.0013556
0.0091144
0.0139007
0.0100579
0.0021175
-0.0028096
-0.0016124
0.0027756
0.0044672
0.0002514
-0.0071217
-0.0119037
-0.0111814
-0.0068061
-0.0025674
-0.0015238
-0.0046860
-0.0097838
-0.0122742
-0.0098200
-0.0055731
-0.0049643
-0.0092978
-0.0143012
-0.0152686
-0.0117355
-0.0067842
-0.0034779
-0.0026450
-0.0034417
-0.0043479
-0.0039803
-0.0019641
0.0008865
0.0036525
0.0058922
0.0072003
0.0071536
0.0063874
0.0063964
0.0071515
0.0061471
0.0014363
-0.0051347
-0.0091129
-0.0073451
-0.0002514
0.0085686
0.0140697
0.0130540
0.0072890
0.0019421
0.0007042
0.0033980
0.0072097
0.0089363
0.0068937
0.0018999
-0.0035945
-0.0066631
-0.0053625
-0.0007820
0.0032168
0.0035416
0.0013255
0.0001962
0.0015557
0.0034595
0.0037331
0.0025038
0.0017495
0.0028400
0.0045819
0.0044738
0.0019668
-0.0007309
-0.0013464
-0.0001316
0.0008612
-0.0003177
-0.0043115
-0.0099625
-0.0151179
-0.0181787
-0.0187018
-0.0173050
-0.0153781
-0.0141738
-0.0134582
-0.0112307
-0.0058518
0.0018005
0.0090927
0.0133518
0.0132060
0.0096258
0.0057711
0.0047312
0.0063332
0.0069168
0.0032025
-0.0039122
-0.0102752
-0.0128367
-0.0120356
-0.0103077
-0.0091734
-0.0084333
-0.0073949
-0.0060828
-0.0049580
-0.0036579
-0.0008113
0.0039015
0.0084284
0.0100472
0.0085576
0.0067964
0.0077046
0.0114861
0.0154182
0.0163454
0.0134903
0.0093605
0.0073481
0.0084968
0.0110056
0.0126472
0.0130565
0.0135836
0.0151485
0.0167023
0.0170183
0.0169608
0.0180674
0.0194470
0.0182314
0.0132729
0.0064391
-0.0003563
-0.0067422
-0.0117083
-0.0125763
-0.0083533
-0.0026657
-0.0008258
-0.0045547
-0.0107463
-0.0149614
-0.0144776
-0.0086444
0.0010340
0.0105078
0.0148231
0.0117784
0.0040296
-0.0029834
-0.0055006
-0.0040404
-0.0023031
-0.0037538
-0.0091634
-0.0164980
-0.0220032
-0.0219465
-0.0154221
-0.0057252
0.0023422
0.0065875
0.0085501
0.0108323
0.0146309
0.0195644
0.0246021
0.0280713
0.0275810
0.0214780
0.0112460
0.0013993
-0.0041214
-0.0048071
-0.0030369
-0.0019554
-0.0040319
-0.0100230
-0.0179989
-0.0235677
-0.0225572
-0.0152138
-0.0072852
-0.0050181
-0.0088219
-0.0134552
-0.0140944
-0.0105006
-0.0057798
-0.0027705
-0.0021221
-0.0026635
-0.0029964
-0.0024950
-0.0013305
0.0004074
0.0027840
0.0054857
0.0081860
0.0110540
0.0137804
0.0148211
0.0130045
0.0091082
0.0049042
0.0014949
-0.0003702
0.0001348
0.0019787
0.0020780
-0.0013655
-0.0068075
-0.0112398
-0.0123800
-0.0093994
-0.0037594
0.0004963
-0.0004980
-0.0063961
-0.0128335
-0.0157778
-0.0144818
-0.0109995
-0.0079355
-0.0064088
-0.0057106
-0.0044586
-0.0015319
0.0031825
0.0080339
0.0103216
0.0086522
0.0042649
0.0001681
-0.0004332
0.0036005
0.0094448
0.0119405
0.0086877
0.0028777
-0.0000883
0.0019224
0.0064567
0.0092967
0.0079152
0.0033379
-0.0009579
-0.0024320
-0.0014606
0.0005289
0.0032628
0.0065109
0.0083727
0.0067901
0.0022367
-0.0024423
-0.0054861
-0.0082085
-0.0129946
-0.0200290
-0.0266075
-0.0293982
-0.0273395
-0.0225475
-0.0184979
-0.0170675
-0.0166837
-0.0135071
-0.0053547
0.0053169
0.0132776
0.0156378
0.0141288
0.0121311
0.0113520
0.0119692
0.0134197
0.0142027
0.0125194
0.0082022
0.0038911
0.0035054
0.0085303
0.0157597
0.0194984
0.0165827
0.0090258
0.0020576
-0.0001218
0.0027423
0.0074123
0.0102152
0.0098630
0.0077061
0.0056302
0.0043376
0.0034541
0.0024696
0.0014017
0.0000328
-0.0028357
-0.0076076
-0.0118334
-0.0121166
-0.0082794
-0.0039207
-0.0025476
-0.0049025
-0.0093011
-0.0130501
-0.0139708
-0.0120631
-0.0102698
-0.0119626
-0.0172104
-0.0224786
-0.0241983
-0.0222310
-0.0199050
-0.0198783
-0.0204978
-0.0182018
-0.0126432
-0.0068151
-0.0029692
-0.0009043
0.0007206
0.0030850
0.0063167
0.0090773
0.0102459
0.0103445
0.0102928
0.0099962
0.0092627
0.0085822
0.0080309
0.0070624
0.0058844
0.0057213
0.0064765
0.0058595
0.0021834
-0.0029307
-0.0055801
-0.0034562
0.0012648
0.0034334
0.0000066
-0.0072199
-0.0139158
-0.0166035
-0.0141709
-0.0081293
-0.0024079
-0.0014022
-0.0061136
-0.0125673
-0.0151672
-0.0115011
-0.0042441
0.0014095
0.0022427
-0.0010987
-0.0056300
-0.0078761
-0.0052558
0.0018858
0.0090767
0.0104344
0.0040158
-0.0060485
-0.0130855
-0.0135892
-0.0098553
-0.0068291
-0.0069879
-0.0091139
-0.0106674
-0.0102437
-0.0082994
-0.0062687
-0.0054067
-0.0063275
-0.0088527
-0.0119303
-0.0136428
-0.0119853
-0.0074257
-0.0039351
-0.0051197
-0.0093047
-0.0108849
-0.0071154
-0.0012461
0.0023356
0.0033037
0.0039136
0.0050049
0.0054370
0.0041629
0.0012795
-0.0025574
-0.0063961
-0.0090409
-0.0100321
-0.0103630
-0.0109096
-0.0110801
-0.0101173
-0.0086420
-0.0078781
-0.0084144
-0.0097810
-0.0105187
-0.0093528
-0.0065892
-0.0038601
-0.0024902
-0.0022493
-0.0019956
-0.0008739
0.0014062
0.0044470
0.0071076
0.0082985
0.0082438
0.0082070
0.0086409
0.0085661
0.0076352
0.0073250
0.0086903
0.0103818
0.0103847
0.0087484
0.0069391
0.0052013
0.0023847
-0.0022042
-0.0078660
-0.0131586
-0.0169405
-0.0192640
-0.0212864
-0.0237877
-0.0262254
-0.0277126
-0.0284263
-0.0291600
-0.0297828
-0.0291523
-0.0267535
-0.0233889
-0.0207472
-0.0208710
-0.0245849
-0.0295195
-0.0312160
-0.0277005
-0.0215002
-0.0164796
-0.0145137
-0.0157012
-0.0195290
-0.0242390
-0.0267010
-0.0247264
-0.0194698
-0.0148888
-0.0148472
-0.0202960
-0.0286413
-0.0355557
-0.0378815
-0.0358838
-0.0327736
-0.0320141
-0.0351693
-0.0414841
-0.0482730
-0.0520441
-0.0509854
-0.0468249
-0.0434023
-0.0429568
-0.0447323
-0.0469814
-0.0487617
-0.0499642
-0.0508156
-0.0517989
-0.0535108
-0.0559677
-0.0583368
-0.0599750
-0.0609186
-0.0614508
-0.0612002
-0.0591918
-0.0553796
-0.0515689
-0.0502941
-0.0525970
-0.0570485
-0.0608261
-0.0620060
-0.0611012
-0.0602763
-0.0612521
-0.0639157
-0.0669613
-0.0694502
-0.0711241
-0.0718912
-0.0720622
-0.0725091
-0.0735514
-0.0743083
-0.0738264
-0.0719038
-0.0687717
-0.0651471
-0.0621662
-0.0602084
-0.0587447
-0.0575487
-0.0571823
-0.0581308
-0.0599548
-0.0617274
-0.0629048
-0.0636086
-0.0642469
-0.0651923
-0.0664239
-0.0676020
-0.0682239
-0.0678179
-0.0661794
-0.0632958
-0.0598242
-0.0573963
-0.0575983
-0.0606760
-0.0651334
-0.0686530
-0.0700201
-0.0704758
-0.0724039
-0.0764167
-0.0803453
-0.0813058
-0.0780817
-0.0714943
-0.0638306
-0.0576713
-0.0538901
-0.0509553
-0.0466341
-0.0397151
-0.0306544
-0.0216510
-0.0149829
-0.0109705
-0.0082695
-0.0055843
-0.0027555
-0.0005759
-0.0002062
-0.0022048
-0.0059946
-0.0107608
-0.0160736
-0.0210164
-0.0239497
-0.0237659
-0.0213473
-0.0190153
-0.0182366
-0.0183275
-0.0174043
-0.0144798
-0.0110739
-0.0101268
-0.0126116
-0.0160090
-0.0164581
-0.0122075
-0.0052494
0.0005872
0.0028816
0.0023871
0.0019980
0.0042701
0.0101207
0.0184649
0.0264835
0.0313486
0.0323694
0.0312423
0.0304094
0.0316196
0.0354808
0.0409078
0.0447135
0.0433458
0.0358731
0.0251520
0.0157924
0.0105076
0.0085030
0.0074113
0.0060591
0.0049552
0.0046665
0.0048970
0.0055095
0.0069666
0.0098162
0.0143502
0.0200588
0.0252863
0.0286906
0.0308210
0.0330060
0.0355617
0.0380025
0.0404698
0.0429217
0.0428510
0.0374359
0.0286720
0.0226560
0.0224661
0.0248239
0.0247316
0.0207376
0.0148113
0.0091280
0.0046159
0.0014950
-0.0001051
-0.0003090
-0.0000330
-0.0005014
-0.0018603
-0.0029176
-0.0027667
-0.0019681
-0.0012886
0.0000612
0.0038754
0.0105343
0.0182217
0.0250260
0.0306974
0.0363257
0.0430769
0.0512333
0.0587767
0.0616489
0.0575830
0.0493447
0.0429359
0.0413540
0.0411222
0.0365245
0.0265068
0.0155729
0.0082350
0.0043684
0.0002344
-0.0069678
-0.0158451
-0.0220793
-0.0233612
-0.0219793
-0.0213581
-0.0218886
-0.0219779
-0.0215155
-0.0218300
-0.0231368
-0.0245779
-0.0262421
-0.0288621
-0.0315842
-0.0317367
-0.0269968
-0.0179791
-0.0089843
-0.0050523
-0.0072939
-0.0116777
-0.0126243
-0.0073965
0.0017428
0.0087965
0.0083954
0.0007976
-0.0077450
-0.0101718
-0.0050043
0.0022078
0.0037261
-0.0032541
-0.0142831
-0.0223221
-0.0238491
-0.0208226
-0.0177144
-0.0173972
-0.0201329
-0.0250962
-0.0312397
-0.0367797
-0.0396469
-0.0388530
-0.0350690
-0.0308898
-0.0299765
-0.0333536
-0.0367880
-0.0342255
-0.0232700
-0.0071906
0.0074591
0.0161792
0.0202182
0.0246101
0.0331233
0.0456675
0.0587189
0.0675413
0.0696577
0.0668076
0.0633023
0.0619570
0.0624165
0.0631098
0.0630595
0.0622500
0.0611299
0.0599098
0.0580737
0.0547168
0.0490959
0.0409737
0.0308606
0.0195049
0.0070804
-0.0062972
-0.0187018
-0.0265171
-0.0281759
-0.0268240
-0.0273196
-0.0310739
-0.0351781
-0.0355230
-0.0288160
-0.0133911
0.0088618
0.0315101
0.0476817
0.0561026
0.0618209
0.0707739
0.0838575
0.0954343
0.0970747
0.0834139
0.0567360
0.0270044
0.0052215
-0.0056025
-0.0117321
-0.0207975
-0.0337925
-0.0446346
-0.0471642
-0.0413927
-0.0324598
-0.0261704
-0.0254006
-0.0285204
-0.0312856
-0.0307521
-0.0268253
-0.0207687
-0.0136104
-0.0058443
0.0022194
0.0103379
0.0176111
0.0215103
0.0197592
0.0135792
0.0071072
0.0040272
0.0062231
0.0148279
0.0297482
0.0477749
0.0638095
0.0751329
0.0833736
0.0915840
0.0993851
0.1020218
0.0951820
0.0796845
0.0600374
0.0401370
0.0224966
0.0099896
0.0042720
0.0020464
-0.0036294
-0.0159797
-0.0303034
-0.0385402
-0.0376512
-0.0325280
-0.0299869
-0.0315561
-0.0342387
-0.0361763
-0.0379928
-0.0400194
-0.0417543
-0.0439098
-0.0485202
-0.0568726
-0.0679715
-0.0794493
-0.0901220
-0.1005708
-0.1113818
-0.1214320
-0.1283475
-0.1305893
-0.1287184
-0.1248968
-0.1210638
-0.1172583
-0.1120495
-0.1049660
-0.0969513
-0.0879319
-0.0761477
-0.0613114
-0.0465244
-0.0350473
-0.0263830
-0.0173263
-0.0065557
0.0035795
0.0096686
0.0105474
0.0084021
0.0071972
0.0100192
0.0170582
0.0256771
0.0329831
0.0385014
0.0438602
0.0505090
0.0586028
0.0671723
0.0745220
0.0790269
0.0803499
0.0795111
0.0775912
0.0747673
0.0711350
0.0676309
0.0650699
0.0624578
0.0578503
0.0509717
0.0438461
0.0391380
0.0383244
0.0410748
0.0462981
0.0534497
0.0622190
0.0717707
0.0807395
0.0882100
0.0943506
0.1005239
0.1085948
0.1191184
0.1306448
0.1411305
0.1492295
0.1540428
0.1557060
0.1560268
0.1561178
0.1543766
0.1484636
0.1378984
0.1241428
0.1101617
0.0996374
0.0939066
0.0894679
0.0813536
0.0688820
0.0554523
0.0436172
0.0329697
0.0219614
0.0104973
-0.0000861
-0.0087433
-0.0155976
-0.0208217
-0.0232451
-0.0208193
-0.0134396
-0.0044475
0.0027811
0.0082290
0.0138178
0.0210805
0.0308734
0.0422976
0.0516723
0.0550841
0.0522404
0.0472333
0.0462966
0.0535602
0.0672567
0.0807584
0.0876379
0.0858317
0.0785087
0.0718181
0.0702244
0.0721409
0.0712196
0.0635222
0.0519236
0.0427297
0.0395865
0.0414432
0.0451953
0.0497855
0.0577786
0.0724282
0.0924517
0.1113712
0.1236864
0.1290012
0.1288287
0.1234348
0.1141414
0.1057031
0.1042057
0.1129002
0.1294548
0.1465909
0.1562912
0.1550557
0.1450000
0.1304701
0.1147277
0.0990282
0.0834766
0.0678938
0.0514486
0.0329103
0.0129128
-0.0047405
-0.0154340
-0.0176882
-0.0147605
-0.0126190
-0.0163282
-0.0268269
-0.0403545
-0.0523467
-0.0614657
-0.0687931
-0.0746588
-0.0781736
-0.0786329
-0.0759517
-0.0706291
-0.0642008
-0.0587358
-0.0548210
-0.0504082
-0.0426091
-0.0308125
-0.0162294
0.0009154
0.0206667
0.0409947
0.0594266
0.0760272
0.0919940
0.1063993
0.1173893
0.1246568
0.1278646
0.1252207
0.1164492
0.1054435
0.0980703
0.0975397
0.1017128
0.1044661
0.1001311
0.0869134
0.0668805
0.0449418
0.0270023
0.0155189
0.0072989
-0.0012978
-0.0091922
-0.0143340
-0.0190843
-0.0277011
-0.0405781
-0.0538582
-0.0627103
-0.0641794
-0.0581516
-0.0464533
-0.0321624
-0.0189205
-0.0087042
-0.0002479
0.0089350
0.0197390
0.0315881
0.0438117
0.0559945
0.0670703
0.0754845
0.0814983
0.0875160
0.0945108
0.0999479
0.1009166
0.0972523
0.0897930
0.0783044
0.0636205
0.0500003
0.0417443
0.0388370
0.0383039
0.0371512
0.0322625
0.0208240
0.0040967
-0.0109812
-0.0164992
-0.0103812
0.0012221
0.0086379
0.0074896
0.0022246
-0.0003843
0.0006347
0.0007599
-0.0028838
-0.0079295
-0.0096648
-0.0051865
0.0052814
0.0184469
0.0290299
0.0334175
0.0330304
0.0332781
0.0390838
0.0501960
0.0599224
0.0606076
0.0516729
0.0406451
0.0349921
0.0349038
0.0360773
0.0366948
0.0387500
0.0444313
0.0537086
0.0645457
0.0744824
0.0821491
0.0875530
0.0914240
0.0946104
0.0977031
0.1000470
0.0993771
0.0939738
0.0856368
0.0794468
0.0793637
0.0835165
0.0859394
0.0838927
0.0809970
0.0811389
0.0823581
0.0793970
0.0707245
0.0606597
0.0550489
0.0564400
0.0627916
0.0698578
0.0744133
0.0759638
0.0764184
0.0782466
0.0821543
0.0859766
0.0857722
0.0789401
0.0663732
0.0518105
0.0389193
0.0287744
0.0193013
0.0071514
-0.0082467
-0.0228512
-0.0318471
-0.0346981
-0.0351164
-0.0369914
-0.0415033
-0.0473409
-0.0521425
-0.0538036
-0.0519547
-0.0488528
-0.0472438
-0.0463170
-0.0415540
-0.0295884
-0.0116074
0.0081040
0.0255883
0.0395170
0.0519044
0.0669925
0.0866423
0.1063037
0.1183365
0.1193778
0.1130554
0.1059448
0.1026821
0.1045352
0.1098347
0.1153327
0.1181409
0.1165684
0.1095453
0.0964509
0.0791934
0.0634458
0.0547063
0.0521735
0.0491333
0.0403786
0.0272105
0.0149972
0.0081943
0.0082095
0.0125832
0.0150563
0.0103177
-0.0004783
-0.0104992
-0.0130420
-0.0061276
0.0063660
0.0172585
0.0210872
0.0173893
0.0090461
-0.0008333
-0.0094603
-0.0144031
-0.0150403
-0.0127198
-0.0088923
-0.0039023
0.0020093
0.0073156
0.0095187
0.0071092
0.0013143
-0.0051028
-0.0110166
-0.0170926
-0.0220283
-0.0211720
-0.0106209
0.0080090
0.0272153
0.0387287
0.0395897
0.0332594
0.0252187
0.0179606
0.0104314
0.0009383
-0.0103789
-0.0214139
-0.0293055
-0.0314772
-0.0273070
-0.0201423
-0.0165590
-0.0216449
-0.0345683
-0.0493423
-0.0598565
-0.0642366
-0.0649356
-0.0655099
-0.0671269
-0.0680125
-0.0658865
-0.0602217
-0.0520100
-0.0419611
-0.0301993
-0.0173916
-0.0050268
0.0058151
0.0153223
0.0239769
0.0310825
0.0348141
0.0341690
0.0311522
0.0311694
0.0396418
0.0562539
0.0734066
0.0823663
0.0804866
0.0718383
0.0621006
0.0542223
0.0476406
0.0393776
0.0264116
0.0087957
-0.0099077
-0.0255089
-0.0347232
-0.0357103
-0.0300914
-0.0235528
-0.0211639
-0.0223742
-0.0233733
-0.0231996
-0.0237902
-0.0248133
-0.0227585
-0.0153052
-0.0041543
0.0067659
0.0145156
0.0180907
0.0182778
0.0172517
0.0169439
0.0175504
0.0191172
0.0229788
0.0293335
0.0356876
0.0398689
0.0428415
0.0462978
0.0491200
0.0490199
0.0463202
0.0434500
0.0414530
0.0392033
0.0359845
0.0334708
0.0343622
0.0395184
0.0468057
0.0526114
0.0550140
0.0556900
0.0586442
0.0664862
0.0780840
0.0906688
0.1031062
0.1155441
0.1272487
0.1367210
0.1438375
0.1497237
0.1533318
0.1499303
0.1352286
0.1109614
0.0850026
0.0656776
0.0557373
0.0509260
0.0446810
0.0344206
0.0232157
0.0153764
0.0116524
0.0094686
0.0063705
0.0013939
-0.0051583
-0.0117138
-0.0164770
-0.0191197
-0.0199695
-0.0184356
-0.0145805
-0.0110856
-0.0118497
-0.0181846
-0.0284320
-0.0419316
-0.0596292
-0.0794838
-0.0950837
-0.1013321
-0.0991799
-0.0932827
-0.0874167
-0.0832983
-0.0806099
-0.0771358
-0.0711606
-0.0637254
-0.0572268
-0.0523684
-0.0482198
-0.0444271
-0.0413455
-0.0382507
-0.0332324
-0.0253108
-0.0156028
-0.0062528
0.0011131
0.0057088
0.0074625
0.0070525
0.0062076
0.0068918
0.0094992
0.0126177
0.0147043
0.0144114
0.0102129
0.0027276
-0.0036430
-0.0050711
-0.0029857
-0.0016966
-0.0041301
-0.0118450
-0.0252770
-0.0417209
-0.0566025
-0.0676001
-0.0755437
-0.0814263
-0.0844653
-0.0836899
-0.0801471
-0.0760793
-0.0727277
-0.0701626
-0.0682552
-0.0666529
-0.0647770
-0.0624055
-0.0600701
-0.0587887
-0.0589015
-0.0592329
-0.0574733
-0.0518121
-0.0422504
-0.0307172
-0.0210263
-0.0174667
-0.0214707
-0.0291998
-0.0335923
-0.0301046
-0.0201384
-0.0082621
0.0020740
0.0094798
0.0143464
0.0192121
0.0271322
0.0383045
0.0490117
0.0545498
0.0521979
0.0421817
0.0283181
0.0168321
0.0122262
0.0146071
0.0207235
0.0269201
0.0314887
0.0343820
0.0351541
0.0326018
0.0267117
0.0194903
0.0131369
0.0079431
0.0024060
-0.0048969
-0.0139282
-0.0235090
-0.0326793
-0.0417549
-0.0514073
-0.0609419
-0.0694792
-0.0786829
-0.0912035
-0.1068121
-0.1230816
-0.1382791
-0.1506889
-0.1571799
-0.1556352
-0.1470649
-0.1341328
-0.1193077
-0.1049095
-0.0922033
-0.0787805
-0.0595522
-0.0329268
-0.0039458
0.0203323
0.0362481
0.0434735
0.0431493
0.0380768
0.0313704
0.0226514
0.0086259
-0.0103569
-0.0278144
-0.0382103
-0.0429847
-0.0466053
-0.0494174
-0.0474821
-0.0381834
-0.0235671
-0.0078984
0.0066693
0.0198575
0.0303144
0.0352447
0.0333481
0.0266837
0.0187107
0.0115349
0.0051441
-0.0016569
-0.0086926
-0.0143286
-0.0200632
-0.0328610
-0.0587684
-0.0940772
-0.1267833
-0.1489217
-0.1635986
-0.1779821
-0.1932601
-0.2039849
-0.2054010
-0.1988725
-0.1886780
-0.1753349
-0.1562507
-0.1339996
-0.1185097
-0.1160206
-0.1197045
-0.1155767
-0.0954128
-0.0624916
-0.0282113
-0.0040583
0.0061106
0.0076715
0.0089221
0.0134462
0.0193949
0.0240408
0.0260000
0.0245849
0.0202905
0.0154018
0.0114382
0.0059576
-0.0064997
-0.0290370
-0.0583877
-0.0875264
-0.1119616
-0.1321980
-0.1503754
-0.1672183
-0.1830699
-0.1982959
-0.2109252
-0.2166055
-0.2126563
-0.2003160
-0.1829515
-0.1635841
-0.1437486
-0.1242243
-0.1058702
-0.0888356
-0.0729933
-0.0595727
-0.0499617
-0.0435809
-0.0389055
-0.0350716
-0.0316147
-0.0282682
-0.0257976
-0.0260851
-0.0305250
-0.0378854
-0.0448051
-0.0495252
-0.0528279
-0.0549272
-0.0550679
-0.0542989
-0.0551376
-0.0570714
-0.0555884
-0.0483591
-0.0398141
-0.0363968
-0.0399288
-0.0474237
-0.0545512
-0.0576772
-0.0551098
-0.0491089
-0.0450772
-0.0463040
-0.0502607
-0.0513031
-0.0465562
-0.0380671
-0.0303625
-0.0263858
-0.0260600
-0.0280347
-0.0314601
-0.0356620
-0.0396784
-0.0431863
-0.0469862
-0.0516272
-0.0565548
-0.0610716
-0.0652682
-0.0701410
-0.0769357
-0.0847701
-0.0897062
-0.0891290
-0.0866028
-0.0891153
-0.0992176
-0.1126061
-0.1235794
-0.1301535
-0.1332306
-0.1338969
-0.1329884
-0.1309001
-0.1269388
-0.1204523
-0.1122012
-0.1030694
-0.0929579
-0.0816965
-0.0694010
-0.0561320
-0.0427466
-0.0314127
-0.0238523
-0.0202495
-0.0202222
-0.0227223
-0.0249657
-0.0236466
-0.0182553
-0.0121649
-0.0098556
-0.0133699
-0.0211921
-0.0304959
-0.0399941
-0.0489846
-0.0550889
-0.0562020
-0.0531819
-0.0478493
-0.0405692
-0.0319534
-0.0242290
-0.0192058
-0.0164220
-0.0143310
-0.0121319
-0.0098109
-0.0066449
-0.0011042
0.0075334
0.0188909
0.0320440
0.0450752
0.0548743
0.0584397
0.0543428
0.0424963
0.0241293
0.0033989
-0.0132488
-0.0218324
-0.0243484
-0.0255199
-0.0271677
-0.0278186
-0.0267824
-0.0253547
-0.0248989
-0.0265572
-0.0312192
-0.0375220
-0.0422433
-0.0447379
-0.0485961
-0.0562498
-0.0639635
-0.0645707
-0.0533783
-0.0319648
-0.0089463
0.0043825
0.0029804
-0.0076994
-0.0177039
-0.0214967
-0.0209934
-0.0215195
-0.0257360
-0.0315425
-0.0348859
-0.0333434
-0.0266681
-0.0159514
-0.0041709
0.0037598
0.0034529
-0.0057264
-0.0192084
-0.0295959
-0.0321472
-0.0279230
-0.0209145
-0.0134721
-0.0054889
0.0034260
0.0128275
0.0215541
0.0274732
0.0289644
0.0278048
0.0283828
0.0325389
0.0372541
0.0387501
0.0366166
0.0337009
0.0336068
0.0384314
0.0473372
0.0562020
0.0593502
0.0532597
0.0395288
0.0245153
0.0156911
0.0156489
0.0190512
0.0183690
0.0124903
0.0068410
0.0058979
0.0088683
0.0122247
0.0131891
0.0106517
0.0056768
0.0017570
0.0022822
0.0073236
0.0138534
0.0192987
0.0230837
0.0249781
0.0255266
0.0275017
0.0334074
0.0414823
0.0474554
0.0497506
0.0498422
0.0486459
0.0460727
0.0429337
0.0402204
0.0371839
0.0322384
0.0249666
0.0163067
0.0075122
-0.0008108
-0.0092223
-0.0189302
-0.0304210
-0.0430785
-0.0560257
-0.0682687
-0.0778809
-0.0819686
-0.0787430
-0.0686593
-0.0530705
-0.0333198
-0.0120624
0.0065118
0.0196855
0.0281830
0.0342446
0.0396979
0.0461903
0.0550575
0.0660894
0.0771282
0.0859158
0.0917644
0.0949720
0.0956632
0.0941520
0.0912218
0.0869941
0.0798193
0.0671153
0.0483998
0.0269319
0.0077085
-0.0057185
-0.0129231
-0.0161152
-0.0186510
-0.0233992
-0.0309268
-0.0386725
-0.0435315
-0.0456733
-0.0484652
-0.0545875
-0.0637700
-0.0736064
-0.0812393
-0.0839744
-0.0795461
-0.0670454
-0.0472907
-0.0235377
-0.0009964
0.0166805
0.0289802
0.0355642
0.0348579
0.0276437
0.0187890
0.0137642
0.0145549
0.0192006
0.0243722
0.0274244
0.0273882
0.0254001
0.0240695
0.0249426
0.0269419
0.0283526
0.0281642
0.0246664
0.0154041
0.0011604
-0.0109885
-0.0114829
0.0034883
0.0289321
0.0556321
0.0754761
0.0833395
0.0777650
0.0619180
0.0427492
0.0274543
0.0193574
0.0165837
0.0149453
0.0121406
0.0091799
0.0082949
0.0096903
0.0106641
0.0082561
0.0024912
-0.0031684
-0.0052395
-0.0041563
-0.0039029
-0.0071624
-0.0118022
-0.0128779
-0.0075440
0.0026875
0.0130013
0.0179220
0.0143704
0.0038030
-0.0087708
-0.0185651
-0.0229798
-0.0207358
-0.0116686
0.0014133
0.0129755
0.0191416
0.0209185
0.0213743
0.0212646
0.0192094
0.0145379
0.0080862
0.0012540
-0.0036328
-0.0034723
0.0033468
0.0147172
0.0251803
0.0290481
0.0239509
0.0128743
0.0022646
-0.0033702
-0.0046070
-0.0046360
-0.0049217
-0.0045281
-0.0028880
-0.0012189
-0.0006418
-0.0005259
-0.0000737
-0.0007376
-0.0047918
-0.0117545
-0.0182469
-0.0219520
-0.0236356
-0.0244747
-0.0238109
-0.0204915
-0.0147393
-0.0080376
-0.0024271
0.0007579
0.0027495
0.0059318
0.0098262
0.0107437
0.0064284
-0.0011824
-0.0083613
-0.0125892
-0.0142409
-0.0168176
-0.0246307
-0.0388428
-0.0552358
-0.0667359
-0.0690776
-0.0638319
-0.0558049
-0.0490369
-0.0450167
-0.0424670
-0.0381818
-0.0291471
-0.0151332
0.0009923
0.0157636
0.0275043
0.0370291
0.0460990
0.0553882
0.0641109
0.0710771
0.0750506
0.0748105
0.0704591
0.0638040
0.0562621
0.0476678
0.0380600
0.0286678
0.0204986
0.0136315
0.0084490
0.0059074
0.0060235
0.0070070
0.0066240
0.0040214
-0.0002378
-0.0060541
-0.0148912
-0.0275348
-0.0411046
-0.0500369
-0.0502838
-0.0418557
-0.0280084
-0.0133092
-0.0021997
0.0028456
0.0024552
-0.0003321
-0.0013650
0.0026640
0.0115416
0.0209170
0.0256417
0.0234310
0.0150784
0.0036448
-0.0051532
-0.0053221
0.0040030
0.0166195
0.0247044
0.0256993
0.0226804
0.0191798
0.0158590
0.0114031
0.0047432
-0.0034924
-0.0108481
-0.0136319
-0.0088930
0.0030115
0.0181926
0.0318555
0.0411785
0.0455926
0.0457244
0.0430120
0.0392367
0.0354135
0.0311805
0.0259557
0.0205310
0.0170682
0.0174685
0.0216578
0.0272588
0.0308525
0.0299069
0.0242392
0.0158976
0.0074824
0.0006978
-0.0038590
-0.0066626
-0.0094950
-0.0146084
-0.0223226
-0.0303141
-0.0362233
-0.0401912
-0.0441374
-0.0494093
-0.0551395
-0.0587962
-0.0585224
-0.0548886
-0.0505139
-0.0477347
-0.0469441
-0.0470054
-0.0459116
-0.0413701
-0.0323752
-0.0207545
-0.0105816
-0.0049750
-0.0031393
-0.0010148
0.0048680
0.0141153
0.0230173
0.0284496
0.0304394
0.0308476
0.0314445
0.0336964
0.0386741
0.0452359
0.0494498
0.0481315
0.0425553
0.0374184
0.0361504
0.0378470
0.0383850
0.0341959
0.0253956
0.0153083
0.0068924
0.0005786
-0.0036246
-0.0044568
-0.0021151
-0.0000251
-0.0010573
-0.0036988
-0.0047559
-0.0044445
-0.0059212
-0.0110907
-0.0184946
-0.0244666
-0.0257381
-0.0223653
-0.0178038
-0.0151358
-0.0141613
-0.0131221
-0.0119954
-0.0120782
-0.0129690
-0.0122515
-0.0079010
-0.0004395
0.0074525
0.0139084
0.0195167
0.0258008
0.0329430
0.0391283
0.0414442
0.0380135
0.0301894
0.0224664
0.0188224
0.0190146
0.0192429
0.0158873
0.0083077
-0.0006529
-0.0066705
-0.0079609
-0.0077262
-0.0109724
-0.0191042
-0.0290507
-0.0365306
-0.0387234
-0.0353336
-0.0292258
-0.0251670
-0.0257836
-0.0291776
-0.0308138
-0.0273942
-0.0194072
-0.0108075
-0.0057248
-0.0052205
-0.0077283
-0.0110385
-0.0130858
-0.0119755
-0.0068215
0.0010850
0.0088673
0.0141056
0.0161993
0.0159895
0.0139854
0.0092299
0.0005242
-0.0112760
-0.0237125
-0.0353227
-0.0462430
-0.0557315
-0.0612647
-0.0606514
-0.0542845
-0.0455090
-0.0385090
-0.0348267
-0.0321851
-0.0276077
-0.0202128
-0.0107639
-0.0008426
0.0072110
0.0117273
0.0141443
0.0179814
0.0244264
0.0311614
0.0356310
0.0364412
0.0315266
0.0185139
-0.0009530
-0.0198728
-0.0308422
-0.0311155
-0.0233526
-0.0140009
-0.0098657
-0.0129545
-0.0184633
-0.0198277
-0.0153322
-0.0079081
-0.0007817
0.0038684
0.0041076
-0.0004988
-0.0073123
-0.0118794
-0.0112548
-0.0070836
-0.0048561
-0.0088734
-0.0181183
-0.0271625
-0.0311827
-0.0292376
-0.0231219
-0.0156285
-0.0100367
-0.0085963
-0.0105464
-0.0129046
-0.0136938
-0.0134146
-0.0136395
-0.0158316
-0.0208313
-0.0278323
-0.0341740
-0.0375897
-0.0379597
-0.0367982
-0.0356705
-0.0353233
-0.0358642
-0.0367232
-0.0363457
-0.0325236
-0.0240876
-0.0122807
0.0003782
0.0118342
0.0204489
0.0248826
0.0254099
0.0237455
0.0202332
0.0130227
0.0011824
-0.0130459
-0.0262424
-0.0368871
-0.0456535
-0.0534738
-0.0603046
-0.0648577
-0.0657195
-0.0627129
-0.0567472
-0.0491275
-0.0413894
-0.0349466
-0.0298819
-0.0246050
-0.0172610
-0.0074448
0.0035266
0.0139561
0.0223754
0.0269604
0.0264632
0.0219241
0.0158220
0.0095328
0.0030269
-0.0031790
-0.0081295
-0.0123571
-0.0171504
-0.0218858
-0.0240723
-0.0217740
-0.0155693
-0.0086491
-0.0047745
-0.0056034
-0.0096618
-0.0138074
-0.0155707
-0.0141225
-0.0102495
-0.0056454
-0.0019679
0.0000773
0.0011453
0.0027876
0.0061507
0.0105973
0.0139632
0.0146608
0.0131746
0.0113982
0.0105660
0.0101852
0.0087903
0.0053091
-0.0000132
-0.0059421
-0.0108922
-0.0135478
-0.0137797
-0.0132765
-0.0145773
-0.0187081
-0.0237083
-0.0263753
-0.0252809
-0.0211344
-0.0153179
-0.0087893
-0.0018792
0.0049017
0.0104280
0.0139473
0.0164617
0.0199667
0.0253226
0.0311996
0.0353966
0.0369280
0.0363776
0.0348079
0.0330723
0.0319715
0.0314159
0.0295420
0.0243915
0.0164807
0.0087467
0.0038148
0.0017164
0.0002030
-0.0028863
-0.0076194
-0.0123259
-0.0155898
-0.0169597
-0.0162856
-0.0140576
-0.0118604
-0.0106299
-0.0091091
-0.0054721
0.0001433
0.0059579
0.0108135
0.0145227
0.0167879
0.0177156
0.0182466
0.0195477
0.0222576
0.0263561
0.0309931
0.0345890
0.0356246
0.0338036
0.0304901
0.0279621
0.0278714
0.0299540
0.0318842
0.0308353
0.0259636
0.0193751
0.0146743
0.0142130
0.0174718
0.0220880
0.0256389
0.0263555
0.0238176
0.0194244
0.0154749
0.0135557
0.0135898
0.0141565
0.0133936
0.0108309
0.0087334
0.0098433
0.0142928
0.0197890
0.0237557
0.0248254
0.0236968
0.0227020
0.0237604
0.0264007
0.0286162
0.0294219
0.0292128
0.0283385
0.0268666
0.0253202
0.0245683
0.0249436
0.0258817
0.0263951
0.0256989
0.0239840
0.0227351
0.0234769
0.0258107
0.0274917
0.0268178
0.0242831
0.0213007
0.0186089
0.0163133
0.0144053
0.0123991
0.0094764
0.0057406
0.0022789
0.0000782
-0.0010542
-0.0021285
-0.0035016
-0.0039742
-0.0019503
0.0027172
0.0089278
0.0155405
0.0214244
0.0256401
0.0283758
0.0307190
0.0331805
0.0353106
0.0365625
0.0363798
0.0340631
0.0295258
0.0238129
0.0185411
0.0148008
0.0127337
0.0114692
0.0091972
0.0045310
-0.0016296
-0.0065587
-0.0081695
-0.0063256
-0.0023821
0.0018173
0.0047214
0.0055526
0.0050557
0.0053827
0.0081252
0.0124945
0.0158434
0.0165833
0.0159550
0.0165361
0.0189393
0.0208040
0.0196202
0.0151211
0.0090859
0.0039244
0.0012439
0.0007449
0.0000336
-0.0033213
-0.0097165
-0.0177765
-0.0255664
-0.0314282
-0.0349689
-0.0370585
-0.0383270
-0.0385418
-0.0374866
-0.0351197
-0.0313977
-0.0268409
-0.0222088
-0.0168350
-0.0083365
0.0045312
0.0198123
0.0338702
0.0438789
0.0493976
0.0524399
0.0556451
0.0597146
0.0630212
0.0637645
0.0618814
0.0582826
0.0533865
0.0476356
0.0418937
0.0364443
0.0306360
0.0238122
0.0162318
0.0094043
0.0049583
0.0031794
0.0030678
0.0034880
0.0038408
0.0040191
0.0043201
0.0051607
0.0064155
0.0070038
0.0060984
0.0042611
0.0028674
0.0029331
0.0043028
0.0057241
0.0058014
0.0043759
0.0031368
0.0039777
0.0066573
0.0087426
0.0075847
0.0027990
-0.0031612
-0.0073661
-0.0088508
-0.0088417
-0.0093513
-0.0116526
-0.0153062
-0.0183862
-0.0189096
-0.0161795
-0.0109046
-0.0049260
-0.0007566
0.0003335
-0.0001709
0.0010713
0.0065165
0.0157043
0.0252142
0.0310815
0.0317883
0.0288861
0.0249216
0.0209613
0.0165113
0.0111265
0.0055361
0.0007016
-0.0034330
-0.0072787
-0.0108399
-0.0140899
-0.0170465
-0.0194316
-0.0205118
-0.0195731
-0.0168792
-0.0138447
-0.0119559
-0.0107880
-0.0080256
-0.0021119
0.0062804
0.0152089
0.0227228
0.0276329
0.0300174
0.0310390
0.0318612
0.0333317
0.0358872
0.0388465
0.0404334
0.0391448
0.0355305
0.0325326
0.0329662
0.0363954
0.0389945
0.0369400
0.0295333
0.0187760
0.0068376
-0.0055216
-0.0190376
-0.0342134
-0.0493118
-0.0607701
-0.0665420
-0.0678633
-0.0666674
-0.0634786
-0.0588098
-0.0540050
-0.0492418
-0.0426716
-0.0329950
-0.0208966
-0.0078172
0.0049572
0.0162172
0.0257313
0.0349788
0.0455863
0.0565384
0.0645724
0.0672990
0.0647104
0.0582034
0.0494639
0.0399119
0.0301059
0.0198390
0.0088111
-0.0026734
-0.0138307
-0.0238513
-0.0320065
-0.0376094
-0.0401060
-0.0398450
-0.0380414
-0.0357204
-0.0332729
-0.0310713
-0.0295423
-0.0278797
-0.0245224
-0.0191708
-0.0127442
-0.0056712
0.0020181
0.0097253
0.0163366
0.0210239
0.0238298
0.0256463
0.0276797
0.0303587
0.0327277
0.0330771
0.0301752
0.0243467
0.0175615
0.0125117
0.0108026
0.0112228
0.0101656
0.0044061
-0.0056405
-0.0156599
-0.0210567
-0.0207196
-0.0169695
-0.0128998
-0.0105182
-0.0101076
-0.0101831
-0.0086541
-0.0043736
0.0021989
0.0095628
0.0161385
0.0205496
0.0219472
0.0203215
0.0169623
0.0140472
0.0126116
0.0111953
0.0071794
-0.0001872
-0.0088691
-0.0163263
-0.0214213
-0.0238519
-0.0230846
-0.0192516
-0.0143511
-0.0111091
-0.0104048
-0.0103755
-0.0084153
-0.0034651
0.0033984
0.0101353
0.0153897
0.0189744
0.0213483
0.0229869
0.0245409
0.0267682
0.0293461
0.0306385
0.0288692
0.0235892
0.0162992
0.0095780
0.0055212
0.0043933
0.0044261
0.0031898
-0.0005431
-0.0065287
-0.0133949
-0.0191650
-0.0224119
-0.0231886
-0.0225163
-0.0215286
-0.0212596
-0.0220455
-0.0227494
-0.0212229
-0.0165843
-0.0100494
-0.0032746
0.0028402
0.0078900
0.0115363
0.0138491
0.0154719
0.0170146
0.0186288
0.0204223
0.0223802
0.0236493
0.0234395
0.0220715
0.0207291
0.0200150
0.0192789
0.0175823
0.0144076
0.0094942
0.0028316
-0.0050890
-0.0134692
-0.0213132
-0.0272672
-0.0299121
-0.0289548
-0.0259797
-0.0230733
-0.0208963
-0.0188691
-0.0166884
-0.0143740
-0.0114429
-0.0073668
-0.0023060
0.0031910
0.0088869
0.0148397
0.0209508
0.0266483
0.0305716
0.0313701
0.0295107
0.0273482
0.0265178
0.0260184
0.0239853
0.0204359
0.0169968
0.0144487
0.0118105
0.0077808
0.0026269
-0.0016755
-0.0036118
-0.0033710
-0.0020520
-0.0011073
-0.0019587
-0.0048094
-0.0082708
-0.0108024
-0.0120947
-0.0129122
-0.0139595
-0.0154577
-0.0172805
-0.0187119
-0.0183723
-0.0154653
-0.0111613
-0.0079460
-0.0074315
-0.0088069
-0.0095807
-0.0077941
-0.0033719
0.0022160
0.0065865
0.0079704
0.0072327
0.0071082
0.0090151
0.0116633
0.0129569
0.0119323
0.0088644
0.0045765
-0.0002299
-0.0050488
-0.0093559
-0.0124931
-0.0139070
-0.0135949
-0.0122197
-0.0107784
-0.0098639
-0.0097070
-0.0105879
-0.0124229
-0.0138215
-0.0130271
-0.0100142
-0.0065746
-0.0040920
-0.0021942
0.0001365
0.0031913
0.0067032
0.0100852
0.0120240
0.0113328
0.0086857
0.0064377
0.0062462
0.0080894
0.0111180
0.0142535
0.0165727
0.0177586
0.0182716
0.0188081
0.0197036
0.0209077
0.0220296
0.0223901
0.0215377
0.0197761
0.0178676
0.0159567
0.0135042
0.0103127
0.0069438
0.0041166
0.0018607
-0.0006349
-0.0040190
-0.0079342
-0.0114199
-0.0140577
-0.0160365
-0.0172901
-0.0174781
-0.0165483
-0.0146345
-0.0115869
-0.0075883
-0.0041611
-0.0029727
-0.0036840
-0.0040083
-0.0018104
0.0032302
0.0094934
0.0143758
0.0159300
0.0140801
0.0107048
0.0084483
0.0090615
0.0120705
0.0152810
0.0165314
0.0150529
0.0118035
0.0082535
0.0054651
0.0039345
0.0032770
0.0022115
-0.0008293
-0.0060044
-0.0112871
-0.0140304
-0.0131827
-0.0098712
-0.0062649
-0.0039210
-0.0031084
-0.0032093
-0.0036364
-0.0038847
-0.0031481
-0.0005691
0.0042149
0.0104145
0.0161973
0.0199286
0.0211639
0.0204992
0.0189572
0.0173134
0.0157355
0.0138752
0.0112702
0.0079719
0.0049831
0.0035621
0.0034905
0.0029316
0.0004282
-0.0036292
-0.0075758
-0.0101172
-0.0109394
-0.0102654
-0.0088932
-0.0080636
-0.0086258
-0.0101499
-0.0111860
-0.0102370
-0.0068395
-0.0022149
0.0012796
0.0019012
0.0000533
-0.0018833
-0.0013322
0.0028596
0.0099433
0.0177595
0.0238187
0.0264162
0.0256320
0.0236377
0.0231292
0.0249158
0.0274114
0.0284028
0.0270818
0.0250278
0.0250326
0.0283071
0.0332021
0.0368186
0.0376534
0.0363407
0.0342914
0.0322745
0.0303453
0.0285782
0.0271806
0.0262627
0.0256496
0.0244534
0.0213974
0.0161648
0.0098038
0.0037208
-0.0015020
-0.0062819
-0.0112512
-0.0164041
-0.0211824
-0.0250686
-0.0279654
-0.0301966
-0.0321125
-0.0336108
-0.0341706
-0.0336899
-0.0326045
-0.0307983
-0.0274297
-0.0221352
-0.0156509
-0.0093008
-0.0039973
0.0001092
0.0033029
0.0061062
0.0090088
0.0117666
0.0132752
0.0129486
0.0118614
0.0119512
0.0137886
0.0159912
0.0167545
0.0153234
0.0124152
0.0095726
0.0080058
0.0077192
0.0076662
0.0066065
0.0041658
0.0011949
-0.0009803
-0.0017444
-0.0015731
-0.0010611
-0.0002724
0.0007377
0.0013704
0.0010674
0.0001456
-0.0004278
0.0001162
0.0021877
0.0055876
0.0091755
0.0116043
0.0126930
0.0133789
0.0145062
0.0161136
0.0174481
0.0171024
0.0141610
0.0096868
0.0061040
0.0048867
0.0059505
0.0087032
0.0126245
0.0173534
0.0225137
0.0274601
0.0312731
0.0330734
0.0326427
0.0307701
0.0286044
0.0270562
0.0265514
0.0268599
0.0271055
0.0262081
0.0236707
0.0203692
0.0178458
0.0165305
0.0152161
0.0123932
0.0080573
0.0036323
0.0005287
-0.0004509
0.0009044
0.0040319
0.0075359
0.0100140
0.0108647
0.0105186
0.0100631
0.0101735
0.0105137
0.0100661
0.0082796
0.0055489
0.0027041
0.0008109
0.0008070
0.0025763
0.0045557
0.0049180
0.0035084
0.0020005
0.0021604
0.0042597
0.0068761
0.0082935
0.0080639
0.0070576
0.0063714
0.0064949
0.0071629
0.0077343
0.0075931
0.0065664
0.0055266
0.0058327
0.0080708
0.0115615
0.0152411
0.0186138
0.0218874
0.0252447
0.0282649
0.0305719
0.0324936
0.0347387
0.0373619
0.0395531
0.0403625
0.0393121
0.0366222
0.0332801
0.0304918
0.0285432
0.0261903
0.0217253
0.0148861
0.0072373
0.0011962
-0.0012309
0.0003801
0.0044827
0.0088649
0.0121899
0.0142077
0.0154718
0.0169603
0.0193103
0.0222399
0.0246823
0.0258376
0.0253713
0.0230651
0.0189454
0.0134460
0.0071819
0.0012893
-0.0027538
-0.0044083
-0.0047457
-0.0051940
-0.0058214
-0.0058631
-0.0053071
-0.0049461
-0.0054181
-0.0066701
-0.0082368
-0.0096924
-0.0105851
-0.0104809
-0.0090818
-0.0065731
-0.0037505
-0.0016063
-0.0004581
0.0001776
0.0008925
0.0020042
0.0038753
0.0069302
0.0108721
0.0144380
0.0164783
0.0169156
0.0166726
0.0167494
0.0173371
0.0178257
0.0172698
0.0150927
0.0118200
0.0086245
0.0062614
0.0044740
0.0024340
-0.0002656
-0.0032494
-0.0058529
-0.0077041
-0.0091673
-0.0110584
-0.0137242
-0.0164226
-0.0176622
-0.0162201
-0.0121178
-0.0067738
-0.0021551
0.0006391
0.0022119
0.0039597
0.0067137
0.0103257
0.0144756
0.0190052
0.0234638
0.0270586
0.0290079
0.0289442
0.0271008
0.0244136
0.0221114
0.0208694
0.0201869
0.0189437
0.0164399
0.0125578
0.0076428
0.0024207
-0.0022538
-0.0058453
-0.0082010
-0.0094589
-0.0101268
-0.0108409
-0.0117507
-0.0123808
-0.0124766
-0.0121263
-0.0109559
-0.0085525
-0.0057299
-0.0041948
-0.0046385
-0.0062236
-0.0074712
-0.0071584
-0.0048800
-0.0012306
0.0022765
0.0039556
0.0032656
0.0010771
-0.0010160
-0.0014262
0.0004534
0.0036039
0.0063157
0.0076203
0.0076733
0.0070859
0.0063780
0.0058092
0.0051195
0.0040118
0.0028375
0.0023901
0.0029269
0.0038052
0.0042565
0.0044268
0.0053643
0.0077674
0.0113263
0.0146871
0.0160308
0.0143912
0.0109011
0.0081492
0.0078256
0.0093530
0.0109455
0.0113832
0.0103037
0.0078692
0.0047759
0.0019567
-0.0002647
-0.0022866
-0.0042492
-0.0057043
-0.0063600
-0.0064793
-0.0065155
-0.0065097
-0.0065053
-0.0069870
-0.0086588
-0.0117268
-0.0155106
-0.0186583
-0.0198110
-0.0185750
-0.0160662
-0.0140497
-0.0130732
-0.0122557
-0.0108826
-0.0094098
-0.0088165
-0.0092291
-0.0097987
-0.0092662
-0.0066779
-0.0019533
0.0040080
0.0098229
0.0142216
0.0164005
0.0164612
0.0155395
0.0147889
0.0140260
0.0123649
0.0096088
0.0064151
0.0035521
0.0018556
0.0021735
0.0043106
0.0062248
0.0053950
0.0009669
-0.0057192
-0.0121427
-0.0161761
-0.0171829
-0.0162013
-0.0150416
-0.0149345
-0.0158921
-0.0170514
-0.0171341
-0.0151161
-0.0111139
-0.0063977
-0.0027655
-0.0013251
-0.0018019
-0.0027290
-0.0020077
0.0018215
0.0081673
0.0143619
0.0171644
0.0150316
0.0092591
0.0027744
-0.0020085
-0.0043170
-0.0047470
-0.0043864
-0.0041757
-0.0049576
-0.0072119
-0.0103417
-0.0128720
-0.0137984
-0.0132234
-0.0118869
-0.0105941
-0.0099979
-0.0100456
-0.0099200
-0.0085167
-0.0053873
-0.0012041
0.0028076
0.0053336
0.0052080
0.0022287
-0.0024557
-0.0071071
-0.0102691
-0.0110088
-0.0093427
-0.0065444
-0.0043997
-0.0039393
-0.0048499
-0.0060265
-0.0066422
-0.0067764
-0.0069731
-0.0074788
-0.0081850
-0.0089595
-0.0098257
-0.0109837
-0.0125623
-0.0142398
-0.0154663
-0.0159937
-0.0158761
-0.0150115
-0.0132268
-0.0107240
-0.0077922
-0.0046293
-0.0016483
0.0005694
0.0017994
0.0026660
0.0039114
0.0056386
0.0073004
0.0079512
0.0069330
0.0043661
0.0012088
-0.0011704
-0.0015109
0.0005386
0.0039886
0.0071462
0.0084672
0.0073273
0.0043776
0.0010832
-0.0012530
-0.0024298
-0.0032418
-0.0045045
-0.0065529
-0.0089296
-0.0104421
-0.0104374
-0.0095456
-0.0091260
-0.0102466
-0.0131821
-0.0173504
-0.0214481
-0.0238653
-0.0234496
-0.0201273
-0.0152014
-0.0105289
-0.0071937
-0.0052952
-0.0045635
-0.0045341
-0.0044141
-0.0032091
-0.0004339
0.0028909
0.0049347
0.0048035
0.0036953
0.0038899
0.0066301
0.0108211
0.0136696
0.0129372
0.0086312
0.0026038
-0.0027583
-0.0060900
-0.0076334
-0.0087258
-0.0107651
-0.0142246
-0.0181551
-0.0207943
-0.0210090
-0.0191059
-0.0161808
-0.0130729
-0.0098613
-0.0062597
-0.0021158
0.0023801
0.0066468
0.0096650
0.0108639
0.0107758
0.0105363
0.0112104
0.0130262
0.0148649
0.0150375
0.0129637
0.0095320
0.0060267
0.0030858
0.0007125
-0.0013096
-0.0035561
-0.0057692
-0.0073976
-0.0081670
-0.0085432
-0.0089466
-0.0092909
-0.0094670
-0.0093970
-0.0087292
-0.0073600
-0.0058913
-0.0049508
-0.0046085
-0.0045094
-0.0042279
-0.0035480
-0.0028100
-0.0027374
-0.0035723
-0.0046292
-0.0050678
-0.0047096
-0.0037071
-0.0020971
-0.0000115
0.0018913
0.0026919
0.0020420
0.0004167
-0.0012926
-0.0021678
-0.0013510
0.0013090
0.0043918
0.0057481
0.0043548
0.0008638
-0.0031082
-0.0060214
-0.0074634
-0.0083083
-0.0098552
-0.0128181
-0.0169842
-0.0214955
-0.0253745
-0.0279303
-0.0289941
-0.0289975
-0.0284214
-0.0273060
-0.0253235
-0.0222578
-0.0186058
-0.0153817
-0.0131714
-0.0117009
-0.0101223
-0.0078201
-0.0050204
-0.0024834
-0.0005909
0.0009581
0.0023901
0.0038151
0.0056111
0.0079315
0.0102399
0.0113907
0.0106959
0.0086412
0.0067127
0.0065429
0.0085751
0.0114113
0.0129023
0.0119478
0.0093991
0.0071587
0.0062310
0.0060199
0.0051278
0.0027040
-0.0008385
-0.0043285
-0.0067178
-0.0077524
-0.0078943
-0.0078976
-0.0084253
-0.0096167
-0.0110365
-0.0119504
-0.0118574
-0.0109306
-0.0095632
-0.0080812
-0.0070144
-0.0070199
-0.0080717
-0.0089465
-0.0081730
-0.0057114
-0.0031517
-0.0024992
-0.0044544
-0.0076703
-0.0097883
-0.0092640
-0.0062173
-0.0020553
0.0012242
0.0020600
0.0004450
-0.0020066
-0.0034955
-0.0036458
-0.0032816
-0.0034469
-0.0046820
-0.0067727
-0.0089693
-0.0103411
-0.0104184
-0.0093670
-0.0078486
-0.0065472
-0.0056742
-0.0051816
-0.0050867
-0.0054112
-0.0059951
-0.0063228
-0.0057605
-0.0040554
-0.0014794
0.0013319
0.0034503
0.0037668
0.0017686
-0.0017327
-0.0050542
-0.0068631
-0.0070789
-0.0065319
-0.0059702
-0.0057582
-0.0060543
-0.0068209
-0.0077286
-0.0082063
-0.0074575
-0.0051814
-0.0023648
-0.0007894
-0.0014857
-0.0039659
-0.0067552
-0.0085115
-0.0086971
-0.0077078
-0.0067362
-0.0070093
-0.0088722
-0.0115689
-0.0140095
-0.0155615
-0.0157177
-0.0143359
-0.0123473
-0.0111561
-0.0112520
-0.0117085
-0.0111470
-0.0088721
-0.0053408
-0.0019704
-0.0001325
-0.0001774
-0.0012043
-0.0019883
-0.0020420
-0.0017309
-0.0015951
-0.0018276
-0.0022915
-0.0027997
-0.0035031
-0.0046104
-0.0060347
-0.0073111
-0.0078875
-0.0078035
-0.0078197
-0.0086391
-0.0102393
-0.0120835
-0.0136129
-0.0146516
-0.0154312
-0.0163360
-0.0176099
-0.0192244
-0.0209542
-0.0224773
-0.0234759
-0.0238210
-0.0235840
-0.0229108
-0.0218816
-0.0206339
-0.0193637
-0.0181313
-0.0169069
-0.0155114
-0.0137380
-0.0116313
-0.0094831
-0.0075467
-0.0058263
-0.0042910
-0.0032336
-0.0029501
-0.0032171
-0.0033564
-0.0027735
-0.0013588
0.0006443
0.0027587
0.0043320
0.0049113
0.0045520
0.0034711
0.0016722
-0.0009280
-0.0043302
-0.0083090
-0.0123255
-0.0156275
-0.0176920
-0.0185065
-0.0186837
-0.0190569
-0.0200979
-0.0216516
-0.0230597
-0.0237419
-0.0237613
-0.0236344
-0.0236762
-0.0236455
-0.0228437
-0.0208307
-0.0179326
-0.0150685
-0.0131194
-0.0122290
-0.0118070
-0.0112491
-0.0104302
-0.0094882
-0.0084242
-0.0071180
-0.0055716
-0.0039440
-0.0024361
-0.0011798
-0.0000727
0.0011145
0.0022029
0.0025961
0.0019164
0.0004119
-0.0013225
-0.0026851
-0.0033219
-0.0032485
-0.0027394
-0.0020533
-0.0013798
-0.0009907
-0.0012396
-0.0022433
-0.0036963
-0.0050157
-0.0056262
-0.0052751
-0.0043741
-0.0037470
-0.0038726
-0.0045015
-0.0049423
-0.0045999
-0.0035381
-0.0026711
-0.0031295
-0.0051260
-0.0077360
-0.0097413
-0.0104897
-0.0101081
-0.0091674
-0.0082653
-0.0078386
-0.0080199
-0.0086093
-0.0091830
-0.0094506
-0.0094940
-0.0095833
-0.0098509
-0.0100714
-0.0097252
-0.0084187
-0.0062161
-0.0035487
-0.0009966
0.0009273
0.0019177
0.0019504
0.0013791
0.0008067
0.0006708
0.0009656
0.0012917
0.0012622
0.0009113
0.0005143
0.0000749
-0.0006006
-0.0015237
-0.0024796
-0.0032965
-0.0039868
-0.0046168
-0.0051918
-0.0055781
-0.0055339
-0.0049518
-0.0041001
-0.0033901
-0.0030859
-0.0032289
-0.0035761
-0.0037716
-0.0036293
-0.0033524
-0.0033592
-0.0037616
-0.0042511
-0.0044321
-0.0041328
-0.0034173
-0.0024844
-0.0016067
-0.0009592
-0.0005293
-0.0001675
0.0002198
0.0005381
0.0006432
0.0004878
0.0001525
-0.0002226
-0.0004914
-0.0005629
-0.0004949
-0.0004309
-0.0005098
-0.0008227
-0.0013528
-0.0019757
-0.0025166
-0.0027740
-0.0026175
-0.0021326
-0.0015748
-0.0011128
-0.0007049
-0.0002699
0.0000930
0.0001793
-0.0000842
-0.0006274
-0.0012666
-0.0017980
-0.0020981
-0.0021568
-0.0020637
-0.0019814
-0.0020415
-0.0022375
-0.0023916
-0.0022825
-0.0018539
-0.0012750
-0.0007938
-0.0004996
-0.0002565
0.0001593
0.0008264
0.0015769
0.0021382
0.0023743
0.0023465
0.0022240
0.0021300
0.0020986
0.0021169
0.0021211
0.0020208
0.0018180
0.0015811
0.0013226
0.0009723
0.0004987
-0.0000121
-0.0004393
-0.0007384
-0.0009414
-0.0011360
-0.0013581
-0.0014953
-0.0014199
-0.0011463
-0.0008245
-0.0005793
-0.0004387
-0.0003556
-0.0002475
-0.0000490
0.0002514
0.0006148
0.0010159
0.0014677
0.0019552
0.0024081
0.0027546
0.0029699
0.0030713
0.0030961
0.0030668
0.0029700
0.0027852
0.0025461
0.0023481
0.0022556
0.0022433
0.0022334
0.0021573
0.0020046
0.0018319
0.0017099
0.0016641
0.0016722
0.0017117
0.0017869
0.0019033
0.0020483
0.0022131
0.0024093
0.0026539
0.0029420
0.0032405
0.0035021
0.0036894
0.0038027
0.0038764
0.0039349
0.0039737
0.0039949
0.0040254
0.0040842
0.0041497
0.0041743
0.0041339
0.0040494
0.0039592
0.0038875
0.0038380
0.0038038
0.0037832
0.0037791
0.0037830
0.0037823
0.0037799
0.0037942
0.0038364
0.0039011
0.0039752
0.0040449
0.0040989
0.0041365
0.0041666
0.0041962
0.0042298
0.0042741
0.0043372
0.0044212
0.0045137
0.0045951
0.0046536
0.0046933
0.0047280
0.0047648
0.0048003
0.0048334
0.0048666
0.0049017
0.0049379
0.0049740
0.0050114
0.0050526
0.0050968
0.0051398
0.0051760
0.0052011
0.0052159
0.0052246
0.0052301
0.0052344
0.0052401
0.0052513
0.0052695
0.0052913
0.0053111
0.0053259
0.0053365
0.0053466
0.0053603
0.0053790
0.0054007
0.0054229
0.0054443
0.0054651
0.0054859
0.0055078
0.0055321
0.0055594
0.0055893
0.0056205
0.0056510
0.0056791
0.0057050
0.0057299
0.0057544
0.0057780
0.0058005
0.0058222
0.0058431
0.0058627
0.0058810
0.0058982
0.0059149
0.0059308
0.0059457
0.0059595
0.0059727
0.0059859
0.0059993
0.0060129
0.0060265
0.0060401
0.0060535
0.0060664
0.0060789
0.0060911
0.0061031
0.0061150
0.0061265
0.0061378
0.0061485
0.0061588
0.0061686
0.0061780
0.0061870
0.0061955
0.0062036
0.0062113
0.0062185
0.0062254
0.0062319
0.0062381
0.0062438
0.0062492
0.0062541
0.0062587
0.0062629
0.0062667
0.0062701
0.0062731
0.0062757
0.0062779
0.0062797
0.0062811
0.0062821
0.0062827
0.0062828
