0.0010169
0.0031371
0.0033485
0.0009202
-0.0007741
-0.0030476
-0.0024633
-0.0000587
0.0002721
0.0001210
-0.0024135
-0.0038322
-0.0025744
-0.0013210
0.0002641
-0.0029882
-0.0064071
-0.0038389
-0.0005221
0.0000150
0.0006906
-0.0003170
-0.0027292
-0.0036174
-0.0027341
0.0000698
0.0027145
0.0032176
0.0010530
-0.0000107
0.0008594
-0.0029767
-0.0065430
-0.0005217
0.0006137
0.0002206
-0.0000369
0.0015598
0.0035278
-0.0035524
-0.0033824
0.0039123
0.0029090
-0.0003406
0.0013415
0.0044105
0.0019127
-0.0037600
-0.0022430
0.0032196
0.0027203
0.0005378
0.0042346
0.0013830
-0.0037547
-0.0011132
-0.0000974
0.0003686
0.0032696
-0.0007849
0.0008794
0.0023315
-0.0037216
-0.0019482
-0.0003517
-0.0000420
-0.0004014
0.0052306
0.0087048
0.0001800
0.0031530
0.0047141
-0.0046907
-0.0052978
-0.0030617
0.0035445
0.0036950
-0.0002785
0.0067728
0.0060979
-0.0005935
0.0013581
0.0019831
0.0000480
-0.0006741
0.0021927
0.0016829
-0.0003024
-0.0015374
-0.0044144
-0.0040827
-0.0056258
0.0104854
0.0187983
0.0019354
-0.0071644
-0.0023064
0.0042495
-0.0016446
-0.0060088
0.0088466
0.0061273
-0.0136068
-0.0081814
0.0117796
0.0028684
-0.0091277
0.0071234
0.0159654
0.0044600
-0.0049347
0.0095242
0.0100149
-0.0025428
-0.0028937
-0.0005473
0.0018373
-0.0024503
-0.0036178
0.0058268
0.0041642
-0.0075623
-0.0090069
-0.0030377
0.0076184
0.0064495
-0.0045151
-0.0149092
-0.0146588
-0.0077493
0.0033917
-0.0032071
-0.0066592
0.0070714
0.0031551
-0.0062796
-0.0052112
0.0072061
-0.0006131
-0.0057912
-0.0009511
0.0020465
-0.0093367
-0.0247819
-0.0099238
0.0028163
-0.0066302
-0.0082592
0.0031279
0.0071587
0.0072188
0.0136580
0.0023617
-0.0159798
-0.0119476
0.0031316
0.0167737
0.0183032
0.0087844
-0.0096780
-0.0105495
0.0015347
0.0166684
0.0152839
-0.0045360
-0.0176261
-0.0074521
0.0081236
-0.0002647
-0.0145487
-0.0156664
-0.0087792
0.0015037
0.0228291
0.0060174
-0.0212899
-0.0151663
0.0048325
0.0151744
-0.0006336
-0.0062393
-0.0014496
0.0025191
0.0053618
0.0025594
0.0077455
-0.0105122
-0.0186590
-0.0038202
0.0031714
-0.0015220
-0.0052132
0.0103595
0.0027095
-0.0055552
-0.0062176
0.0047167
0.0161596
0.0134396
0.0193818
0.0095120
-0.0087532
-0.0169899
-0.0093837
0.0153079
0.0115946
0.0023482
0.0039998
-0.0039127
-0.0064779
0.0097256
0.0160376
-0.0041657
-0.0107473
-0.0061244
-0.0107236
-0.0268929
-0.0251116
0.0000693
0.0122799
0.0036996
0.0079836
0.0156265
0.0135594
0.0080699
0.0083242
0.0110532
-0.0094053
-0.0181699
-0.0079844
-0.0014219
0.0087311
0.0099419
-0.0058826
-0.0222436
-0.0070499
0.0235548
0.0083670
-0.0109168
-0.0101821
0.0018442
-0.0024029
-0.0105499
0.0043150
0.0072812
0.0068884
-0.0052647
0.0037857
0.0129702
-0.0092261
-0.0122793
-0.0059512
-0.0159392
-0.0063552
0.0234594
0.0176823
-0.0022397
-0.0054271
-0.0050550
0.0101651
0.0194409
0.0072082
-0.0156249
-0.0215611
-0.0044707
0.0061508
0.0068397
0.0018585
0.0051783
0.0091864
0.0076807
0.0034453
0.0081638
0.0082115
-0.0004972
-0.0015328
-0.0035500
0.0016917
-0.0019115
-0.0041115
0.0003137
0.0075378
-0.0048026
-0.0196722
0.0025635
0.0379346
0.0359616
-0.0025568
-0.0093274
-0.0200864
-0.0242880
0.0098274
0.0075817
-0.0117348
-0.0143284
-0.0073475
0.0073477
0.0129755
-0.0069968
-0.0168877
-0.0096047
-0.0073404
0.0059782
0.0152657
-0.0056234
-0.0158282
0.0015052
0.0145850
0.0054384
-0.0025143
0.0000698
-0.0049514
0.0142068
0.0261385
0.0261138
0.0020970
-0.0133830
-0.0107547
-0.0159100
-0.0046225
-0.0019632
0.0107894
0.0021527
-0.0221943
-0.0198254
-0.0001220
0.0084683
0.0071392
-0.0007444
0.0023305
-0.0030651
-0.0129664
-0.0014549
-0.0036551
-0.0127090
-0.0192572
-0.0059107
0.0108921
0.0108880
-0.0084213
-0.0046183
0.0111144
0.0021534
-0.0138691
-0.0153988
-0.0137772
0.0062475
0.0234129
0.0079165
-0.0055576
0.0113984
0.0314334
0.0099855
-0.0014959
0.0145374
0.0252278
0.0013598
-0.0282521
-0.0151283
0.0101789
0.0085534
0.0072581
0.0076474
0.0022841
-0.0168454
-0.0029655
0.0367047
0.0382098
-0.0011637
-0.0258675
-0.0030440
0.0202881
0.0164944
0.0074169
0.0092535
-0.0083328
0.0002852
0.0214713
0.0079071
-0.0079931
0.0124206
0.0135026
0.0014949
-0.0035088
-0.0129711
0.0010341
0.0013246
0.0067649
-0.0028109
-0.0207628
0.0037866
0.0185301
-0.0123361
-0.0009133
0.0105347
-0.0107586
-0.0079065
0.0016356
0.0169983
-0.0233895
-0.0413503
-0.0091204
0.0248104
0.0310097
0.0206084
0.0142060
-0.0147589
-0.0106261
0.0261964
0.0520457
0.0138483
-0.0272719
-0.0050956
0.0091350
0.0042712
0.0024053
0.0007797
0.0037040
-0.0066118
0.0062614
-0.0157852
-0.0205090
0.0067244
0.0093391
0.0265293
0.0120910
-0.0045876
-0.0222345
-0.0176507
-0.0039920
-0.0059670
-0.0053553
-0.0174634
-0.0189711
-0.0065225
0.0116521
0.0175537
-0.0032652
0.0065142
0.0288968
0.0253463
0.0232032
0.0155478
0.0238606
0.0072836
-0.0034346
0.0288409
0.0193136
-0.0045768
-0.0152449
0.0059689
0.0004034
-0.0055364
0.0121460
0.0050241
-0.0149753
-0.0265793
-0.0157580
0.0137863
0.0377681
0.0090388
-0.0266192
-0.0289201
0.0046288
0.0139394
0.0078860
-0.0019184
-0.0039332
-0.0054293
-0.0026157
-0.0042724
0.0112772
0.0175648
0.0130576
-0.0037184
-0.0059131
0.0084839
-0.0003464
-0.0203340
-0.0316802
0.0075270
0.0309207
0.0241496
-0.0150401
-0.0360993
-0.0428278
-0.0435338
-0.0254181
-0.0055678
0.0008466
0.0039962
0.0110531
0.0071074
0.0103499
0.0234999
0.0329357
0.0336578
0.0241260
0.0141358
0.0030829
-0.0018503
-0.0146615
-0.0131863
-0.0107545
-0.0089476
-0.0098896
-0.0412926
-0.0470852
-0.0409582
-0.0052664
0.0467312
0.0197130
-0.0307801
-0.0010148
0.0452258
0.0778755
0.0398339
-0.0315457
-0.0615308
-0.0832076
-0.0900747
-0.0765047
-0.0222712
-0.0042720
-0.0268126
-0.0178853
0.0112668
-0.0159917
-0.0435110
-0.0075480
0.0444894
0.0345315
0.0206664
0.0383973
-0.0083256
-0.0638387
-0.0786574
-0.0589413
-0.0388890
-0.0212039
-0.0082367
0.0004871
0.0174722
-0.0177984
-0.0117600
0.0229973
0.0013617
-0.0144003
-0.0142045
-0.0007613
-0.0372258
-0.0459072
-0.0047119
0.0304330
0.0463835
0.0259240
-0.0138420
-0.0218367
-0.0008338
0.0115026
0.0547554
0.0653569
0.0408311
0.0268230
0.0063768
-0.0127944
-0.0191723
-0.0435920
-0.0498474
-0.0163814
0.0073099
0.0116695
-0.0195140
-0.0372114
-0.0050245
-0.0076689
-0.0361892
0.0033996
0.0600841
0.0724602
0.0685733
0.0555894
0.0347277
0.0404240
0.0114882
0.0010764
0.0406474
0.0263489
0.0027412
-0.0129267
-0.0000568
0.0089087
0.0025397
0.0045528
-0.0415745
-0.0639413
-0.0257350
0.0037839
0.0116853
-0.0075700
-0.0211022
0.0213489
0.0229537
0.0086728
0.0302077
0.0358244
0.0280538
0.0084389
0.0269361
-0.0005745
-0.0629075
-0.1047164
-0.1196502
-0.1078372
-0.1101352
-0.0751348
-0.0184135
0.0421650
0.0984162
0.0782647
0.0192185
0.0100211
0.0373868
0.0474665
0.0457270
0.0766005
0.0504400
0.0008843
0.0010166
0.0068560
0.0286517
0.0043453
-0.0307691
-0.0357895
-0.0431681
-0.0296601
-0.0226034
-0.0346557
-0.0553688
-0.0666606
-0.0445952
-0.0273478
-0.0091926
-0.0130427
-0.0372268
-0.0342527
-0.0528432
-0.0593464
-0.0434051
-0.0148883
0.0205204
0.0451343
0.0703641
0.0669827
0.0531234
0.0651471
0.0664542
0.0497236
0.0294557
0.0141638
0.0015601
0.0037338
0.0205582
0.0252905
0.0369134
0.0410222
-0.0165721
-0.0689563
-0.0857885
-0.0849722
-0.0260181
0.0144815
0.0202544
-0.0188853
-0.0439729
-0.0149698
0.0014344
-0.0023317
-0.0012045
0.0551896
0.0943685
0.0909399
0.0677537
0.0300288
-0.0355158
-0.0944381
-0.0908052
-0.1074814
-0.0853083
-0.0253356
-0.0044847
-0.0272567
-0.0589813
-0.0240915
-0.0209966
-0.0485322
-0.0358246
0.0087134
0.0423489
0.0283392
0.0211979
0.0101993
-0.0316907
-0.0573266
-0.0855093
-0.1034293
-0.0559627
0.0244264
0.0788130
0.0631495
-0.0086253
-0.1035137
-0.1685462
-0.1916402
-0.1348838
0.0102730
0.1137345
0.0744296
-0.0117215
-0.0263296
0.0261172
0.0975245
0.1041596
0.0501320
0.0287955
0.0601082
0.1063219
0.1228162
0.0977050
0.0344242
-0.0052874
0.0276171
0.0526820
0.0203811
-0.0346664
-0.0343793
0.0035099
0.0255193
0.0049330
-0.0702627
-0.1698048
-0.2189580
-0.1829240
-0.1459927
-0.1191330
-0.0713996
0.0143280
0.1225266
0.1882257
0.1943164
0.1783679
0.1880379
0.2003016
0.1790485
0.1031087
-0.0166017
-0.1319083
-0.1878312
-0.1230094
-0.0204337
0.0024512
-0.0202752
-0.0498389
-0.0441692
0.0151622
0.0760871
0.1074514
0.0872425
0.0663069
0.0508069
0.0169262
-0.0011855
0.0104255
0.0105402
-0.0288309
-0.0258466
0.0270572
0.0100525
-0.0536910
-0.0886317
-0.0861499
-0.0644294
-0.0612460
-0.0836658
-0.1087475
-0.1153451
-0.1353034
-0.1482310
-0.1481428
-0.1004850
-0.0011268
0.0692635
0.0611434
0.0143158
0.0090566
0.0477166
0.0767139
0.0673366
0.0326215
-0.0058461
-0.0414279
-0.0731082
-0.0834774
-0.0402350
0.0636820
0.1258508
0.1495272
0.1823460
0.2031468
0.2127734
0.1491442
0.0383421
-0.0404545
-0.0987607
-0.1219587
-0.0614939
0.0431395
0.0954125
0.0934769
0.0971024
0.0873891
0.0335296
-0.0216905
-0.0470623
-0.0419983
0.0078795
0.0640790
0.0870318
0.1100700
0.1353456
0.1471155
0.1169580
0.0612531
0.0017442
-0.0817348
-0.1462297
-0.1708265
-0.1823474
-0.1814039
-0.1647155
-0.1713813
-0.1957556
-0.2135089
-0.2094484
-0.1569646
-0.0668341
0.0169038
0.0533647
0.0511919
0.0357687
0.0247053
0.0382221
0.0655111
0.0688787
0.0708491
0.0735710
0.0285859
0.0069487
0.0296302
0.0277860
0.0252285
0.0178101
0.0431078
0.0944774
0.1223029
0.1388855
0.1540861
0.1754013
0.1893253
0.1723972
0.1038597
0.0393040
0.0077004
0.0326252
0.1092323
0.1667313
0.2016888
0.1986572
0.1706097
0.1254837
0.0689475
0.0245680
-0.0357619
-0.0757446
-0.0837364
-0.0564739
0.0076463
0.0574815
0.0972249
0.1155763
0.1018923
0.0832001
0.0899885
0.0911674
0.0489619
-0.0247540
-0.0949148
-0.1198623
-0.0903566
-0.0441413
-0.0244988
-0.0207495
-0.0190062
-0.0060848
0.0085582
0.0334093
0.0716642
0.0953200
0.0701735
0.0090565
-0.0212619
-0.0368221
-0.0371407
-0.0326147
-0.0555267
-0.0792214
-0.0939106
-0.0858736
-0.0779929
-0.0945878
-0.1101038
-0.1177270
-0.1057253
-0.0984402
-0.1195245
-0.1199773
-0.0753404
-0.0229863
-0.0169244
-0.0557133
-0.0862307
-0.0653767
0.0019125
0.0528282
0.0598275
0.0412163
0.0477116
0.0895347
0.1249773
0.1493205
0.1489448
0.1183883
0.0741002
0.0392466
0.0347216
0.0704016
0.0949167
0.0972128
0.1092897
0.0873018
0.0622807
0.0461899
0.0355480
0.0305321
0.0189175
0.0352717
0.0381177
0.0245530
0.0187486
0.0235018
0.0010702
-0.0500272
-0.0729023
-0.0653149
-0.0362646
-0.0018595
0.0021021
-0.0296474
-0.0718822
-0.1014666
-0.1284524
-0.1504245
-0.1277040
-0.1017312
-0.1070684
-0.1029211
-0.0678115
-0.0432241
-0.0532955
-0.0778508
-0.1047733
-0.1135743
-0.1066692
-0.0829780
-0.0257068
0.0245264
0.0648124
0.0974959
0.0939289
0.0743685
0.0458985
-0.0051694
-0.0678884
-0.1035069
-0.0927402
-0.0588644
-0.0232772
-0.0355373
-0.0670421
-0.0701994
-0.0736219
-0.0508813
-0.0213460
-0.0186697
-0.0270224
-0.0491973
-0.0850208
-0.1157576
-0.1070559
-0.0571219
-0.0128122
-0.0021575
-0.0334353
-0.0695564
-0.0864429
-0.0905407
-0.0816354
-0.0578056
-0.0294451
0.0072402
0.0483854
0.0670669
0.0201628
-0.0219821
0.0031065
0.0195669
-0.0066451
-0.0312211
-0.0090538
0.0118858
0.0134627
0.0123483
-0.0067065
-0.0298056
-0.0074157
0.0329749
0.0566986
0.0422293
0.0022127
0.0000031
0.0033709
-0.0313957
-0.0869412
-0.1158269
-0.1034874
-0.0764401
-0.0676662
-0.0746717
-0.0622026
-0.0209954
0.0323832
0.0704583
0.0755608
0.0703740
0.0739908
0.0478850
0.0180222
0.0059935
-0.0028603
-0.0050492
-0.0228024
-0.0657137
-0.1043697
-0.1054090
-0.1017524
-0.1012853
-0.0845243
-0.0549799
-0.0137035
0.0225705
0.0323865
0.0122441
-0.0098218
-0.0053884
-0.0038718
-0.0215867
-0.0284229
-0.0240470
-0.0164830
-0.0115116
0.0119263
0.0459334
0.0638441
0.0786862
0.0753773
0.0487953
0.0330156
0.0421862
0.0604904
0.0548837
0.0441153
0.0501833
0.0625741
0.0598149
0.0543054
0.0451038
0.0253755
0.0348144
0.0492718
0.0572528
0.0595138
0.0548532
0.0567810
0.0646013
0.0688284
0.0681784
0.0688608
0.0434889
0.0130557
0.0278566
0.0466001
0.0299627
-0.0077368
-0.0095144
0.0286123
0.0466543
0.0427484
0.0247137
0.0017591
-0.0162668
-0.0224881
-0.0224645
-0.0195728
0.0091549
0.0285853
0.0185229
0.0138579
0.0223858
-0.0045453
-0.0320705
-0.0208807
-0.0046280
-0.0051778
-0.0132799
0.0123910
0.0292508
0.0168377
0.0044996
0.0018377
0.0109169
0.0143702
0.0303694
0.0303959
0.0199887
0.0414206
0.0314688
-0.0056780
-0.0295433
-0.0337824
-0.0204937
-0.0174530
-0.0036559
0.0071050
-0.0069324
-0.0308980
-0.0171097
0.0338887
0.0557201
0.0163049
-0.0548314
-0.0847397
-0.0627536
-0.0291796
-0.0253991
-0.0149610
-0.0009029
-0.0219501
-0.0001792
0.0623658
0.0620607
0.0128663
-0.0272635
0.0029352
0.0532247
0.0313696
0.0460542
0.0884656
0.0826806
0.0643600
0.0787570
0.0434233
-0.0174975
-0.0032065
-0.0379094
-0.1054450
-0.0683794
-0.0142681
-0.0326210
-0.0291367
0.0346728
0.0190805
-0.0314315
0.0044756
0.0104258
-0.0293474
-0.0376719
-0.0517417
-0.0651425
-0.0657157
-0.0772711
-0.0840126
-0.0875573
-0.0615061
-0.0262032
-0.0384454
-0.0628178
-0.0789408
-0.0745971
-0.0534039
-0.0410217
-0.0189632
-0.0159712
-0.0258594
-0.0110629
0.0346943
0.0600824
0.0410558
0.0226748
0.0206100
0.0263538
0.0088351
-0.0206709
-0.0137390
0.0243540
0.0561268
0.0496787
0.0432496
0.0746084
0.0956483
0.0824982
0.0281940
-0.0113449
-0.0021108
-0.0015359
-0.0185490
-0.0269237
-0.0288676
-0.0246302
-0.0073958
0.0116943
0.0235976
0.0054908
-0.0126204
-0.0125982
-0.0195977
-0.0294978
-0.0315494
-0.0225202
-0.0130046
0.0031878
0.0340838
0.0610164
0.0555380
0.0386561
0.0251404
0.0251745
0.0537387
0.0709746
0.0642405
0.0691148
0.0699035
0.0267978
0.0050122
0.0065746
-0.0098121
-0.0032841
0.0007000
-0.0175822
-0.0406515
-0.0315412
0.0066462
0.0097650
-0.0124362
-0.0356101
-0.0460851
-0.0483283
-0.0515427
-0.0475055
-0.0449659
-0.0318776
-0.0054195
-0.0011598
-0.0031008
0.0039623
0.0003337
-0.0095738
-0.0026419
0.0186311
0.0290163
0.0300673
0.0302738
0.0360723
0.0487922
0.0531285
0.0394715
0.0247237
0.0246501
0.0227049
0.0035295
-0.0110812
-0.0133228
-0.0034372
-0.0031423
-0.0158752
-0.0079720
0.0073287
0.0178333
0.0248330
0.0188875
0.0144365
0.0261630
0.0573155
0.0764749
0.0759135
0.0603816
0.0324352
0.0134604
-0.0101705
-0.0267208
-0.0170650
0.0022491
0.0068242
-0.0003874
-0.0025170
-0.0151659
-0.0432478
-0.0493365
-0.0353578
-0.0358439
-0.0635486
-0.0979141
-0.1183760
-0.1149505
-0.0952457
-0.0962080
-0.1132756
-0.1144589
-0.0885638
-0.0550973
-0.0410803
-0.0534446
-0.0650617
-0.0691545
-0.0493865
-0.0331217
-0.0339160
-0.0427061
-0.0536836
-0.0492012
-0.0443814
-0.0358546
-0.0110267
0.0205385
0.0451102
0.0461480
0.0140054
-0.0209982
-0.0160869
0.0063535
0.0149584
0.0254350
0.0310802
0.0437088
0.0488219
0.0494014
0.0483787
0.0340438
0.0156822
-0.0079723
-0.0094356
0.0209372
0.0472820
0.0628672
0.0661203
0.0599700
0.0542337
0.0485373
0.0649863
0.0862562
0.0810920
0.0656855
0.0668383
0.0585154
0.0570314
0.0500542
0.0254668
0.0162833
0.0179313
0.0366677
0.0597242
0.0729777
0.0695850
0.0556496
0.0439514
0.0477278
0.0377144
0.0117267
-0.0104685
-0.0432655
-0.0535841
-0.0151017
0.0183340
0.0144077
-0.0036709
-0.0159129
-0.0173998
-0.0173922
-0.0136261
-0.0168994
-0.0168727
-0.0011223
0.0168094
0.0318478
0.0353383
-0.0001987
-0.0463507
-0.0535401
-0.0503532
-0.0493463
-0.0522291
-0.0613361
-0.0677472
-0.0727729
-0.0724957
-0.0724761
-0.0657491
-0.0443478
-0.0334922
-0.0306827
-0.0276021
-0.0279408
-0.0145722
-0.0097288
-0.0230202
-0.0261106
-0.0160687
0.0043156
0.0309655
0.0466554
0.0423180
0.0242350
-0.0008771
-0.0103363
0.0006489
0.0167766
0.0202258
-0.0016451
-0.0204960
-0.0433530
-0.0606549
-0.0252132
0.0021397
-0.0015049
-0.0275352
-0.0304606
0.0020937
0.0048354
-0.0124664
-0.0516572
-0.0608422
-0.0138378
0.0414485
0.0566726
0.0392440
0.0321284
0.0556241
0.0918852
0.0974628
0.0716109
0.0218552
-0.0530025
-0.1329834
-0.1620307
-0.1275691
-0.0502627
0.0780023
0.1571192
0.1584732
0.1222156
0.0935471
0.0782498
0.0213162
-0.0585040
-0.0482896
0.0298421
0.0420817
0.0179469
-0.0232321
-0.0392958
-0.0362828
-0.0000865
0.0080040
-0.0288520
-0.0266896
-0.0423082
-0.0724491
-0.0605868
-0.0007079
0.0306246
0.0254589
0.0264142
0.0074808
0.0221803
0.0744731
0.0992231
0.0399034
-0.0697207
-0.1008801
-0.0706221
0.0009479
0.0497873
0.0351798
-0.0059195
0.0052971
0.0498755
0.0833040
0.0990750
0.0841711
0.0479312
0.0259778
0.0262669
0.0199900
0.0114048
-0.0204283
-0.0370536
-0.0354039
-0.0288934
-0.0213216
-0.0034724
-0.0026143
-0.0152969
-0.0001493
0.0172342
0.0370202
0.0438991
0.0289379
-0.0074789
-0.0368858
-0.0494697
-0.0582140
-0.0706358
-0.0623801
-0.0221261
0.0236992
0.0300446
0.0070521
0.0029579
-0.0070540
0.0119833
0.0500353
0.0537674
0.0142289
-0.0317092
-0.0655894
-0.0830327
-0.0602769
-0.0235529
-0.0063551
-0.0163434
-0.0136017
0.0047738
0.0001298
-0.0200786
-0.0249346
-0.0132404
-0.0199729
-0.0298846
-0.0274686
-0.0270776
-0.0255076
-0.0083231
0.0217241
0.0440069
0.0452586
0.0295663
0.0126757
0.0068187
0.0165217
0.0160298
0.0139298
0.0221131
0.0206882
0.0070358
0.0078026
0.0221779
0.0256580
0.0217422
0.0177497
0.0215395
0.0393193
0.0619087
0.0624220
0.0564176
0.0435743
0.0108703
-0.0203716
-0.0334522
-0.0191049
0.0063260
0.0082527
-0.0128959
-0.0316923
-0.0316536
-0.0122479
-0.0074560
-0.0223287
-0.0215606
-0.0066400
-0.0000366
-0.0080837
-0.0325044
-0.0499287
-0.0268013
0.0114762
0.0054541
-0.0208297
-0.0413504
-0.0264623
-0.0003297
-0.0072817
-0.0240603
-0.0386988
-0.0442609
-0.0443888
-0.0243701
0.0032025
0.0252626
0.0207720
-0.0045316
-0.0290761
-0.0243991
-0.0084689
-0.0291238
-0.0563553
-0.0583566
-0.0274913
0.0247338
0.0429677
0.0167002
0.0155272
0.0217267
0.0272851
0.0378784
0.0391919
0.0286036
0.0270299
0.0454584
0.0507662
0.0447058
0.0436494
0.0368358
0.0095822
-0.0079849
-0.0231112
-0.0337097
-0.0221438
-0.0129537
-0.0076105
-0.0001095
-0.0047313
-0.0081505
0.0148219
0.0471317
0.0533901
0.0355548
0.0172654
-0.0181255
-0.0353477
-0.0188973
-0.0021093
0.0026930
0.0001140
-0.0054630
0.0006673
0.0030656
-0.0106104
-0.0030564
0.0177053
0.0187711
-0.0015079
0.0034285
0.0248047
0.0210052
0.0058790
0.0071719
0.0104000
-0.0146045
-0.0376472
-0.0412078
-0.0351954
-0.0396242
-0.0576733
-0.0715203
-0.0632367
-0.0295180
-0.0006986
0.0059696
-0.0060188
-0.0054982
0.0029681
0.0104337
0.0158609
-0.0018684
-0.0277129
-0.0413654
-0.0496204
-0.0539358
-0.0444155
-0.0134030
0.0013982
0.0062815
0.0187126
0.0174277
0.0143386
0.0142298
0.0124747
0.0190736
0.0284008
0.0153497
-0.0050858
0.0017460
0.0151352
0.0100195
0.0019502
-0.0034470
-0.0103549
-0.0158479
-0.0112417
-0.0050776
-0.0056757
0.0054156
0.0269112
0.0361470
0.0203176
0.0125872
0.0143163
0.0141588
0.0122224
0.0142728
0.0243915
0.0227275
0.0235399
0.0254710
0.0224424
0.0189981
0.0267231
0.0405779
0.0507246
0.0451667
0.0393111
0.0407278
0.0341219
0.0233376
0.0199377
0.0223757
0.0107173
-0.0085537
-0.0152627
-0.0128821
-0.0151738
-0.0092131
-0.0048619
-0.0110712
-0.0046315
0.0094695
0.0103393
0.0045161
0.0028169
-0.0023297
-0.0039331
0.0033688
0.0030801
-0.0144960
-0.0252537
-0.0134446
-0.0035958
-0.0000170
0.0043725
-0.0006003
-0.0041669
0.0007502
0.0027284
-0.0071274
-0.0126219
-0.0026744
0.0096049
0.0059469
-0.0006089
0.0001342
0.0018942
0.0027242
0.0041142
0.0132320
0.0180017
0.0086588
-0.0051559
-0.0111383
-0.0127019
-0.0169834
-0.0250897
-0.0323028
-0.0325001
-0.0311411
-0.0375597
-0.0353060
-0.0282000
-0.0152709
-0.0079278
-0.0092143
-0.0168991
-0.0162961
0.0063505
0.0180770
0.0145074
0.0108021
0.0041284
-0.0059603
-0.0091688
-0.0140016
-0.0124258
-0.0095487
-0.0194266
-0.0344602
-0.0386858
-0.0294797
-0.0308651
-0.0344111
-0.0324521
-0.0376048
-0.0387750
-0.0334643
-0.0319638
-0.0344134
-0.0354538
-0.0295227
-0.0241812
-0.0231774
-0.0202677
-0.0227099
-0.0280792
-0.0237356
-0.0123230
0.0016157
0.0140084
0.0209992
0.0240517
0.0269995
0.0280830
0.0288422
0.0316485
0.0246962
0.0146753
0.0076168
0.0048990
0.0109686
0.0174156
0.0130308
0.0106667
0.0121981
0.0155749
0.0335905
0.0328521
0.0114025
0.0139244
0.0273089
0.0284749
0.0293754
0.0300402
0.0249213
0.0238484
0.0280122
0.0237468
0.0105392
0.0032715
0.0079379
0.0067131
0.0085643
0.0140281
0.0061767
-0.0098741
-0.0146053
-0.0020609
0.0057906
0.0059218
0.0084466
0.0127577
0.0064037
0.0029091
0.0076639
0.0131970
0.0100988
0.0012112
-0.0037175
-0.0122087
-0.0154733
-0.0191405
-0.0241665
-0.0204420
-0.0206012
-0.0231717
-0.0207840
-0.0183138
-0.0160528
-0.0113290
0.0021291
0.0066820
-0.0001142
-0.0006684
0.0107542
0.0121986
0.0022910
-0.0084155
-0.0140016
-0.0046910
0.0023866
-0.0016004
-0.0034045
0.0009508
0.0033060
0.0070511
0.0034076
-0.0005485
-0.0006827
-0.0001610
0.0021397
-0.0012578
0.0011770
0.0077314
0.0032462
0.0031694
0.0106744
0.0035451
-0.0086029
-0.0102892
-0.0015166
0.0016521
0.0000263
0.0025289
0.0061177
0.0128164
0.0104684
0.0127852
0.0139200
0.0164564
0.0218433
0.0184415
0.0185341
0.0212593
0.0196540
0.0069017
0.0040481
0.0122266
0.0208326
0.0263831
0.0248737
0.0217016
0.0183807
0.0155757
0.0140913
0.0044459
-0.0099749
-0.0187242
-0.0147183
-0.0122379
-0.0140127
-0.0050560
-0.0005564
-0.0025125
-0.0108019
-0.0150779
-0.0080580
-0.0084488
-0.0138818
-0.0154090
-0.0150702
-0.0156939
-0.0137913
-0.0161690
-0.0273959
-0.0274169
-0.0235573
-0.0251343
-0.0262194
-0.0205243
-0.0201638
-0.0252376
-0.0240867
-0.0135373
-0.0001924
0.0048888
0.0037631
0.0040008
0.0095247
0.0018473
-0.0110665
-0.0152658
-0.0155047
-0.0141502
-0.0119744
-0.0095060
-0.0071057
-0.0041440
0.0020574
0.0017049
-0.0027875
0.0038906
0.0108144
0.0091697
0.0036276
-0.0026227
-0.0000689
0.0075514
0.0133156
0.0144128
0.0119599
0.0112779
0.0139958
0.0182814
0.0146475
0.0116664
0.0108577
0.0188558
0.0288835
0.0265169
0.0192077
0.0166081
0.0183568
0.0150595
0.0141835
0.0153076
0.0138292
0.0058721
0.0039011
0.0130721
0.0185918
0.0201515
0.0130680
0.0049689
0.0034734
0.0010925
-0.0009757
-0.0031327
-0.0026702
-0.0053086
-0.0091667
-0.0049678
-0.0028792
-0.0058243
-0.0128116
-0.0164606
-0.0131378
-0.0084111
-0.0037106
-0.0043000
-0.0050555
-0.0026824
-0.0069315
-0.0099451
-0.0098909
-0.0078107
-0.0046136
-0.0040384
-0.0033395
-0.0048055
-0.0073676
-0.0122443
-0.0127860
-0.0124777
-0.0132662
-0.0133815
-0.0156469
-0.0159112
-0.0167461
-0.0164919
-0.0139920
-0.0107158
-0.0071996
-0.0016879
0.0041737
0.0065245
0.0044321
-0.0016309
-0.0011424
0.0040050
0.0042101
0.0027733
0.0054713
0.0097380
0.0082876
0.0059512
0.0022466
0.0008473
0.0047203
0.0088030
0.0108003
0.0088298
0.0053119
0.0025373
0.0039815
0.0070137
0.0051135
0.0035124
0.0045522
0.0040469
0.0017469
0.0000890
-0.0023683
-0.0052842
-0.0044165
-0.0036723
-0.0025985
-0.0008861
-0.0006987
-0.0025281
-0.0028545
-0.0004384
0.0031006
0.0034847
-0.0004503
-0.0011851
-0.0017424
-0.0018022
-0.0010635
-0.0010131
-0.0018789
-0.0024831
-0.0007358
0.0011328
0.0020357
0.0011309
-0.0004975
-0.0008006
-0.0005341
-0.0001763
0.0003829
-0.0007838
-0.0020980
-0.0017651
-0.0007353
-0.0003558
-0.0004304
-0.0001359
0.0006047
0.0004841
0.0001119
0.0005979
0.0013102
0.0020935
0.0025072
0.0024306
0.0020988
0.0022537
0.0021037
0.0014211
0.0014416
0.0015226
0.0014225
0.0009588
0.0004882
0.0007592
0.0011171
0.0011819
0.0007389
0.0000877
0.0000857
0.0003149
0.0002903
0.0000653
-0.0002299
-0.0002464
-0.0000678
0.0002014
0.0002228
-0.0000766
-0.0001165
-0.0000375
-0.0000973
-0.0001454
-0.0001569
-0.0001250
-0.0000144
0.0000197
-0.0000457
-0.0001180
-0.0001778
-0.0002306
-0.0002900
-0.0002963
-0.0002940
-0.0003368
-0.0003724
-0.0003845
-0.0003655
-0.0003327
-0.0002961
-0.0002466
-0.0001952
-0.0001435
-0.0000914
-0.0000415
