-0.0004849
0.0004272
0.0013851
-0.0003985
-0.0024504
0.0022526
0.0047772
0.0029892
0.0009786
0.0028031
0.0056784
0.0026671
0.0031562
0.0050618
0.0038574
0.0011629
0.0007589
0.0037330
0.0060601
0.0027378
-0.0030696
-0.0024728
0.0030055
0.0031203
0.0033544
0.0022695
-0.0002275
-0.0006905
0.0005371
0.0032283
0.0004351
-0.0022078
-0.0001268
0.0024243
0.0040793
0.0044447
-0.0014467
-0.0025302
-0.0012480
-0.0001236
0.0027960
-0.0012898
-0.0049541
0.0002560
0.0050504
0.0033627
-0.0023150
-0.0044125
0.0033312
0.0064897
0.0016448
0.0013248
0.0034338
-0.0006697
-0.0033052
-0.0026701
0.0008583
0.0058959
0.0027991
-0.0015137
0.0014782
0.0016903
0.0007380
-0.0004000
0.0047143
0.0053288
-0.0031625
-0.0023107
-0.0019055
0.0033915
0.0038571
-0.0020651
0.0005715
0.0047322
0.0047527
-0.0024769
-0.0042442
-0.0030652
-0.0025495
-0.0033912
0.0046856
0.0042639
0.0016329
-0.0001064
-0.0050972
0.0014792
0.0006316
-0.0016678
-0.0036326
0.0029777
0.0044043
0.0095113
0.0067476
-0.0017053
-0.0015315
0.0006129
-0.0008258
-0.0010794
-0.0001303
0.0010664
0.0063973
0.0061747
0.0031457
-0.0032069
-0.0027487
-0.0012468
-0.0010023
-0.0023820
-0.0025147
-0.0063691
-0.0037486
0.0026377
0.0121811
0.0061248
-0.0074308
0.0044193
0.0100156
0.0062791
0.0003318
-0.0095832
-0.0129939
0.0032012
0.0120416
0.0082211
-0.0006621
-0.0254577
-0.0222358
0.0092186
0.0159395
0.0051961
-0.0107000
-0.0082504
-0.0009576
0.0064928
0.0129528
-0.0005261
-0.0169144
-0.0161333
0.0108581
0.0125663
0.0003770
-0.0051914
-0.0040979
0.0006672
0.0115061
0.0047158
-0.0288347
-0.0375837
-0.0114487
0.0181574
0.0135618
-0.0070302
-0.0233404
-0.0176660
0.0103189
0.0272082
0.0141597
-0.0063334
-0.0288679
-0.0181764
0.0246714
0.0223072
-0.0121011
-0.0252514
0.0008941
0.0186148
0.0121590
-0.0006979
-0.0048927
-0.0056326
-0.0001852
0.0022954
-0.0026570
-0.0036151
-0.0019747
0.0102483
0.0027962
-0.0065793
-0.0040516
0.0088272
0.0109570
-0.0024895
-0.0037910
-0.0018499
0.0102493
0.0108668
-0.0043866
0.0065084
0.0137599
0.0025980
-0.0181531
-0.0104476
0.0046953
0.0025065
0.0090668
-0.0012491
-0.0033347
-0.0038875
-0.0012168
0.0105581
0.0086464
-0.0040085
-0.0085555
-0.0037418
0.0012709
-0.0046218
0.0037249
0.0170548
0.0094332
0.0086608
0.0045074
-0.0106679
-0.0127256
-0.0025837
-0.0051557
-0.0219626
-0.0115289
-0.0025735
-0.0094094
-0.0105901
0.0015563
0.0040943
-0.0040623
-0.0175528
-0.0256816
-0.0004675
0.0014176
-0.0021876
-0.0042378
-0.0004912
0.0067412
0.0008987
-0.0141793
-0.0171139
-0.0052313
0.0057359
0.0001941
-0.0019092
0.0062591
-0.0045534
-0.0131360
-0.0024296
0.0103742
0.0025861
-0.0078123
0.0064329
0.0147604
0.0056178
-0.0149563
-0.0007244
0.0238750
0.0174149
0.0155608
0.0050872
-0.0134781
-0.0192941
0.0090018
0.0124876
-0.0040805
-0.0014113
0.0066716
0.0056678
0.0044607
0.0085154
-0.0022677
-0.0096917
-0.0127795
-0.0113896
0.0026522
0.0100777
0.0057356
-0.0108354
-0.0094971
-0.0099629
-0.0131259
0.0015158
0.0002984
-0.0026907
0.0053082
0.0058270
0.0019286
-0.0142593
-0.0107234
0.0053628
-0.0018991
-0.0025388
0.0053333
0.0124920
0.0073791
0.0097948
0.0130551
0.0144863
0.0199751
0.0097595
-0.0097653
-0.0073731
0.0042044
-0.0039477
-0.0065771
0.0009044
-0.0102353
-0.0261240
-0.0167603
-0.0080480
-0.0090090
0.0030018
0.0101842
0.0084347
0.0047853
0.0051169
-0.0005340
-0.0084031
-0.0156517
-0.0209724
-0.0138948
-0.0082217
0.0037655
0.0093413
0.0185841
0.0115920
-0.0073049
-0.0026208
0.0066265
0.0057835
-0.0088774
-0.0272098
-0.0369580
-0.0026530
0.0251992
0.0068905
-0.0198047
-0.0108434
0.0081729
0.0044012
0.0073372
-0.0009033
-0.0047575
-0.0061931
-0.0124306
-0.0205576
-0.0002119
0.0022805
-0.0147519
-0.0132794
-0.0076741
0.0099508
0.0037885
-0.0164437
-0.0159470
0.0012137
-0.0069443
-0.0135975
-0.0030163
0.0126970
0.0268951
0.0070594
-0.0240915
-0.0133703
0.0301939
0.0239107
-0.0162987
-0.0258570
0.0000365
0.0211457
0.0003948
-0.0146390
-0.0153537
-0.0111841
-0.0116070
0.0098972
0.0317994
-0.0082597
-0.0425882
-0.0190308
0.0222929
0.0437559
0.0243845
0.0002081
-0.0024831
0.0024338
0.0136340
0.0019313
0.0120438
0.0120881
-0.0001541
0.0003087
-0.0046627
-0.0043192
-0.0279089
0.0022221
0.0251957
0.0042267
-0.0085741
-0.0321020
-0.0517047
-0.0352883
-0.0069423
0.0129702
-0.0061993
-0.0138577
0.0089657
0.0215867
0.0337775
0.0055199
-0.0183086
-0.0134049
-0.0093589
-0.0051155
0.0151286
0.0152569
0.0092729
0.0160896
0.0053273
-0.0149151
-0.0346918
-0.0185807
-0.0008643
-0.0166880
0.0002368
0.0331314
0.0344020
0.0023476
-0.0129823
0.0082183
0.0159947
0.0077925
-0.0028918
-0.0092089
-0.0108227
-0.0210308
0.0044146
0.0102395
-0.0201744
-0.0361676
-0.0215921
0.0025298
-0.0161106
-0.0219162
-0.0296601
-0.0113688
0.0290514
0.0444744
0.0270706
0.0011876
-0.0137017
-0.0159096
0.0034944
-0.0014902
-0.0227629
-0.0042330
0.0246436
0.0102806
-0.0038688
0.0030630
0.0180733
0.0189902
0.0051547
-0.0041278
-0.0100529
-0.0104434
-0.0093747
-0.0087350
-0.0051415
-0.0172245
-0.0098137
0.0036829
-0.0008139
0.0022298
-0.0009906
-0.0091456
0.0068920
0.0131148
-0.0071940
-0.0176910
-0.0125632
-0.0038922
-0.0194624
-0.0122225
-0.0168121
-0.0088840
0.0179852
0.0008940
-0.0202992
0.0110743
0.0481150
0.0344992
0.0009415
-0.0059120
0.0116923
0.0112959
0.0129851
0.0168217
-0.0011937
-0.0038113
0.0011205
-0.0121637
-0.0244206
-0.0208729
-0.0157288
-0.0316439
-0.0177287
0.0027688
-0.0121086
-0.0132140
0.0035753
0.0124306
0.0177131
0.0190072
0.0068477
-0.0120388
-0.0218668
-0.0023743
0.0297377
0.0490163
0.0274635
-0.0232592
-0.0351210
-0.0039347
0.0100807
-0.0109473
-0.0108352
0.0083948
0.0068738
0.0097244
0.0285256
0.0453679
0.0357346
-0.0107787
-0.0473961
-0.0451499
-0.0276959
-0.0029048
0.0068614
-0.0088282
0.0183816
0.0512143
0.0532261
0.0078213
0.0008528
0.0007600
-0.0138182
-0.0137327
-0.0283979
-0.0343111
-0.0393901
-0.0398145
-0.0182084
0.0251301
0.0301518
0.0072416
-0.0152278
0.0075719
0.0156446
0.0240179
0.0100115
0.0272989
0.0483876
0.0473368
0.0118955
-0.0336848
-0.0261221
-0.0216974
-0.0041756
-0.0156837
0.0094788
0.0170783
-0.0197956
-0.0254436
-0.0203054
-0.0074352
0.0069442
-0.0170331
-0.0284513
-0.0010898
0.0201183
-0.0101290
0.0013572
0.0209749
-0.0152315
-0.0322903
-0.0470365
-0.0143512
-0.0072130
-0.0387441
-0.0389283
-0.0150215
-0.0211499
-0.0456799
-0.0566781
-0.0288272
-0.0070355
-0.0061952
0.0228083
0.0516732
0.0520314
0.0690123
0.0303652
-0.0231196
0.0105209
0.0238715
0.0408082
0.0354580
0.0344456
0.0470254
0.0643172
0.0327170
0.0074898
0.0387896
0.0407633
-0.0022347
-0.0336611
-0.0266821
-0.0332690
-0.0504486
-0.0869776
-0.0737876
0.0030041
0.0724780
0.0618365
0.0425756
0.0474867
0.0305135
0.0013893
-0.0230332
-0.0140629
-0.0106876
0.0072661
0.0529276
0.0427063
0.0041490
-0.0224385
-0.0538030
-0.0244797
0.0366518
0.0830193
0.0882473
0.0492362
0.0218470
0.0079864
0.0050078
0.0163083
0.0256941
0.0365760
0.0726615
0.0708901
0.0427695
0.0613939
0.0827154
0.0829205
0.0932113
0.1130205
0.1183738
0.1070603
0.0925101
0.0805848
0.0480265
-0.0123827
-0.0517829
-0.0446359
-0.0181366
0.0037834
0.0165253
0.0392559
0.0670611
0.0780609
0.0653634
0.0410264
0.0168487
-0.0185086
-0.0536228
-0.0590069
-0.0558614
-0.0402026
-0.0021184
0.0156378
-0.0126640
-0.0762243
-0.1135714
-0.1189245
-0.1100222
-0.0890808
-0.0921199
-0.1048440
-0.1156049
-0.1165716
-0.0999622
-0.0656468
-0.0191289
0.0061943
-0.0165081
-0.0417323
-0.0138402
0.0619243
0.1498696
0.2017249
0.2039256
0.1211474
0.0315078
-0.0082211
0.0037677
0.0631173
0.1087670
0.1605843
0.1999129
0.2110856
0.2149871
0.1754606
0.1290485
0.0721369
0.0076980
-0.0014474
0.0052103
-0.0267763
-0.0969559
-0.1541353
-0.1714117
-0.1595699
-0.0732051
0.0217289
0.0156728
-0.0395940
-0.0703336
-0.0143887
0.0797774
0.1237764
0.1328572
0.1147047
0.0890590
0.0790041
0.0971021
0.1507670
0.1729535
0.1190680
0.0128721
-0.0798082
-0.1301933
-0.1554329
-0.1667400
-0.1776396
-0.1899178
-0.1805051
-0.1643456
-0.1756123
-0.1803938
-0.1414782
-0.1117231
-0.1459595
-0.2030731
-0.2207021
-0.1679249
-0.0490510
0.0743588
0.1380049
0.1157977
0.0486144
0.0099483
-0.0045062
-0.0139052
-0.0033372
0.0308781
0.0988410
0.1190838
0.0656755
0.0120714
-0.0384582
-0.0361516
0.0218760
0.0753757
0.1034639
0.1272055
0.1513334
0.1200455
0.0334363
-0.0198141
-0.0152377
-0.0167601
-0.0343039
0.0051172
0.1076580
0.1520458
0.1213566
0.1029447
0.1007060
0.0949577
0.0992440
0.0606205
0.0212454
0.0360006
0.0645000
0.0566472
0.0427380
0.0629896
0.0993699
0.1391697
0.1440970
0.1363209
0.0973377
0.0641722
0.0559390
0.0538372
0.0317215
-0.0227936
-0.0217707
0.0087525
0.0281742
0.0536196
0.0534532
-0.0006286
-0.0929123
-0.1742049
-0.2231037
-0.2611433
-0.2947786
-0.3214244
-0.3324945
-0.3485513
-0.3537403
-0.3263359
-0.2877168
-0.2616635
-0.2452165
-0.2153426
-0.1728668
-0.1363720
-0.1063972
-0.0736662
-0.0702748
-0.0762839
-0.0843077
-0.0966176
-0.1064631
-0.1076628
-0.0841467
-0.0521836
-0.0229914
0.0035830
0.0305584
0.0623549
0.0962149
0.1302517
0.1618039
0.2008203
0.2276309
0.2437339
0.2429652
0.1973567
0.1281284
0.0577822
0.0377180
0.0412968
0.0206829
0.0114504
0.0182673
0.0429846
0.0831131
0.1021648
0.1139531
0.1158766
0.0867672
0.0420712
0.0077972
-0.0143878
-0.0312845
-0.0671341
-0.1018283
-0.1131358
-0.1172009
-0.1296759
-0.1627056
-0.1813952
-0.1924523
-0.1752236
-0.1422656
-0.1343772
-0.1426634
-0.1611811
-0.1621218
-0.1540168
-0.1480301
-0.1421679
-0.1234005
-0.0972683
-0.0551295
-0.0068356
0.0271953
0.0382393
0.0240517
-0.0001173
-0.0176625
-0.0178497
-0.0307049
-0.0439036
-0.0656612
-0.0978527
-0.1235927
-0.1067430
-0.0354122
0.0163704
0.0303225
0.0213715
0.0111132
0.0025868
-0.0149718
-0.0480474
-0.0938533
-0.1019169
-0.0916998
-0.1016942
-0.1165157
-0.1152879
-0.1008598
-0.1078093
-0.1190712
-0.1285439
-0.1248252
-0.0774673
-0.0066227
0.0530776
0.0769136
0.0962114
0.1371991
0.1631969
0.1845222
0.2011700
0.2103487
0.2022538
0.1670333
0.1301572
0.1007752
0.0853567
0.0619896
0.0254045
-0.0120988
-0.0437243
-0.0636557
-0.0773217
-0.0817536
-0.0701688
-0.0504081
-0.0343514
-0.0158671
0.0210836
0.0670117
0.1071181
0.1156197
0.0915598
0.0526755
0.0173594
-0.0168779
-0.0299174
-0.0091059
0.0018394
-0.0149247
-0.0395359
-0.0513654
-0.0589352
-0.0624254
-0.0583559
-0.0523041
-0.0301056
-0.0048090
0.0216093
0.0547883
0.0747095
0.0856843
0.0808573
0.0713005
0.0739625
0.0877921
0.0928668
0.0901313
0.0865689
0.0662733
0.0328203
0.0278886
0.0562864
0.0738037
0.0734884
0.0661145
0.0599580
0.0588924
0.0658656
0.0689032
0.0618404
0.0456541
0.0399752
0.0422583
0.0510516
0.0688415
0.0948560
0.1145813
0.1097631
0.1053266
0.1120020
0.1057202
0.0929990
0.0828293
0.0741126
0.0897138
0.1138240
0.1155132
0.0890507
0.0385565
-0.0300418
-0.0859541
-0.1126862
-0.1151535
-0.0881089
-0.0458522
-0.0289095
-0.0283583
-0.0223728
-0.0085711
-0.0020963
0.0102256
0.0316089
0.0467666
0.0418615
0.0205356
0.0072160
-0.0058574
-0.0205124
-0.0312379
-0.0251390
-0.0224180
-0.0253953
-0.0125119
0.0221306
0.0529028
0.0435140
0.0106314
-0.0370994
-0.0676930
-0.0447415
-0.0134093
-0.0260951
-0.0519414
-0.0584546
-0.0112381
0.0707888
0.1019604
0.0992410
0.0993974
0.1124326
0.1167910
0.1058502
0.1115513
0.1230845
0.1255312
0.1031662
0.0610143
0.0270261
0.0163182
0.0246281
0.0318738
0.0214402
-0.0068204
-0.0379035
-0.0712608
-0.0946765
-0.1094567
-0.1083779
-0.0785402
-0.0319826
0.0203275
0.0589173
0.0640346
0.0511056
0.0354749
0.0260080
0.0370387
0.0637502
0.0942055
0.0971252
0.0517365
0.0074149
-0.0155559
-0.0313147
-0.0200953
0.0009504
0.0180697
0.0045527
-0.0086093
0.0159563
0.0471587
0.0665685
0.0487020
0.0006867
-0.0294192
-0.0399914
-0.0229871
0.0051630
-0.0051543
-0.0388182
-0.0702741
-0.0920260
-0.1044096
-0.0987484
-0.0850338
-0.0867582
-0.0968662
-0.0868569
-0.0747769
-0.0756907
-0.0759736
-0.0701488
-0.0719867
-0.0756051
-0.0745720
-0.0845900
-0.1068842
-0.1122197
-0.0912963
-0.0576441
-0.0024009
0.0275709
0.0283844
0.0284227
0.0265951
0.0154171
0.0164002
0.0450823
0.0841304
0.1097644
0.1105426
0.0942192
0.0772782
0.0770247
0.0841437
0.0745736
0.0465281
0.0118547
-0.0092707
0.0039944
0.0313353
0.0498018
0.0428301
0.0270182
0.0019736
-0.0393059
-0.0655221
-0.0872725
-0.1047515
-0.1076742
-0.0929751
-0.0558991
-0.0228277
-0.0056966
0.0006485
-0.0037083
-0.0041357
-0.0165710
-0.0319335
-0.0186375
-0.0034652
0.0125060
0.0274985
0.0139003
-0.0134892
-0.0263445
-0.0375756
-0.0498843
-0.0481848
-0.0401521
-0.0086976
0.0018717
0.0029506
0.0171958
-0.0022729
-0.0253498
-0.0217402
0.0036167
0.0169084
-0.0026621
0.0086972
0.0521891
0.0483584
0.0163762
-0.0100951
-0.0324277
-0.0642211
-0.0642300
-0.0559216
-0.0647783
-0.0343394
-0.0068290
-0.0023071
0.0112454
0.0029296
-0.0296776
-0.0704794
-0.0706622
-0.0476784
-0.0532128
-0.0584216
-0.0642155
-0.0499940
-0.0192071
-0.0168165
-0.0410371
-0.0611249
-0.0647419
-0.0363354
-0.0321511
-0.0460117
-0.0313198
-0.0091450
0.0115117
0.0363881
0.0469103
0.0189548
-0.0039732
-0.0026571
0.0313399
0.0572171
0.0625762
0.0659278
0.0529353
0.0264493
-0.0079014
-0.0296975
-0.0015593
0.0491752
0.0717333
0.0624668
0.0508009
0.0560582
0.0483157
0.0245063
0.0160623
0.0413677
0.0557072
0.0142833
-0.0260087
-0.0177417
0.0123833
0.0229924
0.0173179
0.0102225
-0.0008996
0.0103565
0.0238987
0.0253342
0.0187193
-0.0037046
-0.0063297
0.0067216
0.0246309
0.0483445
0.0599263
0.0556829
0.0328508
0.0106316
0.0219880
0.0425253
0.0494820
0.0405973
0.0104678
-0.0036448
0.0031174
0.0114390
0.0158606
0.0090438
-0.0061507
-0.0028285
0.0203086
0.0290459
0.0256515
0.0446722
0.0752806
0.0894815
0.0862049
0.0845734
0.0979253
0.0972856
0.0662732
0.0341436
0.0241033
0.0320153
0.0437504
0.0386712
0.0122515
0.0131712
0.0316730
0.0255696
0.0096131
-0.0098882
-0.0395947
-0.0778277
-0.0984977
-0.1027368
-0.1035327
-0.0913347
-0.0692661
-0.0574292
-0.0569238
-0.0596535
-0.0679516
-0.0739151
-0.0658735
-0.0448204
-0.0267813
-0.0213457
-0.0175711
-0.0100631
-0.0110522
-0.0147650
-0.0043977
0.0088659
0.0128056
0.0101053
0.0086122
0.0041005
-0.0066575
-0.0090365
0.0018070
0.0072736
0.0035873
0.0000071
-0.0035185
-0.0071709
-0.0181530
-0.0251511
-0.0356970
-0.0547840
-0.0543743
-0.0493426
-0.0535521
-0.0595008
-0.0556510
-0.0360837
-0.0266478
-0.0268527
-0.0250193
-0.0237945
-0.0206508
-0.0192330
-0.0266644
-0.0442997
-0.0587307
-0.0536312
-0.0279927
-0.0083869
-0.0136547
-0.0239545
-0.0207930
-0.0092568
-0.0026214
-0.0052229
-0.0108253
-0.0130967
-0.0253301
-0.0395385
-0.0502789
-0.0560066
-0.0440917
-0.0242649
-0.0091221
-0.0100021
-0.0215546
-0.0279204
-0.0336864
-0.0587885
-0.0881265
-0.0999267
-0.0802709
-0.0542787
-0.0267581
0.0216653
0.0531536
0.0397690
0.0064691
0.0009419
0.0139313
0.0230635
0.0381665
0.0533180
0.0656309
0.0650237
0.0671519
0.0842402
0.0898881
0.0816474
0.0704029
0.0625824
0.0531552
0.0438459
0.0463868
0.0509455
0.0554688
0.0682504
0.0809568
0.0893240
0.0939815
0.0996913
0.0932060
0.0759274
0.0700302
0.0641729
0.0552616
0.0371134
0.0085137
-0.0068754
0.0004940
0.0194335
0.0310182
0.0272377
0.0191767
0.0173755
0.0257162
0.0252608
0.0156346
0.0096976
-0.0086909
-0.0264028
-0.0206428
0.0065269
0.0197270
0.0153671
0.0107257
0.0034711
0.0046825
0.0131293
0.0143496
0.0188788
0.0360186
0.0493986
0.0382971
0.0114072
-0.0059319
-0.0174196
-0.0343695
-0.0406986
-0.0353779
-0.0360236
-0.0496278
-0.0643948
-0.0665661
-0.0662537
-0.0683732
-0.0661787
-0.0544333
-0.0429311
-0.0357179
-0.0408237
-0.0416521
-0.0363874
-0.0272199
-0.0131428
-0.0080447
-0.0109248
-0.0330820
-0.0519112
-0.0529975
-0.0383324
-0.0270513
-0.0285474
-0.0277177
-0.0228186
-0.0118470
-0.0006455
-0.0068905
-0.0302564
-0.0315639
-0.0104238
0.0117421
0.0204218
0.0122901
0.0015291
-0.0110729
-0.0151867
0.0036924
0.0287692
0.0285304
-0.0053695
-0.0581117
-0.0968459
-0.0848676
-0.0441380
-0.0177170
0.0073495
0.0444872
0.0856134
0.0995430
0.0539434
-0.0155777
-0.0513302
-0.0212185
0.0316280
0.0530629
0.0539116
0.0158437
-0.0327067
-0.0717740
-0.0992049
-0.0635632
-0.0184870
0.0046781
0.0286480
0.0394368
-0.0010542
-0.0269169
-0.0031003
-0.0187915
-0.0440351
-0.0474960
-0.0349887
0.0190548
0.0593879
0.0383890
-0.0042524
-0.0143679
0.0169361
0.0446453
0.0562182
0.0643879
0.0660105
0.0470752
0.0211138
-0.0011820
-0.0175896
-0.0112358
0.0071937
0.0335484
0.0574005
0.0686638
0.0683468
0.0397206
0.0032222
-0.0150307
-0.0048757
0.0275411
0.0535627
0.0627316
0.0569775
0.0398623
0.0093481
-0.0093617
-0.0052320
0.0154585
0.0208086
0.0091749
0.0071777
0.0083817
0.0137613
0.0189080
0.0036854
-0.0286846
-0.0455652
-0.0317328
-0.0110645
-0.0014798
0.0017272
-0.0027226
-0.0036263
-0.0064342
-0.0156359
-0.0213356
-0.0326170
-0.0449154
-0.0581851
-0.0797705
-0.0982740
-0.0966160
-0.0860733
-0.0725254
-0.0486660
-0.0267832
-0.0138292
-0.0053324
-0.0009830
-0.0063261
-0.0185684
-0.0285587
-0.0289951
-0.0181842
-0.0137302
-0.0262025
-0.0359584
-0.0317536
-0.0202985
-0.0149705
-0.0079314
0.0034278
0.0085922
0.0069354
0.0057900
0.0097399
0.0117104
0.0115422
0.0093577
0.0107725
0.0153812
0.0167444
0.0291235
0.0408512
0.0347742
0.0192906
-0.0039160
-0.0132371
0.0074887
0.0356341
0.0495638
0.0424683
0.0254726
0.0185996
0.0197786
0.0155203
0.0122761
0.0208083
0.0407162
0.0548758
0.0614152
0.0442028
0.0058415
-0.0030684
0.0120242
0.0282311
0.0407000
0.0592032
0.0814442
0.0942050
0.1002436
0.0946367
0.0722582
0.0359824
0.0041239
0.0037671
0.0210321
0.0361071
0.0340404
0.0087997
-0.0235584
-0.0478058
-0.0584770
-0.0520597
-0.0427021
-0.0253722
-0.0045358
0.0011503
0.0021568
0.0015317
-0.0107579
-0.0310624
-0.0286970
-0.0110134
-0.0078594
-0.0232161
-0.0375147
-0.0460266
-0.0490718
-0.0355120
-0.0243696
-0.0252865
-0.0191478
-0.0083208
-0.0064447
-0.0115888
-0.0149819
-0.0125472
-0.0039147
-0.0109174
-0.0304631
-0.0425418
-0.0387614
-0.0217394
-0.0151424
-0.0094682
-0.0067520
-0.0154718
-0.0274414
-0.0253355
-0.0090107
0.0071180
0.0073934
0.0001078
0.0021047
-0.0114804
-0.0322655
-0.0294373
-0.0103298
-0.0131717
-0.0160327
-0.0012629
-0.0005026
-0.0148409
-0.0181927
-0.0042675
0.0096445
0.0188002
0.0195722
0.0151342
0.0128082
0.0168259
0.0169038
0.0144879
0.0166145
0.0124255
0.0007049
-0.0168672
-0.0355107
-0.0494937
-0.0584111
-0.0533852
-0.0422163
-0.0309867
-0.0257105
-0.0208334
-0.0162528
-0.0229710
-0.0230037
-0.0269582
-0.0341245
-0.0363607
-0.0323164
-0.0218373
-0.0056938
0.0011169
-0.0002997
-0.0005313
-0.0056901
-0.0100442
-0.0073899
0.0071602
0.0212564
0.0242673
0.0151687
0.0059022
0.0036543
0.0085180
0.0148599
0.0173890
0.0225430
0.0289926
0.0325401
0.0376381
0.0371736
0.0378646
0.0389965
0.0357522
0.0384905
0.0452968
0.0529225
0.0598585
0.0655284
0.0666587
0.0566537
0.0365422
0.0229791
0.0246738
0.0254548
0.0246838
0.0298069
0.0297286
0.0225121
0.0148344
0.0117567
0.0098802
0.0080303
0.0149721
0.0223783
0.0182570
0.0171426
0.0181593
0.0050739
-0.0104686
-0.0104482
-0.0024024
0.0018806
-0.0000092
-0.0068984
-0.0179602
-0.0272401
-0.0235953
-0.0234525
-0.0288280
-0.0295387
-0.0269949
-0.0257498
-0.0249540
-0.0192444
-0.0174979
-0.0145946
-0.0063056
0.0012907
-0.0028070
-0.0114015
-0.0055223
-0.0029727
-0.0043274
-0.0046283
-0.0041391
-0.0091373
-0.0193561
-0.0191308
-0.0196027
-0.0301206
-0.0354755
-0.0312766
-0.0307064
-0.0341024
-0.0384831
-0.0400736
-0.0344583
-0.0219790
-0.0106965
-0.0084505
-0.0098288
-0.0087870
-0.0029520
0.0076127
0.0103775
0.0053086
0.0075074
0.0141766
0.0212187
0.0271612
0.0269458
0.0255911
0.0231384
0.0170744
0.0066228
0.0058297
0.0089512
0.0060665
-0.0004542
-0.0067863
-0.0077475
-0.0148240
-0.0252343
-0.0316165
-0.0246348
-0.0088466
0.0044669
0.0142784
0.0178745
0.0165890
0.0211373
0.0308825
0.0379232
0.0361925
0.0268744
0.0193646
0.0144873
0.0153050
0.0123924
0.0061856
0.0036547
0.0025152
0.0029630
0.0062511
0.0130853
0.0162437
0.0081635
0.0050106
0.0063074
0.0033756
0.0059223
0.0081904
0.0153430
0.0178720
0.0090977
0.0059153
0.0087052
0.0060770
0.0001267
0.0018966
0.0069592
0.0102871
0.0091667
-0.0029873
-0.0152371
-0.0193039
-0.0213159
-0.0229846
-0.0211057
-0.0143760
-0.0089935
-0.0064203
0.0018657
0.0106941
0.0076282
-0.0004932
-0.0081783
-0.0093076
-0.0123529
-0.0195133
-0.0180720
-0.0121266
-0.0122255
-0.0205710
-0.0261808
-0.0233467
-0.0133495
-0.0015615
0.0052374
0.0078725
0.0069761
0.0015372
-0.0002612
0.0011624
-0.0010310
-0.0010076
-0.0022135
-0.0028578
-0.0038087
-0.0058945
0.0005226
-0.0025197
-0.0143701
-0.0192312
-0.0168747
-0.0090367
-0.0099464
-0.0133248
-0.0131923
-0.0100885
-0.0079236
-0.0089452
-0.0067877
-0.0095028
-0.0117154
-0.0114813
-0.0096126
-0.0062464
-0.0065444
-0.0054952
-0.0051579
-0.0052613
0.0018545
0.0108347
0.0167994
0.0205473
0.0233151
0.0223346
0.0219718
0.0244773
0.0206301
0.0190838
0.0189509
0.0213207
0.0238291
0.0225657
0.0255339
0.0263767
0.0301040
0.0341378
0.0319592
0.0240117
0.0206097
0.0241572
0.0214980
0.0191278
0.0178718
0.0173852
0.0175544
0.0127154
0.0062506
0.0024124
0.0027600
0.0035144
0.0064340
0.0118415
0.0110881
0.0049019
-0.0035187
-0.0115134
-0.0133899
-0.0056212
0.0058190
0.0058468
-0.0029748
-0.0105729
-0.0137819
-0.0140518
-0.0138029
-0.0161128
-0.0207499
-0.0197597
-0.0158570
-0.0166724
-0.0211795
-0.0218718
-0.0230151
-0.0248443
-0.0216925
-0.0145113
-0.0074077
-0.0102755
-0.0192629
-0.0208408
-0.0139992
-0.0078887
-0.0033269
0.0048028
0.0107331
0.0104101
0.0014659
-0.0072908
-0.0079425
-0.0065721
-0.0043271
-0.0025374
-0.0035565
-0.0034740
-0.0035291
-0.0032656
-0.0006452
0.0029081
0.0075352
0.0076715
-0.0022082
-0.0119865
-0.0135238
-0.0102911
0.0004509
0.0077315
0.0026060
-0.0055994
-0.0106003
-0.0108333
-0.0129018
-0.0194191
-0.0208750
-0.0107331
0.0005113
0.0019167
0.0022493
0.0046022
0.0025576
-0.0007440
-0.0013940
-0.0013868
0.0013716
0.0078038
0.0126715
0.0149877
0.0184217
0.0179819
0.0117124
0.0075950
0.0068105
0.0084810
0.0112527
0.0136073
0.0152144
0.0138569
0.0131699
0.0142875
0.0173820
0.0190317
0.0164701
0.0133230
0.0131599
0.0141517
0.0140920
0.0144186
0.0157157
0.0170527
0.0127307
0.0071133
0.0020557
0.0007240
0.0028587
0.0003327
-0.0048653
-0.0092816
-0.0097638
-0.0084565
-0.0101038
-0.0130861
-0.0141757
-0.0120207
-0.0114231
-0.0131397
-0.0104584
-0.0084777
-0.0077178
-0.0112810
-0.0143805
-0.0134995
-0.0132578
-0.0120951
-0.0123602
-0.0118991
-0.0116392
-0.0139534
-0.0143515
-0.0137116
-0.0127875
-0.0100441
-0.0087553
-0.0071307
-0.0060791
-0.0060478
-0.0059718
-0.0045349
-0.0037213
-0.0056655
-0.0088599
-0.0093701
-0.0079390
-0.0081267
-0.0087138
-0.0063955
-0.0026511
-0.0016348
-0.0021222
-0.0032618
-0.0033397
-0.0018548
-0.0012656
-0.0006427
0.0015112
0.0031531
0.0028905
0.0008769
-0.0008659
0.0004263
0.0016622
0.0010284
0.0015760
0.0029854
0.0045275
0.0057642
0.0072721
0.0077113
0.0076488
0.0067966
0.0060774
0.0068697
0.0063335
0.0059381
0.0060254
0.0060188
0.0066219
0.0067980
0.0062815
0.0055138
0.0050676
0.0050286
0.0055360
0.0054606
0.0048891
0.0049057
0.0050495
0.0051589
0.0046871
0.0037070
0.0027727
0.0020719
0.0014564
0.0007019
0.0003969
0.0004682
0.0006627
0.0006650
0.0008684
0.0010652
0.0009197
0.0004457
-0.0002321
-0.0004249
-0.0005828
-0.0007371
-0.0011632
-0.0016143
-0.0019078
-0.0019964
-0.0017665
-0.0017081
-0.0015665
-0.0014727
-0.0015669
-0.0015448
-0.0015079
-0.0015309
-0.0015109
-0.0014431
-0.0012601
-0.0009604
-0.0007869
-0.0007275
-0.0006266
-0.0005475
-0.0004597
-0.0003485
-0.0002595
-0.0001927
-0.0001005
0.0000152
0.0001014
0.0001708
0.0002349
0.0002914
0.0003411
0.0003757
0.0003888
0.0003786
0.0003482
