0.0032221
0.0041858
0.0040470
0.0023974
0.0025848
0.0025653
0.0025387
0.0025071
0.0024746
0.0024413
0.0024078
0.0023774
0.0023528
0.0023349
0.0023210
0.0023062
0.0022873
0.0022667
0.0022490
0.0022366
0.0022323
0.0022400
0.0022574
0.0022776
0.0022924
0.0022935
0.0022790
0.0022501
0.0022065
0.0021583
0.0021243
0.0021135
0.0021249
0.0021550
0.0022003
0.0022552
0.0023084
0.0023481
0.0023744
0.0024041
0.0024521
0.0024992
0.0025014
0.0024424
0.0023434
0.0022435
0.0021854
0.0021910
0.0022533
0.0023393
0.0023960
0.0023869
0.0023362
0.0023021
0.0022990
0.0022768
0.0021830
0.0020191
0.0018298
0.0016746
0.0016106
0.0016532
0.0017769
0.0019464
0.0020938
0.0021226
0.0019993
0.0017891
0.0016026
0.0015143
0.0014836
0.0013884
0.0011725
0.0009379
0.0008648
0.0010316
0.0013702
0.0017433
0.0020170
0.0021273
0.0021316
0.0021650
0.0022624
0.0023098
0.0021683
0.0017984
0.0013508
0.0010596
0.0010467
0.0012637
0.0015125
0.0015656
0.0013737
0.0010874
0.0009088
0.0009234
0.0010089
0.0009809
0.0007397
0.0003276
-0.0000473
-0.0001173
0.0002327
0.0009047
0.0017190
0.0024508
0.0028351
0.0026939
0.0021303
0.0014889
0.0009979
0.0006064
0.0001621
-0.0003587
-0.0008051
-0.0010249
-0.0009907
-0.0007751
-0.0004879
-0.0002874
-0.0002664
-0.0003011
-0.0001430
0.0003639
0.0010988
0.0017285
0.0019139
0.0015975
0.0011001
0.0006745
0.0003302
-0.0000006
-0.0003612
-0.0006669
-0.0009360
-0.0012692
-0.0014647
-0.0011997
-0.0004510
0.0005282
0.0014157
0.0018878
0.0016659
0.0007177
-0.0005351
-0.0013658
-0.0013463
-0.0007199
-0.0001585
-0.0000814
-0.0003399
-0.0006297
-0.0006980
-0.0003900
0.0002031
0.0007862
0.0011152
0.0011031
0.0007628
0.0000924
-0.0008580
-0.0018226
-0.0025783
-0.0029834
-0.0029130
-0.0023940
-0.0015440
-0.0004345
0.0009405
0.0024526
0.0037299
0.0043711
0.0041040
0.0029448
0.0012633
-0.0004688
-0.0018907
-0.0028817
-0.0035512
-0.0038745
-0.0035538
-0.0024286
-0.0008507
0.0006102
0.0016253
0.0019404
0.0014049
0.0004265
-0.0001917
0.0002341
0.0018514
0.0040543
0.0058046
0.0062137
0.0050929
0.0032165
0.0015296
0.0002035
-0.0010546
-0.0022944
-0.0030587
-0.0030222
-0.0026583
-0.0029267
-0.0041261
-0.0053593
-0.0053818
-0.0037411
-0.0011154
0.0015184
0.0035179
0.0044742
0.0040538
0.0023276
-0.0001026
-0.0024581
-0.0036904
-0.0027494
0.0001824
0.0033752
0.0046117
0.0026662
-0.0018325
-0.0071137
-0.0114084
-0.0137327
-0.0138180
-0.0118098
-0.0083377
-0.0041598
0.0000192
0.0034354
0.0053362
0.0052795
0.0032161
-0.0006200
-0.0055599
-0.0105392
-0.0142015
-0.0153966
-0.0141042
-0.0113613
-0.0087011
-0.0072811
-0.0068878
-0.0061949
-0.0039324
-0.0001852
0.0035982
0.0057504
0.0053520
0.0031610
0.0012924
0.0017833
0.0048077
0.0082200
0.0095989
0.0079833
0.0040512
-0.0007008
-0.0045411
-0.0063986
-0.0065794
-0.0059729
-0.0054292
-0.0055113
-0.0064649
-0.0084304
-0.0108014
-0.0123207
-0.0122147
-0.0107744
-0.0090290
-0.0077171
-0.0069448
-0.0062173
-0.0050750
-0.0037838
-0.0031190
-0.0038325
-0.0060335
-0.0088443
-0.0108090
-0.0107958
-0.0080034
-0.0019921
0.0066261
0.0157496
0.0224385
0.0247676
0.0225174
0.0157595
0.0047046
-0.0081368
-0.0182892
-0.0225788
-0.0213890
-0.0182222
-0.0166110
-0.0171988
-0.0177673
-0.0158009
-0.0108517
-0.0046790
0.0003920
0.0028616
0.0021998
-0.0011503
-0.0058759
-0.0102367
-0.0125062
-0.0116086
-0.0074677
-0.0010852
0.0055472
0.0107907
0.0139098
0.0143483
0.0119721
0.0068053
-0.0006437
-0.0083133
-0.0135604
-0.0144699
-0.0111494
-0.0063149
-0.0033594
-0.0044558
-0.0094560
-0.0158785
-0.0210021
-0.0234346
-0.0233438
-0.0217877
-0.0197247
-0.0178715
-0.0164526
-0.0150735
-0.0130538
-0.0091227
-0.0017740
0.0088187
0.0201170
0.0282537
0.0302199
0.0261158
0.0183414
0.0085580
-0.0033511
-0.0165786
-0.0269586
-0.0296677
-0.0241318
-0.0145108
-0.0061960
-0.0020023
-0.0012231
-0.0019972
-0.0038092
-0.0075228
-0.0127455
-0.0170163
-0.0182518
-0.0167990
-0.0142123
-0.0108948
-0.0060054
0.0011022
0.0096068
0.0175355
0.0227858
0.0235726
0.0192938
0.0105137
-0.0017823
-0.0153015
-0.0265623
-0.0323346
-0.0311139
-0.0239345
-0.0133652
-0.0024307
0.0061350
0.0108470
0.0115105
0.0081823
0.0009710
-0.0080334
-0.0140613
-0.0122873
-0.0012130
0.0151858
0.0292731
0.0342660
0.0280632
0.0146652
0.0008282
-0.0088230
-0.0136902
-0.0159912
-0.0176776
-0.0186310
-0.0182167
-0.0167902
-0.0144369
-0.0102080
-0.0034891
0.0038745
0.0077458
0.0056698
-0.0006728
-0.0077187
-0.0128840
-0.0143026
-0.0103812
-0.0014857
0.0092678
0.0176072
0.0206431
0.0185971
0.0143933
0.0114395
0.0109018
0.0097812
0.0024589
-0.0135969
-0.0335509
-0.0481361
-0.0507253
-0.0413123
-0.0250761
-0.0084086
0.0041755
0.0115288
0.0157219
0.0190609
0.0209558
0.0183149
0.0085260
-0.0075707
-0.0256116
-0.0393638
-0.0431171
-0.0354336
-0.0203663
-0.0046437
0.0058305
0.0084379
0.0044583
-0.0025115
-0.0084039
-0.0106636
-0.0097159
-0.0083729
-0.0097203
-0.0145250
-0.0205579
-0.0243141
-0.0240775
-0.0216377
-0.0198810
-0.0196264
-0.0189779
-0.0149719
-0.0064069
0.0038992
0.0100264
0.0073070
-0.0042381
-0.0200384
-0.0341641
-0.0425083
-0.0436761
-0.0389753
-0.0319481
-0.0264535
-0.0237460
-0.0212596
-0.0146873
-0.0019770
0.0136046
0.0243660
0.0231649
0.0094946
-0.0087532
-0.0202825
-0.0173370
-0.0005850
0.0211395
0.0367916
0.0399288
0.0320021
0.0198731
0.0101956
0.0059619
0.0059166
0.0057277
0.0011932
-0.0078221
-0.0162378
-0.0177525
-0.0115825
-0.0041100
-0.0015861
-0.0031812
-0.0024704
0.0054456
0.0185885
0.0298398
0.0326664
0.0261964
0.0169092
0.0141285
0.0225680
0.0386705
0.0531954
0.0574979
0.0488972
0.0318303
0.0142372
0.0019062
-0.0046929
-0.0095255
-0.0174818
-0.0306229
-0.0464264
-0.0592769
-0.0640931
-0.0587158
-0.0438940
-0.0224339
0.0011490
0.0205219
0.0293118
0.0254823
0.0138524
0.0036361
0.0025259
0.0115230
0.0238379
0.0293901
0.0235947
0.0121231
0.0056949
0.0099293
0.0192665
0.0208297
0.0052946
-0.0244443
-0.0538690
-0.0666145
-0.0559930
-0.0293610
-0.0016783
0.0146584
0.0152005
0.0037433
-0.0097159
-0.0140004
-0.0041646
0.0141851
0.0282389
0.0269647
0.0082059
-0.0200030
-0.0453070
-0.0597684
-0.0635696
-0.0620399
-0.0595800
-0.0564528
-0.0504535
-0.0406204
-0.0280837
-0.0131687
0.0046193
0.0224323
0.0318656
0.0240763
0.0010380
-0.0214913
-0.0258113
-0.0073737
0.0214325
0.0421427
0.0433605
0.0255790
-0.0033191
-0.0335061
-0.0548575
-0.0595471
-0.0464075
-0.0228730
-0.0002397
0.0131863
0.0150333
0.0093837
0.0047711
0.0090484
0.0227355
0.0361660
0.0374639
0.0248063
0.0089092
0.0035879
0.0140637
0.0334503
0.0486871
0.0485555
0.0278298
-0.0099903
-0.0516572
-0.0807268
-0.0880790
-0.0772639
-0.0599668
-0.0451002
-0.0331674
-0.0195634
-0.0002263
0.0245987
0.0488316
0.0625501
0.0575856
0.0337065
0.0010563
-0.0232151
-0.0236450
0.0023230
0.0394385
0.0613151
0.0473659
0.0011384
-0.0486013
-0.0705726
-0.0559325
-0.0220462
0.0056322
0.0144814
0.0090834
0.0011056
-0.0011853
0.0039244
0.0136496
0.0236785
0.0303193
0.0322638
0.0319880
0.0348491
0.0443053
0.0575935
0.0668993
0.0643360
0.0485438
0.0259443
0.0047085
-0.0104662
-0.0193694
-0.0247328
-0.0298687
-0.0379151
-0.0511909
-0.0692191
-0.0895871
-0.1091011
-0.1233812
-0.1271993
-0.1160423
-0.0897174
-0.0536661
-0.0151066
0.0199841
0.0475956
0.0655549
0.0723066
0.0684312
0.0580796
0.0474099
0.0414192
0.0407208
0.0411928
0.0369605
0.0243212
0.0035149
-0.0232427
-0.0528574
-0.0805472
-0.1011197
-0.1110847
-0.1111599
-0.1062139
-0.1014714
-0.0974989
-0.0905106
-0.0766860
-0.0540946
-0.0243494
0.0090259
0.0435526
0.0773367
0.1081413
0.1317656
0.1431226
0.1402753
0.1254876
0.1045668
0.0832280
0.0637468
0.0457215
0.0265329
0.0023874
-0.0271592
-0.0550412
-0.0705147
-0.0683615
-0.0534507
-0.0355798
-0.0212164
-0.0121558
-0.0076358
-0.0061876
-0.0049086
0.0018475
0.0167749
0.0352846
0.0486540
0.0509068
0.0448579
0.0386993
0.0372528
0.0373322
0.0317128
0.0179262
0.0004932
-0.0137450
-0.0216935
-0.0259325
-0.0319752
-0.0423434
-0.0536098
-0.0599421
-0.0582032
-0.0506309
-0.0416193
-0.0335181
-0.0256580
-0.0170274
-0.0090112
-0.0049154
-0.0050763
-0.0040156
0.0045232
0.0210905
0.0402149
0.0564538
0.0667544
0.0692341
0.0619511
0.0448451
0.0235950
0.0058075
-0.0055008
-0.0127871
-0.0197946
-0.0276949
-0.0342377
-0.0362400
-0.0331201
-0.0264126
-0.0189403
-0.0124219
-0.0052699
0.0045225
0.0162982
0.0264772
0.0315897
0.0324232
0.0332096
0.0372424
0.0440742
0.0494684
0.0495408
0.0435981
0.0331833
0.0205732
0.0095575
0.0020533
-0.0025008
-0.0039064
-0.0029546
0.0000981
0.0037130
0.0040958
-0.0018519
-0.0124987
-0.0193351
-0.0147949
0.0012314
0.0215659
0.0360880
0.0383801
0.0299712
0.0187616
0.0130242
0.0198852
0.0406064
0.0668661
0.0877417
0.0962173
0.0950569
0.0934350
0.0966245
0.1037195
0.1097820
0.1103259
0.1049467
0.0955187
0.0843592
0.0729274
0.0620389
0.0517788
0.0418085
0.0328022
0.0249525
0.0189633
0.0157976
0.0153627
0.0167046
0.0186269
0.0220665
0.0286005
0.0383331
0.0506935
0.0643924
0.0780047
0.0919903
0.1067758
0.1216791
0.1358379
0.1462615
0.1521007
0.1543766
0.1529085
0.1482064
0.1386371
0.1223279
0.0997668
0.0720010
0.0428230
0.0162203
-0.0085389
-0.0316917
-0.0529507
-0.0727201
-0.0883885
-0.0986623
-0.1054279
-0.1116400
-0.1181562
-0.1225733
-0.1220456
-0.1165767
-0.1092209
-0.1016803
-0.0953147
-0.0912295
-0.0884203
-0.0853739
-0.0816127
-0.0776244
-0.0738639
-0.0706739
-0.0666980
-0.0612242
-0.0532883
-0.0409418
-0.0246991
-0.0045454
0.0195789
0.0491417
0.0857684
0.1259702
0.1647762
0.1979101
0.2228956
0.2397573
0.2504676
0.2588457
0.2664912
0.2713609
0.2720516
0.2692021
0.2638151
0.2574311
0.2510948
0.2451601
0.2395535
0.2339672
0.2291712
0.2257654
0.2237669
0.2236513
0.2265312
0.2330019
0.2414653
0.2498737
0.2563141
0.2602821
0.2656474
0.2738506
0.2837879
0.2947208
0.3034818
0.3083731
0.3091231
0.3056045
0.2982032
0.2843240
0.2581666
0.2159755
0.1579862
0.0877921
0.0098934
-0.0746805
-0.1663961
-0.2626360
-0.3532678
-0.4257794
-0.4749282
-0.5034091
-0.5194645
-0.5320548
-0.5471565
-0.5661322
-0.5885080
-0.6122971
-0.6330357
-0.6487862
-0.6591021
-0.6636394
-0.6633504
-0.6583709
-0.6478600
-0.6310922
-0.6098695
-0.5893346
-0.5734295
-0.5637393
-0.5568466
-0.5419834
-0.5053295
-0.4359074
-0.3352414
-0.2160752
-0.0906388
0.0359913
0.1656851
0.2982494
0.4307588
0.5608695
0.6764406
0.7538565
0.7752989
0.7401709
0.6579966
0.5423128
0.4095968
0.2689709
0.1147029
-0.0605938
-0.2411705
-0.3890908
-0.4803440
-0.5272415
-0.5609504
-0.6003137
-0.6361410
-0.6443457
-0.6070199
-0.5184848
-0.3870042
-0.2388845
-0.1062042
-0.0035313
0.0755161
0.1463265
0.2240082
0.3139855
0.4067574
0.4859521
0.5400052
0.5688055
0.5805678
0.5834982
0.5810172
0.5726723
0.5592381
0.5429429
0.5263123
0.5121427
0.5006448
0.4903853
0.4804481
0.4694083
0.4565651
0.4429286
0.4287763
0.4106835
0.3834553
0.3463333
0.3029125
0.2587851
0.2178511
0.1778289
0.1346835
0.0852757
0.0257820
-0.0471953
-0.1358969
-0.2446992
-0.3770973
-0.5257083
-0.6678949
-0.7685594
-0.8020097
-0.7736183
-0.7092205
-0.6309376
-0.5485047
-0.4662437
-0.3902179
-0.3279977
-0.2822085
-0.2480689
-0.2183453
-0.1874353
-0.1531801
-0.1177142
-0.0837956
-0.0517320
-0.0200570
0.0126241
0.0459513
0.0796938
0.1142092
0.1504447
0.1879324
0.2246455
0.2599093
0.2910172
0.3133902
0.3239112
0.3206094
0.3036509
0.2750066
0.2381808
0.1996340
0.1642922
0.1322825
0.1002755
0.0635562
0.0203918
-0.0275723
-0.0774218
-0.1270629
-0.1740416
-0.2121607
-0.2331825
-0.2297810
-0.1994057
-0.1462080
-0.0797533
-0.0121192
0.0493940
0.1039113
0.1524446
0.1960186
0.2370797
0.2776134
0.3140274
0.3397643
0.3497290
0.3440906
0.3268301
0.3019342
0.2722438
0.2373846
0.1979852
0.1569386
0.1185904
0.0864866
0.0600061
0.0377674
0.0170720
-0.0040325
-0.0253465
-0.0497118
-0.0787591
-0.1097982
-0.1403804
-0.1698482
-0.1985791
-0.2296177
-0.2662557
-0.3054008
-0.3387571
-0.3535554
-0.3380736
-0.2930706
-0.2312809
-0.1705028
-0.1232604
-0.0872299
-0.0494100
-0.0012074
0.0540820
0.1063719
0.1458019
0.1691271
0.1797566
0.1828344
0.1819486
0.1759851
0.1614773
0.1366357
0.1011162
0.0554967
0.0022074
-0.0554903
-0.1149071
-0.1726500
-0.2255428
-0.2727799
-0.3171920
-0.3628540
-0.4108655
-0.4564206
-0.4908838
-0.5075404
-0.5047255
-0.4871818
-0.4620431
-0.4333700
-0.4019528
-0.3675300
-0.3304599
-0.2921039
-0.2531351
-0.2147371
-0.1799661
-0.1483365
-0.1174544
-0.0873234
-0.0593904
-0.0375230
-0.0250034
-0.0213333
-0.0237216
-0.0262997
-0.0217751
-0.0066255
0.0189792
0.0510465
0.0846800
0.1175934
0.1499650
0.1843676
0.2226933
0.2648252
0.3102646
0.3562286
0.3951569
0.4212493
0.4344147
0.4386124
0.4397164
0.4401745
0.4370417
0.4248618
0.3995497
0.3625115
0.3214403
0.2846506
0.2564297
0.2372011
0.2234086
0.2107316
0.1979534
0.1859267
0.1784228
0.1793520
0.1896563
0.2090149
0.2351174
0.2621837
0.2819845
0.2858224
0.2675490
0.2273260
0.1699898
0.1019518
0.0283443
-0.0465121
-0.1180559
-0.1841811
-0.2426545
-0.2898121
-0.3220732
-0.3385404
-0.3439100
-0.3438753
-0.3402007
-0.3310567
-0.3142976
-0.2901329
-0.2609973
-0.2294674
-0.1969492
-0.1636231
-0.1283646
-0.0894256
-0.0461276
0.0004381
0.0503763
0.1017526
0.1482223
0.1853400
0.2124410
0.2312564
0.2441169
0.2510557
0.2501671
0.2401735
0.2216688
0.1973335
0.1704132
0.1432349
0.1160627
0.0870715
0.0541700
0.0177619
-0.0180876
-0.0495847
-0.0762041
-0.0996381
-0.1217966
-0.1475128
-0.1798086
-0.2153989
-0.2508217
-0.2840379
-0.3156631
-0.3461151
-0.3730311
-0.3937394
-0.4045711
-0.4022114
-0.3880837
-0.3677785
-0.3445183
-0.3187858
-0.2906805
-0.2591275
-0.2246975
-0.1889439
-0.1538376
-0.1216957
-0.0920261
-0.0649419
-0.0404492
-0.0161382
0.0074179
0.0288873
0.0489643
0.0656416
0.0740552
0.0706673
0.0543252
0.0276047
-0.0052423
-0.0431090
-0.0859873
-0.1324658
-0.1796222
-0.2204189
-0.2445446
-0.2487322
-0.2391923
-0.2249446
-0.2147357
-0.2120552
-0.2142935
-0.2166026
-0.2141562
-0.2050383
-0.1901201
-0.1724998
-0.1549459
-0.1379699
-0.1211633
-0.1010606
-0.0735252
-0.0389225
0.0004222
0.0416056
0.0802406
0.1144547
0.1458395
0.1747554
0.2011469
0.2261338
0.2495949
0.2718190
0.2930373
0.3048473
0.2715979
0.1564328
-0.0085308
-0.1345542
-0.1674278
-0.1299961
-0.0822899
-0.0630867
-0.0667061
-0.0675337
-0.0512728
-0.0191594
0.0184001
0.0517979
0.0785534
0.1023655
0.1270363
0.1522264
0.1769634
0.2012596
0.2233320
0.2414306
0.2543027
0.2586203
0.2518736
0.2334036
0.2043953
0.1681705
0.1301782
0.0970635
0.0709576
0.0501505
0.0314390
0.0126124
-0.0034296
-0.0149829
-0.0220751
-0.0248417
-0.0251710
-0.0242806
-0.0228050
-0.0217951
-0.0215977
-0.0214408
-0.0221809
-0.0263588
-0.0352911
-0.0493759
-0.0677670
-0.0877171
-0.1085016
-0.1292493
-0.1476588
-0.1630148
-0.1745242
-0.1830020
-0.1909987
-0.2001816
-0.2100582
-0.2185635
-0.2219925
-0.2156894
-0.2015963
-0.1843502
-0.1664972
-0.1497020
-0.1324818
-0.1127614
-0.0904282
-0.0683070
-0.0495921
-0.0364958
-0.0307003
-0.0313114
-0.0362237
-0.0455046
-0.0591190
-0.0748366
-0.0901768
-0.1020343
-0.1070244
-0.1036850
-0.0924169
-0.0752039
-0.0558472
-0.0368856
-0.0196500
-0.0047826
0.0083270
0.0196443
0.0284659
0.0338478
0.0373092
0.0419195
0.0487943
0.0576080
0.0679348
0.0793522
0.0902738
0.0993992
0.1059962
0.1087769
0.1076787
0.1037405
0.0990215
0.0973025
0.1000112
0.1065579
0.1173386
0.1314580
0.1473784
0.1644179
0.1821784
0.2018073
0.2236903
0.2461644
0.2682729
0.2886214
0.3050655
0.3174520
0.3263113
0.3305857
0.3297533
0.3234618
0.3112501
0.2940127
0.2739460
0.2538908
0.2355451
0.2184854
0.2003969
0.1790933
0.1537191
0.1246746
0.0937867
0.0637457
0.0354298
0.0081067
-0.0176656
-0.0403786
-0.0567858
-0.0634046
-0.0601607
-0.0480776
-0.0294703
-0.0069519
0.0187041
0.0457931
0.0725715
0.0971946
0.1179663
0.1340930
0.1424741
0.1398790
0.1260810
0.1026343
0.0741911
0.0462852
0.0215176
0.0008696
-0.0159123
-0.0297684
-0.0403548
-0.0478538
-0.0540995
-0.0604961
-0.0682988
-0.0785433
-0.0894696
-0.0980758
-0.1033097
-0.1047887
-0.1032941
-0.1011666
-0.0998332
-0.0983087
-0.0953421
-0.0909247
-0.0847347
-0.0771246
-0.0684043
-0.0593067
-0.0525366
-0.0497172
-0.0511138
-0.0562502
-0.0630537
-0.0706001
-0.0791892
-0.0877270
-0.0965666
-0.1062711
-0.1160296
-0.1253735
-0.1335288
-0.1399903
-0.1453656
-0.1497670
-0.1521123
-0.1521917
-0.1509635
-0.1500835
-0.1503638
-0.1523651
-0.1564111
-0.1618068
-0.1677790
-0.1737829
-0.1794285
-0.1837043
-0.1844918
-0.1796135
-0.1682385
-0.1510155
-0.1294944
-0.1041741
-0.0743370
-0.0408993
-0.0064196
0.0266220
0.0556072
0.0789333
0.0977976
0.1121950
0.1216047
0.1277231
0.1306949
0.1298594
0.1255167
0.1185150
0.1094781
0.0992224
0.0900372
0.0843516
0.0831545
0.0865922
0.0930066
0.1003139
0.1078781
0.1153961
0.1234016
0.1316843
0.1401427
0.1488162
0.1568605
0.1640610
0.1687948
0.1698944
0.1684148
0.1642156
0.1574111
0.1478365
0.1347022
0.1208506
0.1092888
0.1017894
0.0991264
0.1010935
0.1082708
0.1195626
0.1330695
0.1460144
0.1554126
0.1597375
0.1587043
0.1520559
0.1399561
0.1251597
0.1104400
0.0974859
0.0866085
0.0766850
0.0667607
0.0555123
0.0419437
0.0272729
0.0124199
-0.0027004
-0.0169695
-0.0303249
-0.0443049
-0.0587163
-0.0716295
-0.0813106
-0.0878920
-0.0928210
-0.0971741
-0.1016355
-0.1058507
-0.1089787
-0.1106161
-0.1110584
-0.1120741
-0.1152126
-0.1205802
-0.1277192
-0.1345301
-0.1387801
-0.1393272
-0.1357450
-0.1293145
-0.1218444
-0.1143371
-0.1060546
-0.0959687
-0.0856489
-0.0774691
-0.0720613
-0.0687543
-0.0664054
-0.0633552
-0.0582049
-0.0509624
-0.0422465
-0.0323976
-0.0224711
-0.0138443
-0.0064796
0.0001420
0.0049316
0.0069044
0.0068329
0.0046750
0.0009498
-0.0029859
-0.0064442
-0.0099391
-0.0154462
-0.0234252
-0.0333385
-0.0434163
-0.0504701
-0.0530842
-0.0523356
-0.0492241
-0.0441989
-0.0383172
-0.0329301
-0.0292342
-0.0264868
-0.0232805
-0.0193987
-0.0160457
-0.0154364
-0.0189146
-0.0263656
-0.0371144
-0.0497057
-0.0622174
-0.0727774
-0.0791346
-0.0799378
-0.0754790
-0.0670977
-0.0561002
-0.0446034
-0.0331200
-0.0201248
-0.0054392
0.0108895
0.0289546
0.0477304
0.0656890
0.0812025
0.0919563
0.0977213
0.1004266
0.1016744
0.1021986
0.1020274
0.1006925
0.0975137
0.0931726
0.0882327
0.0826945
0.0775982
0.0732064
0.0684975
0.0626513
0.0554775
0.0473548
0.0386501
0.0285296
0.0172584
0.0056528
-0.0065968
-0.0187846
-0.0306909
-0.0421798
-0.0520607
-0.0581063
-0.0582584
-0.0536985
-0.0469323
-0.0401103
-0.0354827
-0.0330219
-0.0316595
-0.0315342
-0.0326391
-0.0343855
-0.0370966
-0.0407796
-0.0441364
-0.0468582
-0.0491832
-0.0508860
-0.0512342
-0.0492153
-0.0443086
-0.0369888
-0.0282203
-0.0194253
-0.0103174
0.0004632
0.0115873
0.0204966
0.0248657
0.0246436
0.0228011
0.0214101
0.0201225
0.0175476
0.0127217
0.0056749
-0.0026406
-0.0112617
-0.0199368
-0.0273820
-0.0323694
-0.0350907
-0.0365569
-0.0375051
-0.0378980
-0.0378821
-0.0366880
-0.0351925
-0.0353878
-0.0373716
-0.0407977
-0.0441764
-0.0462556
-0.0471531
-0.0471551
-0.0472557
-0.0471005
-0.0459543
-0.0445099
-0.0421245
-0.0386598
-0.0347719
-0.0315605
-0.0303467
-0.0313225
-0.0348547
-0.0411611
-0.0498638
-0.0603527
-0.0709862
-0.0786842
-0.0807934
-0.0763097
-0.0660927
-0.0526675
-0.0391543
-0.0276891
-0.0188403
-0.0112012
-0.0026303
0.0083209
0.0213278
0.0344700
0.0463557
0.0564741
0.0659154
0.0761935
0.0881797
0.1028761
0.1187468
0.1326734
0.1445477
0.1550976
0.1646014
0.1743277
0.1850279
0.1958539
0.2048244
0.2117850
0.2189522
0.2269734
0.2345856
0.2408309
0.2443668
0.2440215
0.2411850
0.2365826
0.2283880
0.2150550
0.1943453
0.1640061
0.1249100
0.0793814
0.0303723
-0.0192143
-0.0687280
-0.1177285
-0.1635104
-0.2003651
-0.2243305
-0.2332447
-0.2266425
-0.2098675
-0.1893037
-0.1694248
-0.1522091
-0.1368851
-0.1212028
-0.1039485
-0.0859735
-0.0683137
-0.0518548
-0.0359944
-0.0198111
-0.0044939
0.0088882
0.0204704
0.0305365
0.0401717
0.0491200
0.0557753
0.0596532
0.0607130
0.0589322
0.0540577
0.0466822
0.0381815
0.0300941
0.0235604
0.0179897
0.0120885
0.0047313
-0.0039629
-0.0128361
-0.0207953
-0.0271471
-0.0326691
-0.0381068
-0.0439121
-0.0500364
-0.0547565
-0.0565346
-0.0548311
-0.0499623
-0.0425323
-0.0332057
-0.0237415
-0.0162788
-0.0128075
-0.0148810
-0.0218231
-0.0324184
-0.0453520
-0.0582167
-0.0696961
-0.0795972
-0.0879833
-0.0950803
-0.1006357
-0.1045973
-0.1081350
-0.1128750
-0.1185547
-0.1238015
-0.1287163
-0.1334804
-0.1395987
-0.1491919
-0.1617750
-0.1758637
-0.1884107
-0.1958206
-0.1979058
-0.1965417
-0.1930332
-0.1878442
-0.1802594
-0.1704811
-0.1594702
-0.1472730
-0.1339123
-0.1184703
-0.1007970
-0.0825917
-0.0653815
-0.0492566
-0.0330969
-0.0158941
0.0027438
0.0215564
0.0387178
0.0530316
0.0644476
0.0742551
0.0835132
0.0915799
0.0971591
0.1004000
0.1022046
0.1037537
0.1057783
0.1082345
0.1107986
0.1120050
0.1104195
0.1056713
0.0971443
0.0839622
0.0668116
0.0485462
0.0321999
0.0186443
0.0072756
-0.0029224
-0.0130447
-0.0221727
-0.0288017
-0.0326898
-0.0331997
-0.0304706
-0.0258149
-0.0199331
-0.0142266
-0.0098034
-0.0069237
-0.0060231
-0.0069786
-0.0095730
-0.0130586
-0.0165341
-0.0205915
-0.0258235
-0.0318633
-0.0382421
-0.0442617
-0.0494671
-0.0541801
-0.0583654
-0.0614602
-0.0631666
-0.0636317
-0.0634179
-0.0621720
-0.0599756
-0.0567275
-0.0517632
-0.0451177
-0.0368737
-0.0282253
-0.0204583
-0.0132292
-0.0060278
0.0018978
0.0116289
0.0228116
0.0353324
0.0494665
0.0643097
0.0786865
0.0909853
0.0994859
0.1036926
0.1032129
0.0979334
0.0878455
0.0725208
0.0527483
0.0308909
0.0088483
-0.0119749
-0.0301121
-0.0442040
-0.0525789
-0.0545970
-0.0499333
-0.0387623
-0.0223206
-0.0027349
0.0167814
0.0330769
0.0455895
0.0563658
0.0661038
0.0750140
0.0830764
0.0886133
0.0903746
0.0888341
0.0863583
0.0853095
0.0866620
0.0907139
0.0959268
0.1005671
0.1043895
0.1071586
0.1093353
0.1124730
0.1178398
0.1246586
0.1322127
0.1403024
0.1482079
0.1556496
0.1627113
0.1703409
0.1783853
0.1846681
0.1872749
0.1860900
0.1824977
0.1784228
0.1747150
0.1704016
0.1640740
0.1549343
0.1435501
0.1305170
0.1159361
0.1002951
0.0846384
0.0705763
0.0592006
0.0501903
0.0421684
0.0347300
0.0282154
0.0229170
0.0193117
0.0167724
0.0133399
0.0075380
-0.0003770
-0.0091767
-0.0182232
-0.0279164
-0.0381224
-0.0480629
-0.0571719
-0.0656435
-0.0732119
-0.0789237
-0.0825312
-0.0835126
-0.0818916
-0.0779643
-0.0726871
-0.0679945
-0.0640759
-0.0608294
-0.0584361
-0.0564707
-0.0543823
-0.0517635
-0.0485550
-0.0442354
-0.0396680
-0.0359234
-0.0324511
-0.0297958
-0.0278634
-0.0263603
-0.0259385
-0.0259562
-0.0258148
-0.0250484
-0.0232522
-0.0217975
-0.0225397
-0.0250429
-0.0286224
-0.0335980
-0.0390805
-0.0453906
-0.0531081
-0.0609751
-0.0689638
-0.0768838
-0.0834914
-0.0885597
-0.0917485
-0.0927953
-0.0925114
-0.0914577
-0.0894582
-0.0866675
-0.0837795
-0.0807295
-0.0773066
-0.0734271
-0.0689437
-0.0641883
-0.0592975
-0.0540054
-0.0471076
-0.0377713
-0.0263471
-0.0135141
-0.0004638
0.0121112
0.0235083
0.0334100
0.0421427
0.0492579
0.0544495
0.0572828
0.0577064
0.0569003
0.0555045
0.0538381
0.0520778
0.0501824
0.0490429
0.0488744
0.0489465
0.0495319
0.0513958
0.0549594
0.0601799
0.0664636
0.0724894
0.0771893
0.0809041
0.0847300
0.0890694
0.0934551
0.0971869
0.0987600
0.0969948
0.0913451
0.0825187
0.0730731
0.0648983
0.0581737
0.0521418
0.0460922
0.0397350
0.0331642
0.0261383
0.0180262
0.0079808
-0.0043923
-0.0173380
-0.0285960
-0.0375168
-0.0447912
-0.0513078
-0.0570486
-0.0621049
-0.0667909
-0.0712008
-0.0757457
-0.0804718
-0.0854644
-0.0911201
-0.0967940
-0.1017342
-0.1060626
-0.1090961
-0.1110186
-0.1126049
-0.1121164
-0.1088050
-0.1033739
-0.0956904
-0.0865642
-0.0767094
-0.0659210
-0.0545761
-0.0430796
-0.0316172
-0.0205853
-0.0093417
0.0029065
0.0160334
0.0292920
0.0407175
0.0487121
0.0530926
0.0543706
0.0524802
0.0472003
0.0392832
0.0298499
0.0201339
0.0108563
0.0022943
-0.0057994
-0.0127705
-0.0170354
-0.0191331
-0.0202062
-0.0204207
-0.0197764
-0.0183619
-0.0172727
-0.0176169
-0.0195218
-0.0236681
-0.0299054
-0.0365862
-0.0424768
-0.0462680
-0.0481540
-0.0494732
-0.0500970
-0.0496574
-0.0479517
-0.0447746
-0.0408689
-0.0362425
-0.0306716
-0.0256597
-0.0216769
-0.0185807
-0.0163857
-0.0138075
-0.0099624
-0.0050044
0.0004803
0.0057511
0.0097497
0.0115141
0.0106820
0.0072362
0.0012144
-0.0066286
-0.0142611
-0.0199924
-0.0223804
-0.0211263
-0.0174420
-0.0120229
-0.0054394
0.0014151
0.0082233
0.0160720
0.0256658
0.0366085
0.0485649
0.0601244
0.0696548
0.0770353
0.0827092
0.0872578
0.0914970
0.0958168
0.0996716
0.1022421
0.1025797
0.0998833
0.0940821
0.0859933
0.0772383
0.0683888
0.0598250
0.0530473
0.0483337
0.0443421
0.0397670
0.0335772
0.0262052
0.0192941
0.0142062
0.0120372
0.0127029
0.0149623
0.0174500
0.0190425
0.0196266
0.0203462
0.0216978
0.0232430
0.0248312
0.0263815
0.0270241
0.0262048
0.0242660
0.0216442
0.0193721
0.0181105
0.0184344
0.0208872
0.0252040
0.0309369
0.0368381
0.0413640
0.0440432
0.0453955
0.0460839
0.0463857
0.0454010
0.0423756
0.0384195
0.0345690
0.0309649
0.0275067
0.0244146
0.0229989
0.0245711
0.0290176
0.0352235
0.0419405
0.0483618
0.0542746
0.0592038
0.0624319
0.0637946
0.0633394
0.0615911
0.0590586
0.0553334
0.0505464
0.0446382
0.0371557
0.0287039
0.0197779
0.0107325
0.0015176
-0.0084492
-0.0184554
-0.0273599
-0.0349384
-0.0407634
-0.0447330
-0.0471712
-0.0482340
-0.0481994
-0.0471245
-0.0455451
-0.0443465
-0.0434468
-0.0416969
-0.0382808
-0.0335700
-0.0286844
-0.0244760
-0.0212879
-0.0189260
-0.0164733
-0.0130929
-0.0091991
-0.0058325
-0.0030938
-0.0005439
0.0017726
0.0035003
0.0037691
0.0013927
-0.0039349
-0.0118026
-0.0208519
-0.0299619
-0.0390404
-0.0473256
-0.0535300
-0.0563562
-0.0546558
-0.0486150
-0.0400743
-0.0313269
-0.0240827
-0.0181676
-0.0119851
-0.0046847
0.0037770
0.0128922
0.0222224
0.0316469
0.0410679
0.0499457
0.0571538
0.0626884
0.0672006
0.0709654
0.0740733
0.0762644
0.0772630
0.0773215
0.0770061
0.0763185
0.0749669
0.0729712
0.0701019
0.0666035
0.0629758
0.0587208
0.0527233
0.0441966
0.0342738
0.0245956
0.0156787
0.0075798
0.0000226
-0.0074841
-0.0154098
-0.0238783
-0.0323179
-0.0398583
-0.0461656
-0.0512367
-0.0550126
-0.0566181
-0.0547750
-0.0492746
-0.0410467
-0.0321085
-0.0243676
-0.0179478
-0.0125173
-0.0084335
-0.0060770
-0.0055532
-0.0066995
-0.0094363
-0.0137386
-0.0192305
-0.0246998
-0.0288171
-0.0301637
-0.0280129
-0.0234607
-0.0180152
-0.0134886
-0.0105947
-0.0094276
-0.0099125
-0.0110838
-0.0128108
-0.0149718
-0.0176166
-0.0213692
-0.0262403
-0.0318492
-0.0380979
-0.0449492
-0.0525138
-0.0608469
-0.0690154
-0.0762084
-0.0823316
-0.0874137
-0.0911814
-0.0930428
-0.0930568
-0.0915442
-0.0893816
-0.0870698
-0.0840581
-0.0803998
-0.0761866
-0.0715472
-0.0667307
-0.0612825
-0.0551536
-0.0497787
-0.0455444
-0.0409994
-0.0357294
-0.0302242
-0.0252652
-0.0221284
-0.0208823
-0.0209730
-0.0215899
-0.0224578
-0.0242490
-0.0266407
-0.0293810
-0.0322213
-0.0339928
-0.0334848
-0.0308237
-0.0271640
-0.0240922
-0.0224794
-0.0218241
-0.0221423
-0.0227381
-0.0224122
-0.0212464
-0.0198342
-0.0182863
-0.0161248
-0.0131461
-0.0094531
-0.0056228
-0.0014641
0.0026328
0.0058147
0.0085896
0.0100357
0.0102568
0.0100346
0.0084701
0.0058532
0.0022027
-0.0029710
-0.0088515
-0.0147556
-0.0202408
-0.0256214
-0.0319160
-0.0391384
-0.0471226
-0.0559783
-0.0653621
-0.0739503
-0.0807463
-0.0855326
-0.0882459
-0.0883813
-0.0850711
-0.0785466
-0.0697939
-0.0601681
-0.0502335
-0.0408149
-0.0327043
-0.0252918
-0.0190389
-0.0152966
-0.0147981
-0.0175566
-0.0226030
-0.0294618
-0.0385053
-0.0486744
-0.0585484
-0.0667690
-0.0716599
-0.0737524
-0.0746408
-0.0745337
-0.0732599
-0.0706416
-0.0666551
-0.0621359
-0.0578273
-0.0535799
-0.0493141
-0.0441981
-0.0374712
-0.0300631
-0.0219517
-0.0135604
-0.0056361
0.0021785
0.0094565
0.0156876
0.0204946
0.0246173
0.0284398
0.0316634
0.0340376
0.0348840
0.0335280
0.0289053
0.0222044
0.0156375
0.0102564
0.0071209
0.0064138
0.0069978
0.0082961
0.0101723
0.0128446
0.0164008
0.0194808
0.0221988
0.0253843
0.0286382
0.0330138
0.0392299
0.0455682
0.0510474
0.0555631
0.0591317
0.0624571
0.0657157
0.0686530
0.0714763
0.0732283
0.0731939
0.0722753
0.0707838
0.0690987
0.0674720
0.0650604
0.0617405
0.0578228
0.0530101
0.0478811
0.0431543
0.0390766
0.0357432
0.0326157
0.0289217
0.0253220
0.0230278
0.0219936
0.0221734
0.0227891
0.0230238
0.0227616
0.0220841
0.0220836
0.0229323
0.0246196
0.0276408
0.0309880
0.0339602
0.0371051
0.0411520
0.0457957
0.0496050
0.0521649
0.0527947
0.0509556
0.0468512
0.0403096
0.0332171
0.0272203
0.0222108
0.0187921
0.0164606
0.0149953
0.0159602
0.0185776
0.0214230
0.0242497
0.0257477
0.0253580
0.0236265
0.0200960
0.0146286
0.0074229
-0.0015210
-0.0117797
-0.0226788
-0.0331036
-0.0428372
-0.0519894
-0.0594779
-0.0641158
-0.0659387
-0.0655572
-0.0643044
-0.0635393
-0.0635976
-0.0644061
-0.0653377
-0.0653305
-0.0635512
-0.0597538
-0.0538046
-0.0468443
-0.0406872
-0.0363529
-0.0344001
-0.0341904
-0.0336202
-0.0320862
-0.0308388
-0.0308825
-0.0327284
-0.0351821
-0.0376392
-0.0403386
-0.0425703
-0.0438654
-0.0439946
-0.0430648
-0.0422303
-0.0426521
-0.0440088
-0.0462614
-0.0488614
-0.0502679
-0.0494657
-0.0450957
-0.0376725
-0.0290539
-0.0203973
-0.0133179
-0.0083220
-0.0047701
-0.0020243
-0.0006757
-0.0020974
-0.0061571
-0.0121907
-0.0186788
-0.0232967
-0.0254004
-0.0249726
-0.0225244
-0.0189889
-0.0142246
-0.0091654
-0.0051215
-0.0033429
-0.0034274
-0.0035168
-0.0037004
-0.0030608
-0.0011370
0.0003810
0.0017066
0.0030413
0.0039247
0.0047150
0.0049571
0.0046438
0.0044604
0.0049072
0.0062187
0.0084377
0.0118788
0.0160093
0.0208317
0.0270656
0.0345719
0.0423593
0.0486659
0.0531682
0.0564785
0.0586911
0.0596977
0.0595034
0.0579787
0.0544181
0.0484286
0.0409241
0.0334585
0.0268107
0.0215854
0.0185638
0.0180057
0.0203275
0.0245199
0.0290394
0.0344849
0.0400370
0.0446280
0.0484909
0.0512857
0.0529866
0.0537638
0.0536544
0.0534185
0.0535136
0.0540051
0.0548525
0.0550903
0.0545723
0.0530329
0.0504941
0.0475935
0.0448548
0.0429603
0.0417657
0.0404636
0.0387426
0.0378726
0.0379078
0.0379180
0.0382044
0.0382763
0.0375144
0.0359218
0.0333990
0.0304873
0.0277738
0.0258704
0.0254528
0.0258508
0.0263046
0.0272501
0.0285672
0.0300437
0.0317784
0.0332463
0.0328868
0.0285444
0.0206399
0.0127370
0.0083601
0.0085446
0.0114165
0.0138419
0.0143866
0.0134699
0.0115260
0.0098484
0.0103359
0.0126658
0.0154455
0.0179252
0.0191811
0.0191467
0.0180452
0.0155047
0.0118211
0.0071367
0.0019039
-0.0028936
-0.0073892
-0.0117952
-0.0164213
-0.0213689
-0.0256982
-0.0287471
-0.0312072
-0.0340432
-0.0375200
-0.0416050
-0.0459731
-0.0499308
-0.0531152
-0.0560121
-0.0589667
-0.0614803
-0.0622322
-0.0604056
-0.0566431
-0.0513676
-0.0448074
-0.0381870
-0.0317231
-0.0250773
-0.0186726
-0.0118462
-0.0032330
0.0071417
0.0180384
0.0284369
0.0379726
0.0465125
0.0543060
0.0612468
0.0666161
0.0702334
0.0714172
0.0694782
0.0646720
0.0575570
0.0490401
0.0403187
0.0321104
0.0241483
0.0163351
0.0098932
0.0060655
0.0047445
0.0051236
0.0060863
0.0071248
0.0086661
0.0107754
0.0132504
0.0160327
0.0187417
0.0207193
0.0217737
0.0216918
0.0200984
0.0170643
0.0126275
0.0080072
0.0042980
0.0016749
0.0006837
0.0009063
0.0012770
0.0012034
0.0009464
0.0007495
0.0006723
0.0007205
0.0008895
0.0016270
0.0029997
0.0042409
0.0038807
0.0015758
-0.0016515
-0.0050728
-0.0075063
-0.0079741
-0.0070510
-0.0050905
-0.0016368
0.0029757
0.0078069
0.0117125
0.0133634
0.0122635
0.0083322
0.0022493
-0.0045837
-0.0117714
-0.0192189
-0.0270482
-0.0349268
-0.0417111
-0.0464777
-0.0487546
-0.0491456
-0.0488283
-0.0485550
-0.0478788
-0.0459559
-0.0429600
-0.0397872
-0.0365676
-0.0332414
-0.0302044
-0.0279930
-0.0277459
-0.0286666
-0.0293874
-0.0304594
-0.0317243
-0.0325639
-0.0327870
-0.0325911
-0.0321835
-0.0314188
-0.0299392
-0.0276707
-0.0253174
-0.0230509
-0.0213216
-0.0209872
-0.0227378
-0.0263425
-0.0306376
-0.0355554
-0.0412102
-0.0473717
-0.0537195
-0.0597315
-0.0648918
-0.0686522
-0.0703042
-0.0692837
-0.0658851
-0.0607320
-0.0544983
-0.0477367
-0.0405007
-0.0327297
-0.0246040
-0.0157751
-0.0061201
0.0033744
0.0120461
0.0197747
0.0265386
0.0324514
0.0373501
0.0405643
0.0419301
0.0414475
0.0384633
0.0326063
0.0238929
0.0127205
0.0000030
-0.0128016
-0.0242459
-0.0339061
-0.0412276
-0.0462828
-0.0500668
-0.0531826
-0.0558115
-0.0576319
-0.0582095
-0.0577954
-0.0567453
-0.0549172
-0.0528503
-0.0506051
-0.0479853
-0.0444768
-0.0391095
-0.0326674
-0.0263397
-0.0203413
-0.0141047
-0.0068942
0.0011027
0.0090430
0.0158460
0.0207808
0.0240770
0.0263702
0.0280352
0.0293115
0.0299774
0.0298533
0.0289670
0.0271979
0.0252194
0.0234021
0.0212401
0.0184086
0.0154658
0.0131956
0.0115922
0.0104159
0.0094309
0.0086494
0.0077448
0.0056511
0.0021716
-0.0020524
-0.0066103
-0.0104702
-0.0123471
-0.0117182
-0.0085589
-0.0032390
0.0032107
0.0095515
0.0154479
0.0211344
0.0268300
0.0324478
0.0375622
0.0419999
0.0456234
0.0482341
0.0496525
0.0487990
0.0449217
0.0385059
0.0302551
0.0199974
0.0076783
-0.0052983
-0.0175147
-0.0278800
-0.0363431
-0.0436790
-0.0499139
-0.0547271
-0.0580368
-0.0600409
-0.0613255
-0.0616873
-0.0608476
-0.0588142
-0.0543488
-0.0472837
-0.0387231
-0.0294503
-0.0203791
-0.0114525
-0.0021927
0.0071247
0.0162324
0.0246140
0.0314980
0.0360315
0.0376719
0.0363376
0.0327801
0.0283612
0.0232245
0.0170181
0.0101342
0.0036975
-0.0011527
-0.0042135
-0.0069757
-0.0102646
-0.0135556
-0.0168009
-0.0204327
-0.0250749
-0.0303336
-0.0359159
-0.0415877
-0.0469618
-0.0519401
-0.0562145
-0.0594818
-0.0610460
-0.0606282
-0.0578971
-0.0527334
-0.0460941
-0.0388610
-0.0313909
-0.0236123
-0.0152404
-0.0060506
0.0029423
0.0106810
0.0174150
0.0240175
0.0311824
0.0380107
0.0432015
0.0461386
0.0467540
0.0462586
0.0455869
0.0448021
0.0431672
0.0396564
0.0352145
0.0318218
0.0310224
0.0331609
0.0367208
0.0398767
0.0421992
0.0447433
0.0480030
0.0516462
0.0552010
0.0575234
0.0582992
0.0572415
0.0540271
0.0496843
0.0445868
0.0383367
0.0313120
0.0242565
0.0182558
0.0142657
0.0128507
0.0141081
0.0175153
0.0226300
0.0282025
0.0332311
0.0376240
0.0407951
0.0421939
0.0417981
0.0397826
0.0360182
0.0309363
0.0256446
0.0206732
0.0166335
0.0141747
0.0132017
0.0130964
0.0137004
0.0148141
0.0161248
0.0172506
0.0177075
0.0174760
0.0169022
0.0169078
0.0171602
0.0173030
0.0177658
0.0187938
0.0207015
0.0235156
0.0265799
0.0290795
0.0315282
0.0335032
0.0340510
0.0340283
0.0337670
0.0334481
0.0336539
0.0339264
0.0341829
0.0340987
0.0331229
0.0316712
0.0295107
0.0267381
0.0242092
0.0221956
0.0211464
0.0207675
0.0207730
0.0205930
0.0187629
0.0154761
0.0113015
0.0067797
0.0027543
-0.0011395
-0.0056498
-0.0107901
-0.0166633
-0.0230060
-0.0288675
-0.0338610
-0.0371780
-0.0387052
-0.0397041
-0.0404927
-0.0410559
-0.0414584
-0.0414507
-0.0408454
-0.0394143
-0.0362663
-0.0311585
-0.0252817
-0.0192566
-0.0134336
-0.0085211
-0.0050660
-0.0036066
-0.0037268
-0.0041141
-0.0039256
-0.0023430
0.0005196
0.0030705
0.0048198
0.0059126
0.0069135
0.0086409
0.0108581
0.0130828
0.0145160
0.0157658
0.0169751
0.0172685
0.0173154
0.0179936
0.0197503
0.0220124
0.0245887
0.0274131
0.0299637
0.0324797
0.0343686
0.0352782
0.0358892
0.0357247
0.0346754
0.0335026
0.0324774
0.0312655
0.0294692
0.0271057
0.0243878
0.0214533
0.0177249
0.0132294
0.0086521
0.0041311
-0.0004289
-0.0050254
-0.0090217
-0.0113438
-0.0114551
-0.0098276
-0.0073191
-0.0041666
-0.0006395
0.0031144
0.0070837
0.0101222
0.0117364
0.0119828
0.0104917
0.0082142
0.0063756
0.0052262
0.0046396
0.0046006
0.0051726
0.0063055
0.0078824
0.0100879
0.0122978
0.0133305
0.0133961
0.0128688
0.0111936
0.0083984
0.0051320
0.0005002
-0.0056152
-0.0113803
-0.0157992
-0.0183495
-0.0190932
-0.0180969
-0.0150599
-0.0110200
-0.0062050
-0.0004483
0.0055960
0.0116607
0.0177054
0.0241071
0.0309016
0.0369826
0.0417125
0.0451633
0.0467300
0.0465221
0.0455317
0.0435196
0.0390825
0.0323524
0.0248211
0.0169338
0.0083991
-0.0004504
-0.0092250
-0.0176800
-0.0250580
-0.0312708
-0.0370735
-0.0423709
-0.0466354
-0.0492504
-0.0499087
-0.0493298
-0.0478532
-0.0450155
-0.0402973
-0.0340757
-0.0270833
-0.0196448
-0.0120628
-0.0049360
0.0006275
0.0038047
0.0049073
0.0043902
0.0028714
0.0012553
-0.0006787
-0.0026177
-0.0036841
-0.0037355
-0.0033111
-0.0031514
-0.0032463
-0.0032032
-0.0025251
-0.0010266
0.0005895
0.0007634
-0.0007981
-0.0032018
-0.0058975
-0.0084730
-0.0112454
-0.0141020
-0.0164311
-0.0184438
-0.0192163
-0.0178349
-0.0150391
-0.0114331
-0.0079319
-0.0050393
-0.0022268
0.0009332
0.0046807
0.0086487
0.0117493
0.0135656
0.0148147
0.0154601
0.0150498
0.0134159
0.0106954
0.0071527
0.0028754
-0.0014841
-0.0056157
-0.0091621
-0.0114706
-0.0120640
-0.0109481
-0.0087348
-0.0058081
-0.0027912
0.0002416
0.0034425
0.0060690
0.0079329
0.0088521
0.0082429
0.0062283
0.0035530
0.0008845
-0.0017250
-0.0042932
-0.0068191
-0.0090098
-0.0110027
-0.0133653
-0.0157074
-0.0183271
-0.0213518
-0.0239694
-0.0261750
-0.0277587
-0.0283938
-0.0282706
-0.0275049
-0.0259023
-0.0233070
-0.0196659
-0.0155297
-0.0117202
-0.0081550
-0.0051983
-0.0035635
-0.0031096
-0.0038378
-0.0057031
-0.0074535
-0.0086318
-0.0097004
-0.0102184
-0.0094155
-0.0078414
-0.0064764
-0.0053737
-0.0042069
-0.0026040
-0.0010362
-0.0007878
-0.0023815
-0.0053168
-0.0092752
-0.0130433
-0.0154414
-0.0157054
-0.0134854
-0.0097640
-0.0049636
0.0002317
0.0047922
0.0082969
0.0104649
0.0119950
0.0134374
0.0146337
0.0162561
0.0178654
0.0182703
0.0178930
0.0170363
0.0152304
0.0126398
0.0096225
0.0060144
0.0026429
0.0008214
0.0005452
0.0013496
0.0028764
0.0046866
0.0068642
0.0091570
0.0112382
0.0140576
0.0175029
0.0203316
0.0218983
0.0217364
0.0203640
0.0183029
0.0161047
0.0144568
0.0133073
0.0123053
0.0106716
0.0080950
0.0040095
-0.0016736
-0.0073737
-0.0116783
-0.0142894
-0.0154249
-0.0155144
-0.0148748
-0.0133607
-0.0101134
-0.0044631
0.0031123
0.0117533
0.0204975
0.0299459
0.0398905
0.0476745
0.0524018
0.0547717
0.0558688
0.0564167
0.0563608
0.0557688
0.0546006
0.0523404
0.0491312
0.0454692
0.0409556
0.0355628
0.0289559
0.0210063
0.0132201
0.0062586
-0.0007670
-0.0085721
-0.0174690
-0.0267264
-0.0348960
-0.0416735
-0.0474302
-0.0522841
-0.0559014
-0.0573060
-0.0560693
-0.0521781
-0.0459975
-0.0392235
-0.0330768
-0.0276284
-0.0226442
-0.0173318
-0.0119230
-0.0074457
-0.0043100
-0.0024949
-0.0020712
-0.0041138
-0.0088540
-0.0154858
-0.0224521
-0.0283695
-0.0329836
-0.0361272
-0.0372790
-0.0348572
-0.0279764
-0.0176317
-0.0070568
0.0006765
0.0052138
0.0073484
0.0081245
0.0083747
0.0083626
0.0078341
0.0055084
0.0013570
-0.0032284
-0.0077870
-0.0119135
-0.0155122
-0.0183652
-0.0196705
-0.0187502
-0.0157579
-0.0115189
-0.0071328
-0.0035027
-0.0009989
0.0000959
-0.0002006
-0.0019839
-0.0045983
-0.0074663
-0.0109967
-0.0156132
-0.0212873
-0.0273106
-0.0326021
-0.0362163
-0.0380994
-0.0379849
-0.0357951
-0.0323930
-0.0274898
-0.0209385
-0.0134808
-0.0050322
0.0035700
0.0109041
0.0164279
0.0197971
0.0203757
0.0180947
0.0141011
0.0090280
0.0030541
-0.0031786
-0.0088493
-0.0130384
-0.0152789
-0.0158032
-0.0153186
-0.0150370
-0.0153297
-0.0156187
-0.0158093
-0.0158181
-0.0158479
-0.0165531
-0.0187067
-0.0225670
-0.0272800
-0.0318374
-0.0359083
-0.0398012
-0.0436432
-0.0476799
-0.0512974
-0.0533825
-0.0538060
-0.0529692
-0.0515996
-0.0501481
-0.0484965
-0.0467567
-0.0454088
-0.0446030
-0.0444670
-0.0448316
-0.0450709
-0.0454665
-0.0466893
-0.0483153
-0.0495551
-0.0503070
-0.0511978
-0.0524706
-0.0532050
-0.0521012
-0.0496320
-0.0470959
-0.0444390
-0.0409006
-0.0359428
-0.0298751
-0.0234617
-0.0174471
-0.0122402
-0.0080914
-0.0053118
-0.0037181
-0.0034016
-0.0042552
-0.0057541
-0.0079120
-0.0100964
-0.0116541
-0.0120234
-0.0111919
-0.0095418
-0.0066417
-0.0029502
0.0007879
0.0043393
0.0077233
0.0107528
0.0130560
0.0150624
0.0164502
0.0171633
0.0175037
0.0171799
0.0166886
0.0157337
0.0143245
0.0133241
0.0132235
0.0144470
0.0163812
0.0180355
0.0187909
0.0185229
0.0180644
0.0180885
0.0183190
0.0178819
0.0168529
0.0155245
0.0136985
0.0117533
0.0100914
0.0091292
0.0090747
0.0102255
0.0127910
0.0162623
0.0200963
0.0242558
0.0290220
0.0343569
0.0399181
0.0452412
0.0496014
0.0529517
0.0556306
0.0573311
0.0574749
0.0562231
0.0547526
0.0542349
0.0544910
0.0543988
0.0533102
0.0514060
0.0493462
0.0474528
0.0455743
0.0435201
0.0408879
0.0377515
0.0346653
0.0316498
0.0292459
0.0276501
0.0264660
0.0256115
0.0242247
0.0217720
0.0189918
0.0159083
0.0121370
0.0082294
0.0043195
0.0003622
-0.0029021
-0.0054499
-0.0079905
-0.0103001
-0.0118909
-0.0127042
-0.0130580
-0.0130907
-0.0124521
-0.0114644
-0.0104998
-0.0095105
-0.0084172
-0.0075439
-0.0073467
-0.0075440
-0.0077748
-0.0076144
-0.0066148
-0.0048531
-0.0034088
-0.0028664
-0.0024520
-0.0016831
-0.0001356
0.0018903
0.0035739
0.0052796
0.0073686
0.0095098
0.0120544
0.0151173
0.0181778
0.0209709
0.0231977
0.0251239
0.0270047
0.0286403
0.0298544
0.0302924
0.0298326
0.0292641
0.0290230
0.0281529
0.0254704
0.0201404
0.0121900
0.0028179
-0.0069251
-0.0167252
-0.0265383
-0.0360481
-0.0440765
-0.0497560
-0.0533124
-0.0549951
-0.0547089
-0.0521342
-0.0470716
-0.0402378
-0.0323956
-0.0238218
-0.0158566
-0.0096075
-0.0047302
-0.0012523
0.0007539
0.0024015
0.0042267
0.0064203
0.0095351
0.0128609
0.0156619
0.0182115
0.0208553
0.0237841
0.0267542
0.0289124
0.0294266
0.0282697
0.0260139
0.0236908
0.0221478
0.0206727
0.0184409
0.0158340
0.0135489
0.0120264
0.0114557
0.0110685
0.0105088
0.0104302
0.0106123
0.0113203
0.0125617
0.0138001
0.0153403
0.0166071
0.0173487
0.0175079
0.0169876
0.0167883
0.0167565
0.0159950
0.0143925
0.0122191
0.0098354
0.0073664
0.0045650
0.0021616
0.0009246
0.0003880
-0.0004385
-0.0025082
-0.0051252
-0.0074617
-0.0096288
-0.0113802
-0.0123534
-0.0125521
-0.0121107
-0.0109565
-0.0090691
-0.0069511
-0.0054498
-0.0042271
-0.0032472
-0.0031042
-0.0036866
-0.0045149
-0.0049911
-0.0053535
-0.0050044
-0.0032510
-0.0010070
0.0006899
0.0014819
0.0010609
-0.0005275
-0.0028732
-0.0057320
-0.0084322
-0.0106398
-0.0119653
-0.0120826
-0.0117198
-0.0111624
-0.0099677
-0.0087562
-0.0077455
-0.0064000
-0.0049975
-0.0042890
-0.0048863
-0.0065533
-0.0076067
-0.0063965
-0.0031996
0.0009292
0.0050212
0.0093029
0.0145824
0.0202748
0.0249252
0.0277190
0.0291218
0.0296166
0.0293579
0.0279730
0.0253385
0.0220352
0.0186473
0.0163167
0.0153835
0.0156395
0.0166871
0.0181509
0.0199963
0.0219747
0.0241117
0.0256524
0.0262812
0.0272342
0.0286584
0.0294238
0.0291993
0.0284690
0.0277290
0.0273525
0.0269575
0.0252301
0.0219069
0.0175335
0.0125614
0.0077683
0.0034655
-0.0006494
-0.0051121
-0.0099317
-0.0144259
-0.0181486
-0.0205548
-0.0214590
-0.0215376
-0.0210453
-0.0203642
-0.0193857
-0.0174969
-0.0149698
-0.0121010
-0.0096627
-0.0083498
-0.0075543
-0.0063342
-0.0047774
-0.0035714
-0.0030713
-0.0031565
-0.0029612
-0.0022021
-0.0016081
-0.0012919
-0.0008572
-0.0002975
0.0003687
0.0007917
0.0004980
0.0000183
0.0000501
0.0000911
0.0000966
0.0008152
0.0022429
0.0038831
0.0048080
0.0054147
0.0067520
0.0081069
0.0087689
0.0088606
0.0086560
0.0084609
0.0085452
0.0094395
0.0111536
0.0124984
0.0124440
0.0110440
0.0085534
0.0055241
0.0019469
-0.0025608
-0.0072029
-0.0116394
-0.0155642
-0.0186285
-0.0205012
-0.0206531
-0.0193458
-0.0169634
-0.0139933
-0.0104535
-0.0060818
-0.0014768
0.0023691
0.0052017
0.0070969
0.0081002
0.0083391
0.0071990
0.0044895
0.0005346
-0.0050056
-0.0118634
-0.0190542
-0.0253576
-0.0302777
-0.0344046
-0.0377463
-0.0402707
-0.0424261
-0.0440739
-0.0442643
-0.0422058
-0.0379427
-0.0323140
-0.0268428
-0.0224487
-0.0187997
-0.0149943
-0.0106369
-0.0063059
-0.0025791
0.0004610
0.0028363
0.0047024
0.0064358
0.0081810
0.0103780
0.0131172
0.0157839
0.0185587
0.0214786
0.0243272
0.0272011
0.0297219
0.0314049
0.0322706
0.0323153
0.0314506
0.0295443
0.0262189
0.0217747
0.0169464
0.0124624
0.0086243
0.0052539
0.0025347
0.0008183
-0.0000314
0.0003410
0.0027319
0.0067782
0.0116809
0.0170010
0.0225926
0.0283295
0.0338345
0.0382607
0.0415349
0.0442783
0.0465559
0.0480987
0.0481763
0.0464900
0.0435418
0.0399157
0.0355414
0.0305797
0.0256264
0.0208516
0.0162122
0.0115539
0.0069399
0.0023942
-0.0015034
-0.0037368
-0.0044706
-0.0039791
-0.0028545
-0.0017508
0.0002892
0.0034904
0.0074137
0.0114003
0.0144256
0.0162182
0.0162651
0.0144034
0.0113968
0.0074453
0.0022964
-0.0034183
-0.0090157
-0.0142600
-0.0184586
-0.0213808
-0.0237470
-0.0266179
-0.0305602
-0.0348541
-0.0386754
-0.0415555
-0.0431864
-0.0437579
-0.0432090
-0.0419447
-0.0405694
-0.0390040
-0.0376243
-0.0366215
-0.0356646
-0.0346231
-0.0335174
-0.0325044
-0.0314162
-0.0295826
-0.0269586
-0.0245692
-0.0225991
-0.0206109
-0.0188006
-0.0168224
-0.0139861
-0.0102884
-0.0062417
-0.0025145
0.0003198
0.0023344
0.0039065
0.0050836
0.0060875
0.0073317
0.0089489
0.0105565
0.0116090
0.0119317
0.0114570
0.0102365
0.0085228
0.0063852
0.0036114
0.0002017
-0.0035960
-0.0074013
-0.0107112
-0.0132170
-0.0151904
-0.0172377
-0.0196757
-0.0222492
-0.0247121
-0.0268881
-0.0283862
-0.0295232
-0.0303602
-0.0308010
-0.0310674
-0.0309327
-0.0305223
-0.0305032
-0.0311171
-0.0319364
-0.0329947
-0.0345079
-0.0361571
-0.0378495
-0.0395092
-0.0409825
-0.0420400
-0.0422032
-0.0413714
-0.0391995
-0.0355665
-0.0314812
-0.0272988
-0.0232855
-0.0199633
-0.0166533
-0.0130409
-0.0093865
-0.0055367
-0.0014452
0.0026839
0.0074153
0.0131721
0.0193860
0.0254022
0.0303853
0.0342396
0.0377532
0.0413092
0.0443950
0.0463927
0.0473340
0.0479666
0.0488462
0.0493924
0.0486699
0.0465458
0.0435561
0.0402350
0.0365371
0.0321537
0.0270780
0.0216289
0.0163938
0.0117198
0.0076743
0.0038281
0.0000089
-0.0033645
-0.0058663
-0.0070811
-0.0069252
-0.0059889
-0.0048220
-0.0033571
-0.0021988
-0.0019231
-0.0023728
-0.0037088
-0.0057747
-0.0081520
-0.0109930
-0.0145780
-0.0186099
-0.0224054
-0.0249893
-0.0259710
-0.0264447
-0.0272589
-0.0281934
-0.0288801
-0.0294097
-0.0298895
-0.0298184
-0.0290640
-0.0276822
-0.0259873
-0.0248273
-0.0241413
-0.0234362
-0.0223091
-0.0206872
-0.0189883
-0.0172467
-0.0153173
-0.0132138
-0.0108142
-0.0081710
-0.0053282
-0.0022560
0.0004513
0.0026487
0.0049732
0.0077967
0.0112609
0.0152722
0.0192328
0.0228625
0.0262728
0.0292977
0.0317098
0.0337708
0.0360889
0.0380838
0.0388685
0.0387280
0.0382130
0.0376136
0.0365940
0.0346177
0.0321968
0.0296815
0.0267124
0.0235470
0.0209430
0.0193834
0.0184135
0.0174848
0.0163792
0.0152239
0.0147446
0.0152364
0.0168876
0.0195352
0.0219639
0.0224159
0.0191736
0.0128420
0.0071357
0.0057866
0.0090496
0.0141347
0.0180875
0.0198820
0.0206002
0.0215093
0.0230460
0.0247920
0.0262496
0.0271120
0.0266845
0.0250664
0.0227876
0.0195734
0.0160519
0.0132212
0.0110058
0.0089283
0.0066426
0.0042014
0.0022138
0.0013072
0.0011920
0.0013307
0.0016255
0.0020552
0.0023102
0.0021464
0.0015197
0.0004854
-0.0008678
-0.0023549
-0.0039659
-0.0059653
-0.0081129
-0.0101110
-0.0119581
-0.0137777
-0.0157658
-0.0179125
-0.0200528
-0.0220167
-0.0238665
-0.0255953
-0.0270870
-0.0286096
-0.0301704
-0.0315478
-0.0328696
-0.0337383
-0.0336756
-0.0330019
-0.0321942
-0.0315009
-0.0307090
-0.0295095
-0.0279550
-0.0263734
-0.0248527
-0.0233224
-0.0219698
-0.0208704
-0.0203040
-0.0201484
-0.0199896
-0.0200076
-0.0198828
-0.0197020
-0.0198505
-0.0199400
-0.0200724
-0.0202848
-0.0201843
-0.0196956
-0.0191632
-0.0190867
-0.0197484
-0.0211467
-0.0225452
-0.0236140
-0.0250190
-0.0267672
-0.0282911
-0.0296235
-0.0310541
-0.0325697
-0.0344458
-0.0360059
-0.0361539
-0.0350990
-0.0333022
-0.0312751
-0.0293991
-0.0278498
-0.0266858
-0.0256330
-0.0244120
-0.0232193
-0.0222956
-0.0216853
-0.0216736
-0.0218098
-0.0216166
-0.0210544
-0.0196539
-0.0174136
-0.0145659
-0.0110725
-0.0070274
-0.0025625
0.0020899
0.0062736
0.0096209
0.0119137
0.0126167
0.0120687
0.0106395
0.0084632
0.0061744
0.0039380
0.0016788
-0.0007379
-0.0034959
-0.0059444
-0.0072493
-0.0072524
-0.0060598
-0.0042782
-0.0024715
-0.0003999
0.0021386
0.0048195
0.0073606
0.0098453
0.0124276
0.0150131
0.0171644
0.0186849
0.0201400
0.0218082
0.0228830
0.0231739
0.0231412
0.0223540
0.0203774
0.0174297
0.0140078
0.0108830
0.0085365
0.0065478
0.0044066
0.0021787
0.0002114
-0.0007559
-0.0001752
0.0016976
0.0041799
0.0064555
0.0083672
0.0103004
0.0119275
0.0127635
0.0128017
0.0123103
0.0118057
0.0116663
0.0117337
0.0117701
0.0122662
0.0135106
0.0149951
0.0164217
0.0180855
0.0201800
0.0222172
0.0234035
0.0233051
0.0223940
0.0210302
0.0187812
0.0155679
0.0117901
0.0079241
0.0043014
0.0013875
-0.0003300
-0.0010131
-0.0008754
0.0002160
0.0024529
0.0059330
0.0101535
0.0139251
0.0164324
0.0179246
0.0188520
0.0192345
0.0191176
0.0182884
0.0164161
0.0136917
0.0105074
0.0071082
0.0034799
-0.0001761
-0.0035220
-0.0061726
-0.0077033
-0.0080856
-0.0076181
-0.0067398
-0.0054894
-0.0041781
-0.0038139
-0.0049223
-0.0068186
-0.0083346
-0.0092337
-0.0101116
-0.0114571
-0.0132252
-0.0148581
-0.0158041
-0.0158561
-0.0153853
-0.0149475
-0.0141292
-0.0124793
-0.0101057
-0.0069844
-0.0037561
-0.0011553
0.0008175
0.0024409
0.0041444
0.0056154
0.0059310
0.0048975
0.0028893
0.0009030
0.0003128
0.0014295
0.0035032
0.0052106
0.0057836
0.0060178
0.0069124
0.0084412
0.0100415
0.0114610
0.0127159
0.0136195
0.0139481
0.0137368
0.0133892
0.0132886
0.0133075
0.0132637
0.0133171
0.0136537
0.0143976
0.0155011
0.0167766
0.0183259
0.0201716
0.0222381
0.0242159
0.0253949
0.0258567
0.0261844
0.0262020
0.0255401
0.0247661
0.0242626
0.0234505
0.0221842
0.0209136
0.0203485
0.0205496
0.0209080
0.0209917
0.0207320
0.0204361
0.0201183
0.0193760
0.0177518
0.0153777
0.0126751
0.0098274
0.0072210
0.0049372
0.0024960
-0.0001740
-0.0028906
-0.0053145
-0.0070708
-0.0083241
-0.0092240
-0.0096493
-0.0096479
-0.0093940
-0.0092983
-0.0099736
-0.0113714
-0.0127777
-0.0134106
-0.0132395
-0.0132673
-0.0141982
-0.0156586
-0.0165854
-0.0160671
-0.0142023
-0.0122722
-0.0120136
-0.0137960
-0.0160800
-0.0172770
-0.0171318
-0.0165113
-0.0162932
-0.0167944
-0.0181421
-0.0199744
-0.0213882
-0.0218035
-0.0213887
-0.0207178
-0.0198219
-0.0184154
-0.0168397
-0.0153274
-0.0137050
-0.0116942
-0.0091493
-0.0063643
-0.0034821
-0.0003254
0.0028943
0.0053671
0.0064425
0.0060721
0.0046782
0.0025372
-0.0005041
-0.0044723
-0.0088741
-0.0127993
-0.0156689
-0.0175969
-0.0188990
-0.0196258
-0.0196981
-0.0190270
-0.0175670
-0.0160337
-0.0154043
-0.0156593
-0.0161258
-0.0162713
-0.0162499
-0.0168361
-0.0182254
-0.0198332
-0.0213390
-0.0228845
-0.0247664
-0.0266955
-0.0278732
-0.0283958
-0.0287380
-0.0289107
-0.0286049
-0.0273312
-0.0250588
-0.0219855
-0.0183284
-0.0147951
-0.0119112
-0.0092254
-0.0059286
-0.0020011
0.0014928
0.0040060
0.0060650
0.0078281
0.0091101
0.0096176
0.0093440
0.0087846
0.0080477
0.0066662
0.0045013
0.0020500
-0.0001669
-0.0018889
-0.0032745
-0.0038422
-0.0029431
-0.0010353
0.0011877
0.0034240
0.0058067
0.0082874
0.0105298
0.0122782
0.0135409
0.0147890
0.0160678
0.0169348
0.0177549
0.0190773
0.0201687
0.0200367
0.0182902
0.0154511
0.0128916
0.0112798
0.0102489
0.0089471
0.0068486
0.0042970
0.0018771
0.0000240
-0.0011161
-0.0021014
-0.0033752
-0.0045350
-0.0053971
-0.0060521
-0.0066227
-0.0074683
-0.0084320
-0.0087273
-0.0077326
-0.0058989
-0.0041937
-0.0029730
-0.0018996
-0.0003060
0.0017558
0.0035275
0.0043811
0.0042567
0.0038430
0.0037345
0.0039644
0.0042182
0.0037887
0.0023723
0.0004867
-0.0014207
-0.0030001
-0.0037464
-0.0036386
-0.0031301
-0.0022820
-0.0009230
0.0004935
0.0013860
0.0021748
0.0034354
0.0047606
0.0055188
0.0055408
0.0052082
0.0049999
0.0049433
0.0045426
0.0033620
0.0018217
0.0006487
-0.0002850
-0.0014630
-0.0029647
-0.0046757
-0.0063068
-0.0075737
-0.0086004
-0.0099452
-0.0114140
-0.0121410
-0.0118399
-0.0105709
-0.0084511
-0.0056677
-0.0026148
0.0002233
0.0025644
0.0040584
0.0046052
0.0045059
0.0042427
0.0041486
0.0040189
0.0038187
0.0039122
0.0043225
0.0049426
0.0059561
0.0074622
0.0091136
0.0106575
0.0121763
0.0136217
0.0151037
0.0166578
0.0181527
0.0196441
0.0209285
0.0213749
0.0204167
0.0182326
0.0158201
0.0139918
0.0129722
0.0125443
0.0120738
0.0111155
0.0098335
0.0088906
0.0087027
0.0090161
0.0093291
0.0093403
0.0092783
0.0096404
0.0104341
0.0112677
0.0120715
0.0126911
0.0128835
0.0130274
0.0135384
0.0142209
0.0145147
0.0143723
0.0141439
0.0139367
0.0139286
0.0141056
0.0142044
0.0141949
0.0141440
0.0141711
0.0141706
0.0140205
0.0135762
0.0127240
0.0121190
0.0119846
0.0115813
0.0102740
0.0081639
0.0059073
0.0038425
0.0019649
0.0006930
0.0003181
0.0002662
-0.0001402
-0.0009552
-0.0017874
-0.0020660
-0.0011817
0.0003400
0.0011481
0.0009621
0.0003823
0.0000515
0.0001031
0.0003560
0.0012115
0.0027259
0.0044009
0.0060855
0.0076601
0.0088009
0.0091748
0.0089153
0.0086730
0.0086085
0.0080968
0.0065990
0.0040621
0.0006374
-0.0031557
-0.0063549
-0.0085152
-0.0100375
-0.0113388
-0.0123253
-0.0127195
-0.0124759
-0.0114786
-0.0094356
-0.0065618
-0.0034175
-0.0004720
0.0019146
0.0040248
0.0061752
0.0080696
0.0095410
0.0108414
0.0122226
0.0135822
0.0150234
0.0165663
0.0174523
0.0174929
0.0172547
0.0170124
0.0166019
0.0152474
0.0127388
0.0099284
0.0071847
0.0043457
0.0011373
-0.0024362
-0.0056272
-0.0076930
-0.0083185
-0.0079672
-0.0074856
-0.0069437
-0.0059374
-0.0044869
-0.0028844
-0.0012567
0.0001180
0.0009076
0.0012086
0.0013083
0.0011871
0.0007237
0.0003121
0.0002260
0.0002322
0.0002878
0.0003301
0.0005226
0.0013810
0.0028893
0.0047031
0.0065720
0.0078873
0.0083147
0.0080839
0.0075405
0.0070200
0.0061216
0.0046949
0.0033917
0.0022553
0.0009213
-0.0004917
-0.0013734
-0.0014187
-0.0008335
0.0003773
0.0019947
0.0036296
0.0053713
0.0074941
0.0101081
0.0130676
0.0161141
0.0190354
0.0218182
0.0243469
0.0260626
0.0266455
0.0261679
0.0250544
0.0237562
0.0222203
0.0205654
0.0191554
0.0184401
0.0184620
0.0187162
0.0188022
0.0185411
0.0182087
0.0179813
0.0178478
0.0178694
0.0178294
0.0176869
0.0175027
0.0173597
0.0174461
0.0180626
0.0194507
0.0210201
0.0220812
0.0229064
0.0239301
0.0248949
0.0257018
0.0267033
0.0280700
0.0292266
0.0295450
0.0293647
0.0291734
0.0291061
0.0292217
0.0291153
0.0280853
0.0261028
0.0238350
0.0218484
0.0201361
0.0184590
0.0166142
0.0144455
0.0119939
0.0098550
0.0088140
0.0088246
0.0094654
0.0109547
0.0133851
0.0164116
0.0198862
0.0236119
0.0273689
0.0312228
0.0349184
0.0375303
0.0380564
0.0351778
0.0282119
0.0188966
0.0099684
0.0034882
0.0004514
0.0000548
0.0000635
-0.0010508
-0.0032700
-0.0057769
-0.0074294
-0.0079665
-0.0083602
-0.0093557
-0.0105050
-0.0111593
-0.0111033
-0.0106901
-0.0104522
-0.0104767
-0.0107249
-0.0107377
-0.0099335
-0.0083067
-0.0066926
-0.0059964
-0.0060497
-0.0060731
-0.0058162
-0.0059400
-0.0066494
-0.0076763
-0.0091723
-0.0108539
-0.0120593
-0.0123906
-0.0121322
-0.0122648
-0.0134941
-0.0153881
-0.0167828
-0.0171081
-0.0167704
-0.0163649
-0.0161467
-0.0163077
-0.0167160
-0.0167468
-0.0160659
-0.0146844
-0.0130170
-0.0112604
-0.0094666
-0.0082543
-0.0077085
-0.0077217
-0.0079874
-0.0079189
-0.0076661
-0.0077439
-0.0087363
-0.0104681
-0.0119279
-0.0130855
-0.0144083
-0.0158907
-0.0174647
-0.0192659
-0.0213593
-0.0231813
-0.0242581
-0.0244133
-0.0241513
-0.0242834
-0.0252255
-0.0272835
-0.0297804
-0.0321455
-0.0343822
-0.0359934
-0.0370460
-0.0382435
-0.0398806
-0.0416909
-0.0433627
-0.0445743
-0.0449526
-0.0448050
-0.0449086
-0.0452370
-0.0453470
-0.0450928
-0.0445943
-0.0438774
-0.0427333
-0.0414309
-0.0405309
-0.0404122
-0.0408517
-0.0412243
-0.0411858
-0.0406808
-0.0401843
-0.0404129
-0.0410985
-0.0416059
-0.0418060
-0.0416997
-0.0413053
-0.0404311
-0.0388730
-0.0372329
-0.0357877
-0.0342555
-0.0323514
-0.0295446
-0.0263017
-0.0233409
-0.0209552
-0.0196860
-0.0190869
-0.0179891
-0.0165964
-0.0156914
-0.0154683
-0.0161967
-0.0175083
-0.0190801
-0.0204248
-0.0211360
-0.0222250
-0.0239246
-0.0261429
-0.0286899
-0.0309518
-0.0326905
-0.0341542
-0.0356295
-0.0366883
-0.0373793
-0.0375914
-0.0372569
-0.0372418
-0.0371498
-0.0363496
-0.0347317
-0.0323031
-0.0301011
-0.0284025
-0.0266072
-0.0249287
-0.0236776
-0.0221884
-0.0203351
-0.0185726
-0.0164824
-0.0141935
-0.0122082
-0.0103403
-0.0089937
-0.0085305
-0.0084880
-0.0085919
-0.0087204
-0.0084952
-0.0083239
-0.0091084
-0.0105964
-0.0119593
-0.0121232
-0.0104303
-0.0081147
-0.0069757
-0.0071879
-0.0079072
-0.0082927
-0.0075558
-0.0057369
-0.0038485
-0.0035393
-0.0053534
-0.0075933
-0.0085603
-0.0080966
-0.0072108
-0.0066052
-0.0066192
-0.0070967
-0.0072642
-0.0073035
-0.0071701
-0.0069301
-0.0070657
-0.0071765
-0.0072448
-0.0073797
-0.0073659
-0.0073673
-0.0073122
-0.0065851
-0.0051270
-0.0036999
-0.0029100
-0.0029688
-0.0038782
-0.0052471
-0.0068470
-0.0080156
-0.0080569
-0.0077096
-0.0074180
-0.0072993
-0.0075680
-0.0078109
-0.0078785
-0.0074016
-0.0059042
-0.0035470
-0.0006178
0.0025764
0.0055416
0.0078612
0.0098118
0.0119147
0.0143995
0.0168220
0.0187281
0.0204300
0.0223082
0.0243568
0.0259281
0.0265387
0.0262588
0.0256750
0.0256090
0.0257854
0.0259031
0.0260184
0.0260932
0.0264926
0.0269942
0.0271216
0.0267939
0.0262106
0.0258945
0.0257193
0.0254634
0.0252648
0.0251103
0.0250116
0.0249044
0.0243032
0.0227979
0.0213100
0.0205622
0.0206242
0.0211087
0.0213574
0.0213546
0.0214487
0.0225452
0.0243032
0.0254092
0.0255785
0.0255587
0.0263629
0.0279713
0.0294127
0.0300248
0.0299313
0.0294420
0.0282893
0.0263536
0.0247029
0.0240345
0.0236174
0.0226553
0.0211279
0.0193587
0.0174777
0.0154083
0.0134622
0.0124362
0.0124747
0.0133159
0.0149099
0.0166960
0.0181976
0.0195835
0.0213919
0.0238032
0.0263069
0.0284211
0.0300366
0.0312308
0.0323748
0.0337613
0.0343517
0.0333733
0.0314844
0.0294930
0.0279701
0.0268318
0.0257820
0.0245068
0.0229369
0.0218891
0.0217181
0.0215354
0.0202689
0.0178653
0.0151222
0.0124736
0.0099362
0.0074183
0.0045325
0.0011892
-0.0022837
-0.0052898
-0.0074511
-0.0089739
-0.0103973
-0.0121154
-0.0140702
-0.0159054
-0.0170838
-0.0172186
-0.0166519
-0.0163223
-0.0162838
-0.0164798
-0.0166652
-0.0165088
-0.0164984
-0.0163367
-0.0161800
-0.0167166
-0.0179648
-0.0196003
-0.0206336
-0.0207430
-0.0205936
-0.0209976
-0.0223134
-0.0236444
-0.0234574
-0.0216140
-0.0196991
-0.0187856
-0.0180535
-0.0163732
-0.0140082
-0.0113184
-0.0083513
-0.0054981
-0.0033917
-0.0021609
-0.0011598
-0.0001322
0.0005706
0.0007883
0.0013106
0.0025587
0.0040726
0.0051652
0.0052448
0.0051385
0.0059621
0.0076209
0.0089922
0.0093541
0.0089427
0.0084473
0.0084742
0.0086866
0.0083232
0.0070122
0.0053708
0.0042251
0.0040545
0.0046389
0.0054706
0.0068323
0.0083948
0.0096851
0.0111058
0.0125548
0.0138557
0.0152543
0.0165596
0.0176404
0.0188620
0.0200578
0.0207323
0.0207145
0.0204495
0.0202262
0.0197400
0.0188340
0.0173367
0.0161706
0.0159947
0.0163880
0.0168877
0.0166678
0.0155482
0.0139678
0.0125586
0.0116939
0.0111092
0.0103782
0.0094501
0.0086630
0.0080058
0.0075043
0.0068589
0.0058099
0.0053060
0.0058129
0.0068169
0.0078127
0.0085611
0.0092675
0.0103880
0.0119293
0.0130220
0.0132609
0.0129583
0.0125534
0.0120340
0.0106765
0.0085007
0.0059499
0.0034187
0.0012148
-0.0007850
-0.0029137
-0.0051994
-0.0071499
-0.0083241
-0.0084407
-0.0080497
-0.0082878
-0.0097244
-0.0117324
-0.0128768
-0.0128543
-0.0123479
-0.0121543
-0.0132518
-0.0153476
-0.0167866
-0.0168434
-0.0162698
-0.0154696
-0.0142218
-0.0126942
-0.0109177
-0.0090447
-0.0079591
-0.0073037
-0.0061720
-0.0048467
-0.0037629
-0.0033227
-0.0035192
-0.0039874
-0.0045068
-0.0049811
-0.0052804
-0.0050097
-0.0040993
-0.0032762
-0.0029470
-0.0023955
-0.0010918
0.0003362
0.0013444
0.0022630
0.0034313
0.0046006
0.0046923
0.0030993
0.0009274
-0.0006937
-0.0019916
-0.0031398
-0.0036880
-0.0037209
-0.0035622
-0.0030361
-0.0018994
-0.0004496
0.0005929
0.0008195
0.0005507
0.0002451
0.0001991
0.0005406
0.0007705
0.0007511
0.0008070
0.0008002
0.0007331
0.0007074
0.0006278
0.0005066
0.0005717
0.0013104
0.0028835
0.0045659
0.0057820
0.0067559
0.0077595
0.0084044
0.0084482
0.0082461
0.0080921
0.0079871
0.0078797
0.0079832
0.0081033
0.0080280
0.0084881
0.0099158
0.0115794
0.0125383
0.0124351
0.0120792
0.0126759
0.0144138
0.0161791
0.0168269
0.0166022
0.0161630
0.0158171
0.0160162
0.0164428
0.0165408
0.0162016
0.0151226
0.0135295
0.0122442
0.0119363
0.0123747
0.0126977
0.0122169
0.0107597
0.0086751
0.0065307
0.0045444
0.0023741
-0.0003411
-0.0036660
-0.0073092
-0.0105765
-0.0126639
-0.0137639
-0.0148141
-0.0159962
-0.0168812
-0.0170904
-0.0168568
-0.0164263
-0.0153495
-0.0137912
-0.0125113
-0.0119872
-0.0122769
-0.0127204
-0.0129025
-0.0128171
-0.0121408
-0.0108784
-0.0091178
-0.0070767
-0.0050065
-0.0024795
0.0006015
0.0032564
0.0046214
0.0048634
0.0044324
0.0041032
0.0043547
0.0047345
0.0047077
0.0037505
0.0021191
0.0007070
-0.0000965
-0.0007691
-0.0018705
-0.0030555
-0.0037274
-0.0032983
-0.0017303
0.0000298
0.0010662
0.0010988
0.0006059
0.0001990
0.0001184
0.0003715
0.0006015
0.0005588
0.0003489
0.0001782
0.0001375
0.0001785
0.0002317
0.0001732
0.0002914
0.0012334
0.0029642
0.0047764
0.0064012
0.0080734
0.0099703
0.0120254
0.0141025
0.0158759
0.0167747
0.0168127
0.0164726
0.0161719
0.0162561
0.0164227
0.0160745
0.0148065
0.0129467
0.0117082
0.0112963
0.0109871
0.0102642
0.0090023
0.0078307
0.0072814
0.0068489
0.0058006
0.0042822
0.0032282
0.0031380
0.0034600
0.0033606
0.0023539
0.0005084
-0.0013311
-0.0026589
-0.0038490
-0.0050037
-0.0062710
-0.0080985
-0.0103823
-0.0121714
-0.0128795
-0.0127448
-0.0123379
-0.0127099
-0.0143005
-0.0162307
-0.0173835
-0.0174555
-0.0169731
-0.0166291
-0.0166860
-0.0169665
-0.0170488
-0.0163732
-0.0147946
-0.0134235
-0.0137053
-0.0154478
-0.0171686
-0.0177082
-0.0171391
-0.0163812
-0.0160746
-0.0164044
-0.0173735
-0.0188396
-0.0203053
-0.0211601
-0.0212955
-0.0209073
-0.0205693
-0.0207451
-0.0210376
-0.0210612
-0.0203611
-0.0187214
-0.0169259
-0.0155505
-0.0142751
-0.0126601
-0.0107605
-0.0088090
-0.0070986
-0.0057366
-0.0048327
-0.0045860
-0.0042096
-0.0028361
-0.0010794
-0.0000227
0.0000723
-0.0003767
-0.0007214
-0.0006814
-0.0004550
-0.0005012
-0.0011087
-0.0021060
-0.0030145
-0.0036371
-0.0041874
-0.0045413
-0.0046241
-0.0045837
-0.0046437
-0.0051535
-0.0056670
-0.0054472
-0.0049223
-0.0046288
-0.0043545
-0.0035678
-0.0021673
-0.0005585
0.0010196
0.0025845
0.0044353
0.0064095
0.0079589
0.0091515
0.0105960
0.0122500
0.0138523
0.0154115
0.0163519
0.0171575
0.0185373
0.0198854
0.0207989
0.0215676
0.0227793
0.0242058
0.0255610
0.0269481
0.0279417
0.0280899
0.0273226
0.0259638
0.0246469
0.0236471
0.0223562
0.0201530
0.0172495
0.0146293
0.0131435
0.0125647
0.0121961
0.0117720
0.0108607
0.0086589
0.0046353
-0.0010142
-0.0066964
-0.0101112
-0.0104351
-0.0090764
-0.0079358
-0.0079245
-0.0087838
-0.0094775
-0.0095286
-0.0092666
-0.0089908
-0.0088745
-0.0089351
-0.0091029
-0.0091599
-0.0089638
-0.0088403
-0.0086263
-0.0077460
-0.0062259
-0.0047647
-0.0039325
-0.0038299
-0.0042447
-0.0045148
-0.0044048
-0.0042263
-0.0040883
-0.0040220
-0.0041370
-0.0042265
-0.0042441
-0.0042131
-0.0041369
-0.0041970
-0.0042956
-0.0043042
-0.0043250
-0.0043791
-0.0043203
-0.0041588
-0.0037792
-0.0029678
-0.0018085
-0.0007537
-0.0004529
-0.0011357
-0.0024465
-0.0037215
-0.0043853
-0.0044776
-0.0042432
-0.0040069
-0.0040471
-0.0041717
-0.0042896
-0.0042823
-0.0041627
-0.0041934
-0.0042258
-0.0042769
-0.0044358
-0.0047982
-0.0058485
-0.0075077
-0.0087874
-0.0090964
-0.0088554
-0.0085534
-0.0083626
-0.0084196
-0.0083283
-0.0072678
-0.0052093
-0.0028516
-0.0007319
0.0011437
0.0027635
0.0037566
0.0040995
0.0039599
0.0036642
0.0036907
0.0038631
0.0039368
0.0038028
0.0029297
0.0012773
-0.0001838
-0.0007633
-0.0005724
-0.0001395
0.0000703
-0.0000674
-0.0002851
0.0003972
0.0020567
0.0037281
0.0048676
0.0056045
0.0065543
0.0075404
0.0080028
0.0079928
0.0072985
0.0057096
0.0040869
0.0031657
0.0028486
0.0026216
0.0016576
0.0001418
-0.0008302
-0.0009114
-0.0005062
-0.0000858
-0.0000950
-0.0003310
-0.0004958
-0.0005905
-0.0005518
-0.0004719
0.0000133
0.0011591
0.0026102
0.0036868
0.0039080
0.0035554
0.0031432
0.0031346
0.0036450
0.0043850
0.0049742
0.0050141
0.0050730
0.0059173
0.0071585
0.0079809
0.0079525
0.0078233
0.0084608
0.0099753
0.0116141
0.0123708
0.0121480
0.0112401
0.0098560
0.0081155
0.0063590
0.0048645
0.0038256
0.0031041
0.0021642
0.0007141
-0.0012963
-0.0033945
-0.0047014
-0.0053443
-0.0060952
-0.0073212
-0.0088206
-0.0096403
-0.0095530
-0.0091387
-0.0088169
-0.0087193
-0.0083849
-0.0071488
-0.0054678
-0.0043136
-0.0034591
-0.0023903
-0.0012708
-0.0006086
-0.0005651
-0.0008393
-0.0010732
-0.0010569
-0.0008350
-0.0008688
-0.0016698
-0.0030558
-0.0046760
-0.0060946
-0.0071736
-0.0082450
-0.0089191
-0.0088949
-0.0087795
-0.0087136
-0.0085531
-0.0087092
-0.0088010
-0.0082389
-0.0070577
-0.0052825
-0.0034785
-0.0018247
0.0001067
0.0020519
0.0036425
0.0047225
0.0055998
0.0068234
0.0082552
0.0098254
0.0113055
0.0122421
0.0128022
0.0132453
0.0134535
0.0128430
0.0109997
0.0084359
0.0057453
0.0031780
0.0008066
-0.0015525
-0.0036783
-0.0049769
-0.0054034
-0.0052366
-0.0052873
-0.0064882
-0.0082905
-0.0095859
-0.0098861
-0.0097748
-0.0103174
-0.0113652
-0.0116225
-0.0104673
-0.0089018
-0.0081759
-0.0080149
-0.0074490
-0.0060609
-0.0040231
-0.0020033
-0.0003935
0.0007860
0.0019207
0.0030491
0.0036583
0.0035345
0.0026326
0.0012062
-0.0002039
-0.0010150
-0.0010713
-0.0011758
-0.0023289
-0.0041483
-0.0058989
-0.0074711
-0.0086935
-0.0098144
-0.0111157
-0.0124945
-0.0133906
-0.0135312
-0.0135031
-0.0138241
-0.0149748
-0.0167095
-0.0177566
-0.0178900
-0.0181282
-0.0190860
-0.0206619
-0.0220539
-0.0228407
-0.0235396
-0.0243798
-0.0252466
-0.0257729
-0.0252678
-0.0235919
-0.0216912
-0.0202629
-0.0187880
-0.0169510
-0.0149874
-0.0134367
-0.0124345
-0.0113639
-0.0100332
-0.0085508
-0.0069780
-0.0054665
-0.0044617
-0.0043330
-0.0046786
-0.0049217
-0.0049403
-0.0047792
-0.0046072
-0.0046117
-0.0049553
-0.0056879
-0.0067855
-0.0077748
-0.0077356
-0.0064893
-0.0048817
-0.0040623
-0.0042804
-0.0047803
-0.0046225
-0.0032468
-0.0013406
-0.0000378
0.0001302
-0.0005097
-0.0009623
-0.0010168
-0.0007200
-0.0002452
0.0001374
0.0009649
0.0023227
0.0030984
0.0025149
0.0013296
0.0005401
0.0002410
0.0000332
-0.0002293
-0.0007144
-0.0019232
-0.0035160
-0.0049004
-0.0061799
-0.0074590
-0.0087273
-0.0094397
-0.0093333
-0.0092287
-0.0095397
-0.0099443
-0.0101261
-0.0099613
-0.0095087
-0.0092712
-0.0093494
-0.0089212
-0.0077014
-0.0058018
-0.0034905
-0.0013906
0.0004847
0.0025660
0.0048322
0.0067760
0.0084366
0.0100997
0.0115155
0.0126713
0.0137166
0.0145932
0.0152079
0.0154173
0.0149269
0.0137289
0.0124169
0.0116798
0.0115994
0.0118613
0.0121786
0.0121570
0.0117981
0.0115941
0.0115852
0.0116039
0.0116119
0.0115251
0.0115591
0.0115862
0.0114399
0.0114438
0.0115293
0.0114920
0.0115077
0.0112989
0.0104287
0.0089577
0.0077395
0.0080207
0.0097969
0.0116677
0.0124078
0.0121189
0.0114962
0.0111100
0.0110034
0.0106308
0.0100478
0.0096248
0.0095514
0.0100022
0.0108904
0.0117389
0.0121036
0.0123960
0.0132607
0.0146493
0.0160219
0.0169790
0.0178686
0.0190291
0.0199140
0.0200722
0.0197771
0.0193718
0.0189249
0.0186505
0.0184157
0.0181079
0.0182858
0.0189794
0.0197909
0.0204158
0.0205314
0.0203330
0.0201966
0.0202683
0.0204173
0.0205379
0.0206177
0.0205830
0.0205321
0.0204816
0.0205092
0.0205781
0.0205190
0.0204414
0.0204317
0.0203079
0.0202437
0.0202751
0.0201554
0.0200709
0.0200580
0.0199190
0.0192734
0.0179132
0.0161554
0.0144551
0.0130949
0.0120094
0.0112764
0.0108131
0.0105060
0.0106694
0.0114211
0.0124633
0.0136447
0.0151244
0.0166431
0.0181176
0.0195425
0.0203535
0.0200732
0.0189019
0.0174682
0.0163909
0.0158910
0.0153257
0.0139411
0.0116632
0.0092890
0.0075091
0.0061952
0.0050823
0.0041003
0.0035322
0.0031677
0.0021060
0.0005115
-0.0007537
-0.0017676
-0.0028989
-0.0041128
-0.0049942
-0.0052416
-0.0053016
-0.0059348
-0.0074279
-0.0089930
-0.0099618
-0.0106260
-0.0113393
-0.0121387
-0.0129998
-0.0135107
-0.0134677
-0.0132704
-0.0130924
-0.0131399
-0.0136101
-0.0147469
-0.0163334
-0.0176124
-0.0177835
-0.0164497
-0.0143957
-0.0129424
-0.0127543
-0.0132656
-0.0137184
-0.0137150
-0.0133791
-0.0131288
-0.0130505
-0.0131783
-0.0133339
-0.0132525
-0.0123339
-0.0106370
-0.0091842
-0.0085690
-0.0088870
-0.0095237
-0.0097565
-0.0095745
-0.0094202
-0.0100115
-0.0115908
-0.0132961
-0.0140837
-0.0139572
-0.0140955
-0.0153796
-0.0170607
-0.0181330
-0.0185433
-0.0189016
-0.0198279
-0.0209990
-0.0219455
-0.0222208
-0.0219339
-0.0217220
-0.0216507
-0.0217197
-0.0218442
-0.0219175
-0.0218915
-0.0218959
-0.0215977
-0.0205037
-0.0188698
-0.0174589
-0.0170620
-0.0174075
-0.0178952
-0.0181206
-0.0178147
-0.0174865
-0.0174635
-0.0175607
-0.0180011
-0.0192504
-0.0209222
-0.0220647
-0.0222504
-0.0217282
-0.0212145
-0.0211110
-0.0210045
-0.0207709
-0.0204303
-0.0198123
-0.0191292
-0.0182508
-0.0173802
-0.0170405
-0.0170886
-0.0172133
-0.0171227
-0.0163250
-0.0147153
-0.0130482
-0.0120994
-0.0122058
-0.0128113
-0.0130552
-0.0129086
-0.0126487
-0.0124752
-0.0125213
-0.0126713
-0.0127388
-0.0125523
-0.0121582
-0.0120360
-0.0123421
-0.0128811
-0.0132154
-0.0129437
-0.0120067
-0.0105112
-0.0090173
-0.0080301
-0.0073697
-0.0063839
-0.0050615
-0.0039735
-0.0029486
-0.0016684
-0.0006308
-0.0002059
-0.0002023
0.0001470
0.0011393
0.0015813
0.0008225
-0.0003701
-0.0010299
-0.0009532
-0.0005037
-0.0002213
-0.0003390
-0.0005358
-0.0007139
-0.0006985
-0.0005983
-0.0005564
-0.0004960
-0.0005321
-0.0001906
0.0007727
0.0019735
0.0030541
0.0038113
0.0041214
0.0044642
0.0056894
0.0074405
0.0091781
0.0108166
0.0119156
0.0125733
0.0132153
0.0137831
0.0142087
0.0141254
0.0132038
0.0121496
0.0116038
0.0112000
0.0102002
0.0086903
0.0070176
0.0053361
0.0040829
0.0034902
0.0035230
0.0038028
0.0039510
0.0038646
0.0036223
0.0034538
0.0035058
0.0036069
0.0036550
0.0037178
0.0038252
0.0042203
0.0050219
0.0058491
0.0061838
0.0059553
0.0051517
0.0040955
0.0035281
0.0035514
0.0037952
0.0037533
0.0030955
0.0023089
0.0023603
0.0031321
0.0036921
0.0038646
0.0037801
0.0039092
0.0051576
0.0074325
0.0099314
0.0118644
0.0130187
0.0140733
0.0152573
0.0162896
0.0173231
0.0187458
0.0201293
0.0207723
0.0208178
0.0208713
0.0217334
0.0234730
0.0250219
0.0255644
0.0252437
0.0247370
0.0245925
0.0246188
0.0243896
0.0240663
0.0234483
0.0222383
0.0207570
0.0191736
0.0176625
0.0163310
0.0149576
0.0136164
0.0124655
0.0115989
0.0109384
0.0099316
0.0085768
0.0076436
0.0074336
0.0073866
0.0073672
0.0075901
0.0078400
0.0080368
0.0079377
0.0072414
0.0063048
0.0055835
0.0049994
0.0044300
0.0038705
0.0031474
0.0022406
0.0013043
0.0003585
-0.0003216
-0.0004595
-0.0007005
-0.0014528
-0.0022920
-0.0028101
-0.0031114
-0.0032206
-0.0026015
-0.0013416
-0.0002400
0.0001455
0.0002860
0.0010314
0.0024569
0.0037414
0.0041831
0.0039605
0.0035488
0.0034186
0.0036314
0.0038525
0.0039446
0.0036726
0.0028625
0.0019357
0.0011957
0.0005984
0.0000382
-0.0003459
-0.0006674
-0.0016058
-0.0031454
-0.0047985
-0.0063017
-0.0076440
-0.0088109
-0.0099423
-0.0115147
-0.0135364
-0.0157755
-0.0179718
-0.0200286
-0.0220494
-0.0240121
-0.0258106
-0.0268530
-0.0265582
-0.0254649
-0.0244185
-0.0236349
-0.0230509
-0.0223679
-0.0215098
-0.0205665
-0.0193709
-0.0180595
-0.0174568
-0.0180606
-0.0190503
-0.0195115
-0.0193918
-0.0188757
-0.0181504
-0.0175180
-0.0173188
-0.0175594
-0.0176104
-0.0168848
-0.0153877
-0.0136376
-0.0125048
-0.0124671
-0.0129287
-0.0129106
-0.0118806
-0.0100484
-0.0084894
-0.0080137
-0.0084104
-0.0089266
-0.0090827
-0.0088854
-0.0085848
-0.0085140
-0.0086473
-0.0088025
-0.0087477
-0.0081847
-0.0072513
-0.0066585
-0.0065842
-0.0066810
-0.0071803
-0.0082532
-0.0097787
-0.0115664
-0.0133287
-0.0149654
-0.0163648
-0.0171946
-0.0172894
-0.0167158
-0.0154634
-0.0139401
-0.0125488
-0.0112488
-0.0099236
-0.0083756
-0.0066116
-0.0047885
-0.0032984
-0.0023617
-0.0015946
-0.0008761
-0.0003807
-0.0001856
-0.0003595
-0.0005056
-0.0003867
-0.0002384
0.0003488
0.0016842
0.0032297
0.0042546
0.0044513
0.0045165
0.0054526
0.0070281
0.0080248
0.0076259
0.0063651
0.0052573
0.0044722
0.0040158
0.0035642
0.0025279
0.0009168
-0.0007042
-0.0019076
-0.0027571
-0.0033066
-0.0034643
-0.0028915
-0.0017533
-0.0007765
-0.0003271
-0.0004144
-0.0005850
-0.0000798
0.0013632
0.0030637
0.0042278
0.0049358
0.0057930
0.0069673
0.0080103
0.0088615
0.0099287
0.0112715
0.0124416
0.0128452
0.0125758
0.0123722
0.0127003
0.0138026
0.0155115
0.0169065
0.0172848
0.0167993
0.0162336
0.0161427
0.0163752
0.0165305
0.0165872
0.0165604
0.0163463
0.0162746
0.0163671
0.0163807
0.0166101
0.0172520
0.0181233
0.0188889
0.0191973
0.0195050
0.0201816
0.0207470
0.0209219
0.0207790
0.0205417
0.0203758
0.0204180
0.0205541
0.0205491
0.0205631
0.0205667
0.0203976
0.0200819
0.0193506
0.0181639
0.0170507
0.0163604
0.0162497
0.0164467
0.0163395
0.0156810
0.0147045
0.0140528
0.0141066
0.0143501
0.0142653
0.0138143
0.0134787
0.0138165
0.0143756
0.0146688
0.0146328
0.0144367
0.0144420
0.0146550
0.0151579
0.0157027
0.0160040
0.0163363
0.0165818
0.0166363
0.0166169
0.0165200
0.0164266
0.0163877
0.0163922
0.0163954
0.0162024
0.0155845
0.0143833
0.0126796
0.0112326
0.0103504
0.0095913
0.0088533
0.0078773
0.0063562
0.0043965
0.0025888
0.0015900
0.0012178
0.0008746
0.0003377
-0.0004258
-0.0016357
-0.0031090
-0.0042833
-0.0046706
-0.0043112
-0.0038990
-0.0038527
-0.0039910
-0.0041491
-0.0042438
-0.0040661
-0.0039670
-0.0039944
-0.0038656
-0.0039772
-0.0041497
-0.0037970
-0.0028586
-0.0014174
0.0000288
0.0005838
0.0003909
0.0000987
-0.0001416
0.0000986
0.0009979
0.0022642
0.0034696
0.0044464
0.0055554
0.0068811
0.0084301
0.0098351
0.0106571
0.0114658
0.0123338
0.0126365
0.0125933
0.0125507
0.0123803
0.0122911
0.0124228
0.0124544
0.0122017
0.0115689
0.0106733
0.0098734
0.0090675
0.0079074
0.0064365
0.0048734
0.0032661
0.0015533
-0.0001164
-0.0010279
-0.0011392
-0.0012119
-0.0014997
-0.0019344
-0.0025334
-0.0032536
-0.0039795
-0.0044960
-0.0045620
-0.0045615
-0.0050793
-0.0060289
-0.0069372
-0.0074218
-0.0075937
-0.0077411
-0.0077672
-0.0075592
-0.0069773
-0.0061325
-0.0053260
-0.0046297
-0.0041948
-0.0040136
-0.0035076
-0.0027218
-0.0022324
-0.0020168
-0.0019037
-0.0014391
-0.0005678
0.0000614
0.0002399
-0.0001595
-0.0013949
-0.0029992
-0.0042937
-0.0046010
-0.0037054
-0.0023065
-0.0009476
-0.0002013
-0.0001787
-0.0003818
-0.0005999
-0.0005937
-0.0003365
-0.0002255
-0.0002934
-0.0002407
-0.0002982
-0.0004097
-0.0002895
-0.0004713
-0.0011837
-0.0020625
-0.0028140
-0.0034856
-0.0040780
-0.0043565
-0.0043732
-0.0043068
-0.0045721
-0.0056132
-0.0072783
-0.0089280
-0.0100726
-0.0108766
-0.0116160
-0.0122361
-0.0126181
-0.0125433
-0.0120023
-0.0111281
-0.0099760
-0.0088824
-0.0080153
-0.0071328
-0.0058141
-0.0042992
-0.0036263
-0.0036932
-0.0040047
-0.0044047
-0.0043562
-0.0039640
-0.0039590
-0.0045376
-0.0054596
-0.0063164
-0.0065415
-0.0064674
-0.0067695
-0.0075369
-0.0082673
-0.0085188
-0.0084688
-0.0083488
-0.0088557
-0.0101604
-0.0115555
-0.0125354
-0.0130738
-0.0137319
-0.0149831
-0.0164386
-0.0171391
-0.0170702
-0.0167399
-0.0162297
-0.0155365
-0.0146350
-0.0136120
-0.0127394
-0.0120834
-0.0111952
-0.0098395
-0.0081553
-0.0063464
-0.0047879
-0.0034820
-0.0021987
-0.0008029
0.0003137
0.0007059
0.0009047
0.0015038
0.0022654
0.0026084
0.0023247
0.0016275
0.0010788
0.0007504
0.0004021
0.0003206
0.0002913
0.0001781
-0.0000454
-0.0012250
-0.0027720
-0.0029172
-0.0014693
0.0002338
0.0009558
0.0006440
-0.0000947
-0.0005031
-0.0003331
0.0000158
0.0001930
0.0001239
-0.0000157
-0.0001364
-0.0001013
0.0000272
0.0000536
0.0000229
0.0002788
0.0009333
0.0017508
0.0025746
0.0031139
0.0032638
0.0034101
0.0037691
0.0040495
0.0038879
0.0029011
0.0011958
-0.0004076
-0.0018121
-0.0031101
-0.0038955
-0.0042530
-0.0042027
-0.0039715
-0.0039277
-0.0040287
-0.0041739
-0.0041940
-0.0040978
-0.0036538
-0.0025442
-0.0011129
0.0002262
0.0010500
0.0013813
0.0020650
0.0031788
0.0041453
0.0045852
0.0044958
0.0045882
0.0049256
0.0049953
0.0050443
0.0050718
0.0048759
0.0044600
0.0037260
0.0028228
0.0018415
0.0007616
-0.0002875
-0.0012452
-0.0022885
-0.0033259
-0.0040617
-0.0046212
-0.0053560
-0.0064105
-0.0075119
-0.0082625
-0.0084812
-0.0081488
-0.0075279
-0.0067001
-0.0056490
-0.0046475
-0.0038624
-0.0033434
-0.0027272
-0.0020416
-0.0015863
-0.0011382
-0.0004974
0.0000220
-0.0001923
-0.0011342
-0.0024895
-0.0037389
-0.0043075
-0.0042215
-0.0039983
-0.0038891
-0.0038228
-0.0035950
-0.0028897
-0.0020985
-0.0018047
-0.0018898
-0.0021198
-0.0021294
-0.0015638
-0.0005337
0.0006750
0.0012733
0.0009326
0.0001483
-0.0004021
-0.0003126
-0.0000310
0.0001951
0.0002260
-0.0000254
-0.0002249
-0.0006444
-0.0014091
-0.0021588
-0.0029331
-0.0035550
-0.0034504
-0.0024106
-0.0012155
-0.0009040
-0.0014743
-0.0022168
-0.0023780
-0.0017086
-0.0005663
0.0004425
0.0010313
0.0016927
0.0026314
0.0037114
0.0049719
0.0063698
0.0077772
0.0089777
0.0101762
0.0115395
0.0125663
0.0129409
0.0127782
0.0125112
0.0125394
0.0126666
0.0124583
0.0117375
0.0106354
0.0091357
0.0076678
0.0066887
0.0060256
0.0055108
0.0049197
0.0043857
0.0041657
0.0042423
0.0044233
0.0046607
0.0053725
0.0066968
0.0080687
0.0089850
0.0095427
0.0101054
0.0110177
0.0120940
0.0127315
0.0127951
0.0125664
0.0123791
0.0124439
0.0127589
0.0122782
0.0113743
0.0101961
0.0090068
0.0082259
0.0078053
0.0072250
0.0061662
0.0049032
0.0036430
0.0022714
0.0009628
0.0001984
-0.0002143
-0.0008647
-0.0019110
-0.0031218
-0.0039397
-0.0038012
-0.0027735
-0.0017289
-0.0013192
-0.0012532
-0.0006257
0.0010042
0.0030479
0.0045865
0.0051416
0.0053426
0.0058973
0.0066314
0.0075486
0.0085354
0.0089580
0.0088313
0.0086400
0.0085721
0.0084903
0.0080589
0.0073190
0.0066934
0.0063300
0.0058625
0.0051290
0.0046035
0.0044967
0.0047788
0.0053498
0.0056477
0.0051068
0.0038667
0.0026307
0.0021007
0.0025573
0.0035794
0.0045824
0.0053164
0.0060020
0.0070647
0.0084895
0.0100134
0.0115149
0.0126109
0.0129553
0.0127616
0.0124699
0.0123499
0.0122546
0.0117567
0.0107639
0.0093656
0.0077406
0.0062857
0.0050222
0.0037461
0.0024723
0.0012883
0.0002154
-0.0007383
-0.0018140
-0.0030019
-0.0038842
-0.0043260
-0.0043637
-0.0041612
-0.0040919
-0.0040503
-0.0036507
-0.0029754
-0.0024318
-0.0021701
-0.0017520
-0.0011585
-0.0008473
-0.0012713
-0.0023147
-0.0032637
-0.0039917
-0.0045407
-0.0049417
-0.0055108
-0.0063939
-0.0074612
-0.0085835
-0.0096601
-0.0104392
-0.0108142
-0.0108381
-0.0106596
-0.0104554
-0.0100119
-0.0093131
-0.0088060
-0.0086754
-0.0088087
-0.0089708
-0.0088430
-0.0082273
-0.0072723
-0.0066019
-0.0064859
-0.0067814
-0.0073832
-0.0076617
-0.0071301
-0.0058335
-0.0039658
-0.0020315
-0.0004935
0.0005706
0.0015585
0.0025880
0.0032002
0.0031742
0.0025012
0.0014860
0.0008062
0.0006464
0.0004277
-0.0001187
-0.0006930
-0.0010589
-0.0010570
-0.0008704
-0.0008317
-0.0009288
-0.0008669
-0.0004458
0.0001148
0.0002313
-0.0005902
-0.0019545
-0.0032463
-0.0042473
-0.0048252
-0.0052269
-0.0059183
-0.0072900
-0.0092010
-0.0108563
-0.0119631
-0.0129586
-0.0140671
-0.0150107
-0.0156956
-0.0160057
-0.0158112
-0.0155832
-0.0154566
-0.0153715
-0.0154080
-0.0153907
-0.0152436
-0.0150423
-0.0147406
-0.0141036
-0.0130018
-0.0116787
-0.0105043
-0.0095269
-0.0086016
-0.0077062
-0.0069906
-0.0066135
-0.0065823
-0.0066460
-0.0065763
-0.0062587
-0.0057010
-0.0052365
-0.0049375
-0.0048624
-0.0052187
-0.0057508
-0.0060941
-0.0060712
-0.0057677
-0.0055883
-0.0058158
-0.0064543
-0.0071974
-0.0075860
-0.0077289
-0.0080368
-0.0085411
-0.0089417
-0.0089751
-0.0087948
-0.0086417
-0.0085614
-0.0085423
-0.0086163
-0.0086225
-0.0082301
-0.0075562
-0.0068637
-0.0061870
-0.0055689
-0.0051260
-0.0050088
-0.0053143
-0.0060590
-0.0070652
-0.0081898
-0.0092975
-0.0099310
-0.0096848
-0.0087250
-0.0077947
-0.0074743
-0.0075712
-0.0074503
-0.0067120
-0.0055509
-0.0043702
-0.0032903
-0.0022575
-0.0011962
-0.0000737
0.0010684
0.0020832
0.0027231
0.0028474
0.0025995
0.0023279
0.0020175
0.0014800
0.0010416
0.0008075
0.0004123
-0.0004254
-0.0015784
-0.0024199
-0.0028384
-0.0031573
-0.0034050
-0.0036336
-0.0040795
-0.0048186
-0.0056002
-0.0062831
-0.0067871
-0.0071177
-0.0074772
-0.0079524
-0.0084937
-0.0090042
-0.0092690
-0.0092573
-0.0091472
-0.0089890
-0.0089152
-0.0087994
-0.0083303
-0.0076362
-0.0070408
-0.0067141
-0.0065305
-0.0063082
-0.0060189
-0.0056094
-0.0052343
-0.0051656
-0.0052208
-0.0052116
-0.0052420
-0.0051757
-0.0048501
-0.0043320
-0.0035641
-0.0026083
-0.0017632
-0.0011007
-0.0004548
0.0002848
0.0010276
0.0018012
0.0024658
0.0028427
0.0032348
0.0037040
0.0040751
0.0043777
0.0047950
0.0054714
0.0062903
0.0070388
0.0076913
0.0081426
0.0083948
0.0087824
0.0092461
0.0095135
0.0096940
0.0100104
0.0102243
0.0099441
0.0093872
0.0089167
0.0086226
0.0082633
0.0075998
0.0068220
0.0062215
0.0062488
0.0070638
0.0081675
0.0089307
0.0092437
0.0095754
0.0102486
0.0111349
0.0119265
0.0124907
0.0129195
0.0131889
0.0131853
0.0130524
0.0129130
0.0128023
0.0127523
0.0126204
0.0122509
0.0116413
0.0110781
0.0108807
0.0110699
0.0113487
0.0113091
0.0108239
0.0100867
0.0094205
0.0089670
0.0085509
0.0081172
0.0076663
0.0071424
0.0066143
0.0061663
0.0057620
0.0052307
0.0045815
0.0040029
0.0036600
0.0036077
0.0037367
0.0037905
0.0037006
0.0035972
0.0035555
0.0035610
0.0034140
0.0029982
0.0024722
0.0019831
0.0013950
0.0006540
-0.0000827
-0.0007243
-0.0011239
-0.0013115
-0.0015888
-0.0019072
-0.0019453
-0.0017569
-0.0016328
-0.0015572
-0.0013284
-0.0010264
-0.0008001
-0.0006925
-0.0007493
-0.0008277
-0.0008254
-0.0007939
-0.0006696
-0.0003997
-0.0000008
0.0003660
0.0004945
0.0004834
0.0006039
0.0009651
0.0013742
0.0015760
0.0015451
0.0014272
0.0013642
0.0013834
0.0014428
0.0014649
0.0014199
0.0013594
0.0014004
0.0016661
0.0020473
0.0024453
0.0028053
0.0030360
0.0031576
0.0031260
0.0029021
0.0025260
0.0021256
0.0019656
0.0022253
0.0026768
0.0028186
0.0024437
0.0018678
0.0016099
0.0018901
0.0024020
0.0026872
0.0026171
0.0024748
0.0025771
0.0028542
0.0030880
0.0031367
0.0029786
0.0028119
0.0027492
0.0027164
0.0026920
0.0026550
0.0026279
0.0027264
0.0029576
0.0031923
0.0032272
0.0030628
0.0029046
0.0028114
0.0027761
0.0027843
0.0028907
0.0031116
0.0032628
0.0032444
0.0031038
0.0029342
0.0028414
0.0028189
0.0027774
0.0027218
0.0026567
0.0025630
0.0025004
0.0024308
0.0023451
0.0023148
0.0022479
0.0020868
0.0017927
0.0013410
0.0008562
0.0004279
0.0000086
-0.0004711
-0.0009249
-0.0012898
-0.0016206
-0.0019096
-0.0022094
-0.0025759
-0.0029128
-0.0031983
-0.0034830
-0.0037305
-0.0038769
-0.0038955
-0.0038504
-0.0038886
-0.0040622
-0.0042743
-0.0044558
-0.0045893
-0.0046661
-0.0047579
-0.0049302
-0.0051421
-0.0053299
-0.0054172
-0.0053502
-0.0051996
-0.0050747
-0.0049970
-0.0049558
-0.0049211
-0.0048451
-0.0047200
-0.0045524
-0.0043674
-0.0041970
-0.0040536
-0.0039255
-0.0038375
-0.0037908
-0.0037256
-0.0036189
-0.0034575
-0.0032725
-0.0031050
-0.0029115
-0.0025999
-0.0021606
-0.0017262
-0.0013932
-0.0011884
-0.0010913
-0.0009991
-0.0008224
-0.0005734
-0.0003515
-0.0002185
-0.0001874
-0.0002423
-0.0002874
-0.0002220
-0.0000639
0.0000821
0.0001407
0.0001174
0.0001170
0.0002108
0.0003503
0.0004932
0.0006293
0.0007132
0.0006722
0.0005466
0.0004461
0.0004045
0.0004175
0.0004351
0.0004027
0.0003487
0.0003111
0.0002841
0.0002665
0.0002511
0.0002355
0.0002375
0.0002876
0.0003723
0.0004064
0.0003744
0.0003177
0.0002620
0.0002264
0.0001725
0.0000725
-0.0000404
-0.0001372
-0.0001997
-0.0002696
-0.0003993
-0.0005396
-0.0006733
-0.0007898
-0.0008719
-0.0009604
-0.0010306
-0.0010827
-0.0011483
-0.0011925
-0.0012040
-0.0012227
-0.0012707
-0.0013137
-0.0013313
-0.0013500
-0.0013834
-0.0014183
-0.0014474
-0.0014739
-0.0014812
-0.0014702
-0.0014713
-0.0014944
-0.0015267
-0.0015474
-0.0015526
-0.0015529
-0.0015563
-0.0015613
-0.0015672
-0.0015478
-0.0014956
-0.0014452
-0.0014095
-0.0013875
-0.0013400
-0.0012516
-0.0011553
-0.0010640
-0.0009851
-0.0009178
-0.0008334
-0.0007272
-0.0006465
-0.0006047
-0.0005750
-0.0005311
-0.0004565
-0.0003750
-0.0003190
-0.0003035
-0.0003149
-0.0003128
-0.0003132
-0.0003353
-0.0003438
-0.0003337
-0.0003184
-0.0002953
-0.0002777
-0.0002650
-0.0002520
-0.0002446
-0.0002290
-0.0002101
-0.0001984
-0.0001845
-0.0001629
-0.0001271
-0.0000797
-0.0000465
-0.0000460
-0.0000606
-0.0000638
-0.0000541
-0.0000388
-0.0000237
-0.0000148
-0.0000065
0.0000149
0.0000388
0.0000510
0.0000546
0.0000537
0.0000560
0.0000654
0.0000840
0.0001072
0.0001253
0.0001352
0.0001424
0.0001533
0.0001658
0.0001741
0.0001734
0.0001698
0.0001697
0.0001682
0.0001680
0.0001749
0.0001842
0.0001931
0.0001995
0.0001996
0.0001974
0.0001939
0.0001922
0.0001933
0.0001868
0.0001786
0.0001764
0.0001773
0.0001780
0.0001751
0.0001701
0.0001673
0.0001662
0.0001644
0.0001628
0.0001631
0.0001643
0.0001684
0.0001724
0.0001740
0.0001757
0.0001774
0.0001810
0.0001837
0.0001865
0.0001902
0.0001921
0.0001954
0.0001985
0.0002015
0.0002046
0.0002074
0.0002115
0.0002139
0.0002160
0.0002198
0.0002219
0.0002239
0.0002264
0.0002276
0.0002291
0.0002306
0.0002309
0.0002334
0.0002385
0.0002426
0.0002463
0.0002495
0.0002515
0.0002526
0.0002535
0.0002551
0.0002564
0.0002591
0.0002617
0.0002625
0.0002639
0.0002656
0.0002667
0.0002675
0.0002686
0.0002694
0.0002698
0.0002704
0.0002710
0.0002720
0.0002727
0.0002730
0.0002738
0.0002748
0.0002754
0.0002755
0.0002757
0.0002761
0.0002764
0.0002768
0.0002772
0.0002778
0.0002783
0.0002788
0.0002795
0.0002801
0.0002805
0.0002810
0.0002815
0.0002820
0.0002826
0.0002831
0.0002836
0.0002840
0.0002844
0.0002846
0.0002849
0.0002851
0.0002853
0.0002854
0.0002855
0.0002856
0.0002855
0.0002855
0.0002854
0.0002853
0.0002851
0.0002848
0.0002846
0.0002842
0.0002839
0.0002834
0.0002829
0.0002824
0.0002818
0.0002812
0.0002805
0.0002798
0.0002790
