-0.0029402
-0.0027443
0.0005267
0.0043021
0.0040915
0.0041682
0.0041227
0.0040509
0.0039545
0.0038191
0.0036657
0.0035382
0.0034333
0.0033240
0.0032186
0.0031728
0.0032494
0.0034645
0.0037298
0.0039664
0.0042138
0.0044703
0.0046318
0.0046545
0.0044120
0.0037621
0.0031745
0.0034512
0.0045065
0.0053711
0.0053609
0.0047050
0.0041589
0.0041443
0.0044497
0.0047597
0.0050384
0.0053140
0.0054770
0.0054629
0.0053647
0.0053014
0.0052820
0.0052679
0.0052737
0.0052683
0.0050995
0.0046794
0.0041279
0.0036083
0.0031625
0.0027651
0.0023789
0.0019976
0.0016402
0.0012753
0.0009254
0.0006992
0.0006173
0.0006278
0.0006700
0.0005956
0.0003063
0.0000075
-0.0001142
-0.0001988
-0.0003340
-0.0003897
-0.0003461
-0.0003462
-0.0004583
-0.0005853
-0.0005962
-0.0006286
-0.0009303
-0.0012433
-0.0011961
-0.0009528
-0.0007155
-0.0004788
-0.0002747
-0.0001090
-0.0000152
-0.0000177
0.0000193
0.0000840
-0.0000233
-0.0002907
-0.0006367
-0.0009122
-0.0008174
-0.0004172
-0.0000609
0.0002201
0.0005081
0.0006941
0.0006685
0.0003812
-0.0000955
-0.0005720
-0.0008660
-0.0010314
-0.0014989
-0.0023744
-0.0031060
-0.0035893
-0.0042556
-0.0049699
-0.0054140
-0.0057827
-0.0061367
-0.0060013
-0.0052193
-0.0043323
-0.0038668
-0.0036310
-0.0029828
-0.0020889
-0.0015587
-0.0011755
-0.0006550
-0.0002413
0.0000159
0.0001858
0.0000896
-0.0003281
-0.0006861
-0.0006790
-0.0007728
-0.0017178
-0.0035021
-0.0053707
-0.0068646
-0.0080315
-0.0087295
-0.0087593
-0.0085251
-0.0085673
-0.0087167
-0.0083545
-0.0072865
-0.0059758
-0.0047183
-0.0034120
-0.0022302
-0.0014237
-0.0002939
0.0017397
0.0037240
0.0048646
0.0055080
0.0062275
0.0074745
0.0094101
0.0110932
0.0113055
0.0108020
0.0106337
0.0104115
0.0101854
0.0100609
0.0089729
0.0064913
0.0037609
0.0013250
-0.0015004
-0.0044242
-0.0063371
-0.0075478
-0.0089133
-0.0101210
-0.0108556
-0.0115650
-0.0127182
-0.0138868
-0.0141536
-0.0134564
-0.0113533
-0.0070885
-0.0025432
-0.0001821
0.0002913
0.0002780
0.0007624
0.0016420
0.0024109
0.0032585
0.0042227
0.0048873
0.0047069
0.0037922
0.0028790
0.0025189
0.0020127
0.0002133
-0.0017783
-0.0022780
-0.0017513
-0.0010900
-0.0006585
-0.0009604
-0.0019906
-0.0037709
-0.0057831
-0.0063754
-0.0056156
-0.0051491
-0.0053482
-0.0059709
-0.0073544
-0.0094266
-0.0114340
-0.0128692
-0.0140044
-0.0148280
-0.0144653
-0.0125723
-0.0097050
-0.0062910
-0.0026304
0.0003112
0.0023537
0.0043963
0.0065633
0.0092509
0.0125590
0.0156264
0.0189285
0.0222511
0.0234077
0.0226280
0.0224287
0.0232620
0.0232925
0.0208628
0.0161895
0.0116372
0.0098170
0.0100605
0.0092791
0.0064909
0.0030179
-0.0002776
-0.0031810
-0.0058057
-0.0090092
-0.0135383
-0.0201816
-0.0278356
-0.0315542
-0.0289946
-0.0251956
-0.0244406
-0.0242818
-0.0228574
-0.0222190
-0.0218841
-0.0181556
-0.0101937
-0.0014338
0.0042950
0.0069646
0.0104446
0.0154299
0.0172842
0.0153021
0.0145662
0.0163282
0.0179582
0.0193251
0.0202671
0.0189213
0.0143285
0.0068152
-0.0020035
-0.0100443
-0.0150520
-0.0147693
-0.0104295
-0.0075618
-0.0094670
-0.0142862
-0.0190465
-0.0213502
-0.0214480
-0.0220410
-0.0233018
-0.0234558
-0.0218738
-0.0198867
-0.0194354
-0.0191075
-0.0142651
-0.0032159
0.0100048
0.0195883
0.0216629
0.0168754
0.0095309
0.0032177
0.0005750
0.0026585
0.0074814
0.0133186
0.0180650
0.0192354
0.0177145
0.0144682
0.0101011
0.0077378
0.0079779
0.0072072
0.0044049
0.0021045
0.0010629
-0.0008089
-0.0055961
-0.0140972
-0.0255313
-0.0360475
-0.0412870
-0.0404499
-0.0352716
-0.0302067
-0.0311652
-0.0385569
-0.0460211
-0.0477533
-0.0440196
-0.0391859
-0.0362779
-0.0350155
-0.0344174
-0.0322764
-0.0243693
-0.0095601
0.0097404
0.0311071
0.0487570
0.0557849
0.0531471
0.0480593
0.0456484
0.0444443
0.0419286
0.0401966
0.0412767
0.0432919
0.0425411
0.0371361
0.0289488
0.0214478
0.0162599
0.0143984
0.0160272
0.0179073
0.0185925
0.0199387
0.0211863
0.0197696
0.0145461
0.0054400
-0.0071395
-0.0210886
-0.0333675
-0.0436219
-0.0529266
-0.0610790
-0.0672074
-0.0708846
-0.0730330
-0.0744939
-0.0746527
-0.0727585
-0.0686559
-0.0635197
-0.0591090
-0.0547876
-0.0476545
-0.0359455
-0.0201599
-0.0007449
0.0185034
0.0303096
0.0337078
0.0335867
0.0332038
0.0335114
0.0334950
0.0317891
0.0301563
0.0304973
0.0318776
0.0325008
0.0312465
0.0275075
0.0194731
0.0046825
-0.0166584
-0.0387961
-0.0528052
-0.0550230
-0.0490277
-0.0413209
-0.0369393
-0.0351502
-0.0316137
-0.0217650
-0.0019513
0.0259247
0.0531522
0.0725637
0.0824150
0.0805281
0.0662037
0.0497071
0.0434472
0.0427425
0.0342334
0.0198711
0.0130793
0.0179413
0.0278083
0.0355615
0.0362396
0.0262542
0.0075783
-0.0126877
-0.0284901
-0.0361243
-0.0362410
-0.0349368
-0.0378476
-0.0458493
-0.0546724
-0.0592563
-0.0606332
-0.0633104
-0.0702490
-0.0810704
-0.0924799
-0.1037854
-0.1138599
-0.1155818
-0.1059841
-0.0913688
-0.0771694
-0.0652852
-0.0559927
-0.0445170
-0.0243589
0.0047014
0.0346910
0.0575780
0.0715097
0.0777867
0.0797163
0.0773559
0.0674110
0.0544295
0.0479343
0.0499821
0.0554595
0.0610195
0.0660557
0.0677680
0.0648129
0.0612553
0.0608248
0.0635219
0.0669331
0.0666904
0.0586900
0.0444009
0.0305847
0.0208060
0.0139932
0.0108001
0.0116467
0.0119393
0.0072029
-0.0029524
-0.0175420
-0.0333414
-0.0461234
-0.0541719
-0.0540189
-0.0440872
-0.0341467
-0.0393900
-0.0669450
-0.1076378
-0.1358239
-0.1249019
-0.0720548
-0.0017989
0.0530468
0.0764386
0.0772186
0.0691379
0.0593538
0.0524721
0.0495399
0.0473563
0.0460572
0.0490257
0.0537310
0.0543022
0.0487332
0.0383960
0.0249660
0.0099061
-0.0055258
-0.0195967
-0.0293716
-0.0348950
-0.0406863
-0.0507787
-0.0674295
-0.0918451
-0.1211618
-0.1476862
-0.1638023
-0.1674611
-0.1619195
-0.1489087
-0.1265697
-0.0938663
-0.0544447
-0.0158134
0.0183514
0.0494710
0.0810053
0.1143593
0.1424143
0.1604441
0.1771657
0.2036554
0.2400940
0.2739749
0.2936356
0.2987682
0.2897528
0.2630131
0.2200460
0.1671475
0.1171714
0.0875196
0.0817227
0.0900382
0.1032668
0.1126695
0.1086115
0.0857788
0.0481577
0.0057785
-0.0320517
-0.0597723
-0.0800929
-0.0990812
-0.1129182
-0.1138825
-0.1056990
-0.0983416
-0.0964026
-0.1022481
-0.1167616
-0.1382098
-0.1646592
-0.1888976
-0.1990126
-0.1883399
-0.1595612
-0.1205867
-0.0824848
-0.0544090
-0.0317618
-0.0034011
0.0289103
0.0514917
0.0555134
0.0466984
0.0377300
0.0346004
0.0341563
0.0291296
0.0123242
-0.0189100
-0.0587629
-0.0942383
-0.1152331
-0.1208913
-0.1149821
-0.1028844
-0.0892183
-0.0722431
-0.0463096
-0.0115707
0.0224346
0.0430679
0.0439572
0.0272518
0.0017206
-0.0197183
-0.0290683
-0.0286617
-0.0261918
-0.0280506
-0.0359515
-0.0503413
-0.0699121
-0.0847427
-0.0842178
-0.0712080
-0.0563625
-0.0443247
-0.0330406
-0.0210665
-0.0078101
0.0106939
0.0344114
0.0560793
0.0727167
0.0882038
0.1066991
0.1272648
0.1429570
0.1465447
0.1297623
0.0859818
0.0276330
-0.0175026
-0.0341527
-0.0277989
-0.0140801
-0.0070908
-0.0041426
0.0110980
0.0431256
0.0783278
0.1021924
0.1078221
0.0971109
0.0825344
0.0790863
0.0916348
0.1119391
0.1290287
0.1388529
0.1430499
0.1441026
0.1395860
0.1224814
0.0900775
0.0470543
0.0039476
-0.0253031
-0.0350603
-0.0340364
-0.0376089
-0.0602166
-0.1085906
-0.1763868
-0.2411199
-0.2717539
-0.2568155
-0.2131837
-0.1607548
-0.1190404
-0.1105944
-0.1328977
-0.1561554
-0.1618761
-0.1578330
-0.1579457
-0.1663209
-0.1763753
-0.1769691
-0.1635263
-0.1408710
-0.1142385
-0.0860285
-0.0601267
-0.0401447
-0.0228790
0.0012998
0.0393453
0.0909597
0.1472282
0.1864426
0.1943409
0.1854643
0.1807912
0.1849889
0.1923295
0.1958958
0.1918801
0.1794936
0.1576582
0.1258313
0.0868137
0.0466647
0.0102339
-0.0235922
-0.0566794
-0.0876790
-0.1155262
-0.1419585
-0.1686618
-0.1898817
-0.1981312
-0.1952253
-0.1887271
-0.1831379
-0.1768507
-0.1646245
-0.1401841
-0.0943716
-0.0223283
0.0584247
0.1203790
0.1588142
0.1907992
0.2298561
0.2727105
0.3094728
0.3349698
0.3456743
0.3423046
0.3357429
0.3345710
0.3335320
0.3270483
0.3207365
0.3163524
0.2880232
0.2003897
0.0749113
-0.0174456
-0.0463368
-0.0473394
-0.0655922
-0.1067888
-0.1507511
-0.1866608
-0.2170925
-0.2460936
-0.2705661
-0.2836000
-0.2827851
-0.2698451
-0.2466557
-0.2143903
-0.1757265
-0.1394085
-0.1138286
-0.0917127
-0.0558809
0.0005229
0.0662907
0.1189762
0.1408449
0.1273734
0.0845410
0.0287481
-0.0194776
-0.0518496
-0.0743268
-0.0920695
-0.1015019
-0.0968043
-0.0776552
-0.0507338
-0.0263363
-0.0112269
-0.0012645
0.0146300
0.0377769
0.0595421
0.0776771
0.0939860
0.1049222
0.1095589
0.1188810
0.1478510
0.2006541
0.2640087
0.3118715
0.3307244
0.3340999
0.3375650
0.3407975
0.3362428
0.3188754
0.2864987
0.2352055
0.1671764
0.0964568
0.0367462
-0.0068913
-0.0393799
-0.0664025
-0.0855625
-0.1009461
-0.1230569
-0.1526628
-0.1867504
-0.2223046
-0.2489547
-0.2513924
-0.2212382
-0.1671114
-0.1023803
-0.0321890
0.0335932
0.0793806
0.1035931
0.1175994
0.1239194
0.1128379
0.0800592
0.0325187
-0.0194225
-0.0705195
-0.1278066
-0.1983089
-0.2675143
-0.3156631
-0.3440054
-0.3622745
-0.3723678
-0.3662613
-0.3258880
-0.2357734
-0.1007324
0.0456132
0.1509360
0.1916460
0.2018911
0.2221052
0.2522941
0.2772868
0.2991482
0.3289297
0.3664159
0.3972059
0.4036319
0.3799252
0.3413393
0.3116229
0.2972799
0.2872978
0.2720834
0.2483001
0.2072289
0.1444022
0.0754024
0.0070063
-0.0648815
-0.1237826
-0.1468163
-0.1289232
-0.0851180
-0.0435720
-0.0274349
-0.0435261
-0.0848248
-0.1318649
-0.1641390
-0.1790456
-0.1868443
-0.1965503
-0.2161633
-0.2528678
-0.3030266
-0.3478866
-0.3724646
-0.3812242
-0.3814338
-0.3663032
-0.3281667
-0.2712886
-0.2030384
-0.1238264
-0.0385808
0.0334798
0.0787776
0.1034780
0.1224201
0.1458511
0.1755415
0.2043794
0.2171488
0.2016440
0.1612201
0.1131250
0.0780119
0.0705111
0.0909581
0.1290136
0.1819197
0.2591463
0.3423942
0.3798558
0.3700529
0.3656471
0.3814771
0.3911788
0.3851705
0.3763055
0.3726409
0.3707133
0.3604451
0.3176876
0.2122344
0.0527948
-0.1030944
-0.2166633
-0.3036826
-0.3884622
-0.4670312
-0.5226551
-0.5578495
-0.5905744
-0.6209786
-0.6321702
-0.6227589
-0.6150700
-0.6237935
-0.6286892
-0.5905672
-0.4867728
-0.3308010
-0.1704681
-0.0547977
0.0048933
0.0213785
-0.0026260
-0.0556274
-0.0993120
-0.1140447
-0.1286635
-0.1758767
-0.2385550
-0.2725704
-0.2673785
-0.2365653
-0.1820700
-0.1120920
-0.0497460
-0.0055044
0.0288470
0.0654612
0.1099609
0.1599933
0.2049371
0.2317910
0.2429276
0.2507653
0.2593385
0.2676386
0.2818516
0.3127529
0.3605708
0.4085940
0.4322905
0.4214530
0.3778299
0.2920490
0.1762423
0.0754213
0.0024748
-0.0627789
-0.1226474
-0.1658282
-0.1892386
-0.2004735
-0.2118009
-0.2276959
-0.2439955
-0.2599902
-0.2771105
-0.2880766
-0.2849930
-0.2721918
-0.2586478
-0.2469462
-0.2353905
-0.2258188
-0.2238377
-0.2298937
-0.2381057
-0.2474635
-0.2635796
-0.2836882
-0.2955762
-0.2929001
-0.2793315
-0.2631504
-0.2485675
-0.2350813
-0.2258477
-0.2230271
-0.2156605
-0.1886505
-0.1433678
-0.0937815
-0.0444155
0.0097439
0.0625604
0.0973707
0.1125024
0.1234404
0.1375475
0.1527567
0.1761354
0.2164509
0.2646720
0.3017680
0.3200545
0.3265556
0.3244820
0.3081000
0.2775498
0.2377805
0.1956675
0.1614412
0.1398075
0.1252249
0.1049544
0.0666045
0.0116239
-0.0420791
-0.0840843
-0.1184243
-0.1458149
-0.1702427
-0.2032104
-0.2420491
-0.2678524
-0.2713464
-0.2609612
-0.2467482
-0.2317534
-0.2212078
-0.2306668
-0.2734821
-0.3479979
-0.4330145
-0.4913506
-0.4995986
-0.4616631
-0.3823542
-0.2661936
-0.1402776
-0.0339166
0.0400421
0.0812146
0.1143246
0.1656562
0.2282883
0.2779284
0.3017016
0.3014299
0.2799861
0.2410491
0.1955099
0.1630379
0.1613747
0.1860857
0.2171792
0.2467265
0.2791899
0.3115304
0.3359379
0.3509081
0.3618829
0.3756364
0.3919823
0.4036579
0.4060638
0.4045538
0.4050465
0.4073036
0.4106719
0.4103627
0.3925343
0.3437713
0.2616808
0.1590598
0.0665947
0.0165333
0.0072832
0.0077838
0.0005947
-0.0096913
-0.0176875
-0.0198533
-0.0114637
0.0053328
0.0194509
0.0167197
-0.0068577
-0.0393078
-0.0669844
-0.0800715
-0.0749517
-0.0636905
-0.0640262
-0.0798231
-0.1012770
-0.1176123
-0.1216215
-0.1098217
-0.0884068
-0.0713321
-0.0668091
-0.0734258
-0.0851452
-0.0932073
-0.0873346
-0.0621523
-0.0217955
0.0249102
0.0694565
0.1067497
0.1373756
0.1665030
0.2006440
0.2414320
0.2845508
0.3293892
0.3762202
0.4112224
0.4217045
0.4191483
0.4199690
0.4244066
0.4256435
0.4181527
0.3876487
0.3058082
0.1674697
0.0240410
-0.0698522
-0.1183977
-0.1542407
-0.1903643
-0.2227222
-0.2472800
-0.2635608
-0.2754502
-0.2876807
-0.2975414
-0.2959591
-0.2782579
-0.2472106
-0.2044964
-0.1469103
-0.0706510
0.0136241
0.0834852
0.1309023
0.1650985
0.1972425
0.2313344
0.2658930
0.2992523
0.3298458
0.3578846
0.3800191
0.3874609
0.3823441
0.3786767
0.3812921
0.3848093
0.3890821
0.4018805
0.4240078
0.4318122
0.3968115
0.3174708
0.2132358
0.1038472
0.0135389
-0.0371946
-0.0595044
-0.0741010
-0.0816166
-0.0806249
-0.0859833
-0.1126012
-0.1599297
-0.2172861
-0.2778576
-0.3475095
-0.4253069
-0.4950743
-0.5467085
-0.5824130
-0.6068595
-0.6265419
-0.6536010
-0.6938644
-0.7368142
-0.7637100
-0.7551859
-0.7045806
-0.6304116
-0.5594982
-0.5060361
-0.4692204
-0.4367513
-0.3958028
-0.3413292
-0.2805988
-0.2032869
-0.1188644
-0.1562421
-0.3312634
-0.4026912
-0.2791624
-0.1368893
-0.0876059
-0.0803060
-0.0446775
0.0139923
0.0598922
0.0923021
0.1282414
0.1736702
0.2203567
0.2621302
0.3063024
0.3553833
0.4068109
0.4789958
0.5707028
0.6187288
0.6136640
0.6266040
0.6514335
0.6191146
0.5378478
0.4836343
0.4881687
0.5006058
0.4611978
0.3670372
0.2563285
0.1637199
0.1032268
0.0698877
0.0511588
0.0421934
0.0409591
0.0381714
0.0290118
0.0195225
0.0098142
-0.0111980
-0.0454247
-0.0760327
-0.0922722
-0.1034874
-0.1171422
-0.1261887
-0.1261734
-0.1229694
-0.1247941
-0.1363256
-0.1524345
-0.1662256
-0.1799473
-0.1992395
-0.2215012
-0.2371231
-0.2472294
-0.2636605
-0.2878700
-0.3107819
-0.3294788
-0.3477147
-0.3673074
-0.3862456
-0.4059048
-0.4355909
-0.4812327
-0.5327050
-0.5708790
-0.5854591
-0.5776055
-0.5474397
-0.4948229
-0.4256508
-0.3364307
-0.2215604
-0.1073661
-0.0281246
0.0182680
0.0513153
0.0788960
0.1015445
0.1222430
0.1456762
0.1737873
0.2031598
0.2267682
0.2416676
0.2504734
0.2570395
0.2677354
0.2885651
0.3200372
0.3580161
0.3906557
0.4059005
0.4052445
0.3979689
0.3928926
0.3970961
0.4167958
0.4567761
0.5140602
0.5671625
0.5646338
0.4764194
0.3573817
0.2773663
0.2391244
0.2125754
0.1847100
0.1607765
0.1403660
0.1135563
0.0784116
0.0434207
0.0183568
0.0036111
-0.0127995
-0.0414844
-0.0799407
-0.1147223
-0.1401482
-0.1693656
-0.2138282
-0.2639423
-0.3063472
-0.3476757
-0.3950688
-0.4388465
-0.4753920
-0.5131816
-0.5520594
-0.5778555
-0.5812830
-0.5765102
-0.5892797
-0.6246836
-0.6585703
-0.6659947
-0.6454960
-0.6086600
-0.5598118
-0.4932305
-0.4083570
-0.3300524
-0.2980515
-0.3108195
-0.3146011
-0.2718565
-0.1949406
-0.1202697
-0.0678367
-0.0212565
0.0347491
0.0883200
0.1319221
0.1772972
0.2251671
0.2566970
0.2670201
0.2750456
0.2977480
0.3324685
0.3651240
0.3871430
0.3984125
0.4005526
0.3937408
0.3785553
0.3554064
0.3265556
0.2991627
0.2785512
0.2633079
0.2467540
0.2196082
0.1822925
0.1483668
0.1223421
0.0916194
0.0520837
0.0247586
0.0217082
0.0099907
-0.0505801
-0.1521209
-0.2517017
-0.3181543
-0.3511538
-0.3703087
-0.3933160
-0.4170169
-0.4176830
-0.3788920
-0.3092936
-0.2275745
-0.1462600
-0.0732158
-0.0196797
0.0143563
0.0479143
0.0921906
0.1379891
0.1730301
0.2019546
0.2343067
0.2636749
0.2787535
0.2733015
0.2531438
0.2443914
0.2654899
0.2975660
0.3190791
0.3516509
0.4128452
0.4602253
0.4622786
0.4601328
0.4918823
0.5343437
0.5579578
0.5677130
0.5740291
0.5754091
0.5717460
0.5661380
0.5588234
0.5504858
0.5432608
0.5348740
0.5206638
0.4964240
0.4532286
0.3901254
0.3199981
0.2476759
0.1758247
0.1191651
0.0848328
0.0607173
0.0376784
0.0233706
0.0168364
0.0006041
-0.0276557
-0.0515651
-0.0638131
-0.0704687
-0.0753251
-0.0768455
-0.0776387
-0.0856652
-0.1021645
-0.1191001
-0.1314186
-0.1407433
-0.1500633
-0.1622721
-0.1797768
-0.2012596
-0.2236152
-0.2455373
-0.2630984
-0.2721759
-0.2782767
-0.2893598
-0.2961759
-0.2750702
-0.2298561
-0.2226991
-0.3031610
-0.4044873
-0.4100592
-0.3079902
-0.1833069
-0.1040611
-0.0805082
-0.0941751
-0.1257413
-0.1594803
-0.1811539
-0.1858183
-0.1833633
-0.1877994
-0.2010140
-0.2142617
-0.2237250
-0.2330612
-0.2435880
-0.2529241
-0.2606188
-0.2679507
-0.2751063
-0.2806363
-0.2809196
-0.2779501
-0.2837705
-0.3034991
-0.3239401
-0.3243953
-0.2966267
-0.2515875
-0.2060584
-0.1703337
-0.1459045
-0.1297512
-0.1206287
-0.1163544
-0.1100586
-0.0983516
-0.0850651
-0.0736303
-0.0598234
-0.0358062
-0.0002300
0.0410247
0.0775807
0.1016773
0.1183956
0.1399666
0.1692066
0.1980055
0.2182947
0.2252957
0.2227424
0.2223132
0.2219433
0.2039444
0.1666981
0.1258786
0.0829801
0.0205051
-0.0698818
-0.1561901
-0.1942138
-0.1877546
-0.1714073
-0.1613790
-0.1564516
-0.1528218
-0.1500820
-0.1516672
-0.1546873
-0.1505835
-0.1377965
-0.1213491
-0.1033870
-0.0833771
-0.0648035
-0.0527215
-0.0450326
-0.0327691
-0.0133348
0.0030355
0.0105728
0.0209070
0.0495061
0.0970796
0.1445419
0.1738480
0.1911273
0.2084210
0.2213567
0.2225690
0.2167124
0.2122936
0.2129901
0.2193611
0.2275355
0.2267537
0.2070642
0.1644280
0.0983809
0.0263136
-0.0219202
-0.0389628
-0.0397283
-0.0358372
-0.0282375
-0.0151605
-0.0004125
0.0106958
0.0194767
0.0285827
0.0352415
0.0319442
0.0102378
-0.0299602
-0.0762027
-0.1192817
-0.1643153
-0.2088039
-0.2375623
-0.2421748
-0.2055643
-0.1184383
-0.0546886
-0.1165549
-0.2752306
-0.3927033
-0.3870071
-0.3016322
-0.2386042
-0.2477496
-0.3002724
-0.3544599
-0.3992434
-0.4361602
-0.4585202
-0.4596401
-0.4436323
-0.4255626
-0.4166166
-0.4142873
-0.4119420
-0.4008184
-0.3671543
-0.3048213
-0.2242004
-0.1441860
-0.0809975
-0.0353024
0.0058722
0.0471477
0.0781264
0.0919393
0.0970375
0.0998843
0.0923673
0.0694802
0.0414666
0.0190799
0.0033235
-0.0069896
-0.0083200
0.0030419
0.0234460
0.0447727
0.0608793
0.0721604
0.0826978
0.0944276
0.1114776
0.1434082
0.1918613
0.2371505
0.2600812
0.2635839
0.2548807
0.2326349
0.1967165
0.1617287
0.1501760
0.1656331
0.1889872
0.2054804
0.2278534
0.2848312
0.3731048
0.4376760
0.4414547
0.4124767
0.3887816
0.3785597
0.3748908
0.3734891
0.3730672
0.3606156
0.3255007
0.2837257
0.2584397
0.2601853
0.2900462
0.3345551
0.3680892
0.3797344
0.3863381
0.4044122
0.4269802
0.4366544
0.4326633
0.4287561
0.4286260
0.4273891
0.4215412
0.4072819
0.3808818
0.3448998
0.3118657
0.2884119
0.2677614
0.2473161
0.2318127
0.2224101
0.2163295
0.2102692
0.1995516
0.1811755
0.1645407
0.1591783
0.1530284
0.1348111
0.1128324
0.0966494
0.0845029
0.0686150
0.0455804
0.0186763
-0.0081215
-0.0357799
-0.0624889
-0.0801635
-0.0863442
-0.0839587
-0.0754614
-0.0647728
-0.0579704
-0.0551906
-0.0462404
-0.0188996
0.0269893
0.0718126
0.0831152
0.0347931
-0.0559351
-0.1298863
-0.1583243
-0.1693396
-0.1832665
-0.1895276
-0.1876463
-0.1890132
-0.1887864
-0.1697846
-0.1290031
-0.0806231
-0.0382494
-0.0078473
0.0105629
0.0181619
0.0161100
0.0082535
0.0012793
0.0011796
0.0080730
0.0180926
0.0274131
0.0350527
0.0434959
0.0524041
0.0575217
0.0572791
0.0528698
0.0452509
0.0372111
0.0300859
0.0233918
0.0241532
0.0372290
0.0543372
0.0657961
0.0649328
0.0487322
0.0290129
0.0219063
0.0246146
0.0198393
-0.0049894
-0.0441719
-0.0814294
-0.1101922
-0.1327180
-0.1503942
-0.1611348
-0.1630148
-0.1605496
-0.1565990
-0.1463453
-0.1305137
-0.1179883
-0.1150755
-0.1203428
-0.1277137
-0.1362434
-0.1495272
-0.1693815
-0.1985155
-0.2351333
-0.2648165
-0.2785714
-0.2907918
-0.3205183
-0.3644781
-0.4027981
-0.4233720
-0.4304207
-0.4358611
-0.4463229
-0.4643796
-0.4946929
-0.5316617
-0.5539017
-0.5448965
-0.5066416
-0.4498184
-0.3818889
-0.3077243
-0.2363543
-0.1718856
-0.1099216
-0.0630793
-0.0513807
-0.0499419
-0.0115492
0.0447897
0.0495451
-0.0086012
-0.0753935
-0.1214394
-0.1618660
-0.2046496
-0.2364352
-0.2399899
-0.2113009
-0.1741153
-0.1565455
-0.1537986
-0.1435713
-0.1187333
-0.0814003
-0.0305748
0.0333377
0.0950924
0.1303365
0.1404093
0.1508725
0.1710721
0.1885870
0.1934884
0.1866507
0.1730965
0.1552884
0.1326965
0.1065166
0.0798338
0.0559039
0.0386046
0.0273904
0.0178666
0.0109182
0.0082629
0.0062320
0.0054919
0.0104844
0.0187097
0.0221136
0.0186979
0.0173803
0.0256888
0.0392852
0.0522246
0.0710573
0.1012653
0.1308604
0.1378448
0.1106775
0.0644993
0.0258391
0.0066299
-0.0032914
-0.0207576
-0.0492803
-0.0878986
-0.1360258
-0.1800773
-0.2078055
-0.2272942
-0.2489446
-0.2641503
-0.2515297
-0.2109888
-0.1919032
-0.2438307
-0.3345652
-0.3825637
-0.3638683
-0.3223607
-0.2925374
-0.2635290
-0.2189421
-0.1693453
-0.1300121
-0.1016825
-0.0772494
-0.0505250
-0.0237268
-0.0043645
0.0064648
0.0157905
0.0303475
0.0514141
0.0764139
0.0992573
0.1139885
0.1191512
0.1197792
0.1263489
0.1468322
0.1824529
0.2235516
0.2591160
0.2887009
0.3124408
0.3296117
0.3417815
0.3504313
0.3597299
0.3744053
0.3927438
0.4038313
0.3971684
0.3721930
0.3373829
0.3032058
0.2741396
0.2507292
0.2360812
0.2322476
0.2309385
0.2207498
0.2023896
0.1831191
0.1618906
0.1326759
0.0952847
0.0585998
0.0372043
0.0349891
0.0397511
0.0404285
0.0380664
0.0385480
0.0425768
0.0481197
0.0543444
0.0619635
0.0704732
0.0751781
0.0751125
0.0746292
0.0732002
0.0689626
0.0663326
0.0679621
0.0714868
0.0749428
0.0767656
0.0762022
0.0743054
0.0729579
0.0727075
0.0728117
0.0728201
0.0718466
0.0698692
0.0678802
0.0663110
0.0654741
0.0661319
0.0687069
0.0731536
0.0797601
0.0863736
0.0891340
0.0873599
0.0845909
0.0869954
0.0967773
0.1073006
0.1121931
0.1150317
0.1216928
0.1308059
0.1376439
0.1412814
0.1442548
0.1482252
0.1497309
0.1428417
0.1270758
0.1082276
0.0947088
0.0906829
0.0931188
0.0969712
0.0963026
0.0882002
0.0795134
0.0809086
0.0981210
0.1293087
0.1648731
0.1908961
0.1984028
0.1930376
0.1857287
0.1776339
0.1687327
0.1609773
0.1514736
0.1375932
0.1192768
0.0995427
0.0836305
0.0712011
0.0580938
0.0451187
0.0340071
0.0236464
0.0135979
0.0053890
-0.0020043
-0.0124923
-0.0246529
-0.0356000
-0.0466997
-0.0580744
-0.0659371
-0.0683355
-0.0693323
-0.0735543
-0.0792633
-0.0809486
-0.0795626
-0.0836789
-0.0967555
-0.1132483
-0.1268414
-0.1352838
-0.1379128
-0.1327276
-0.1239809
-0.1202370
-0.1214349
-0.1215267
-0.1174771
-0.1113690
-0.1065589
-0.1037218
-0.1012056
-0.0986223
-0.0972127
-0.0971634
-0.0983961
-0.1002352
-0.1012941
-0.1030983
-0.1056585
-0.1026616
-0.0914123
-0.0797191
-0.0783855
-0.0903141
-0.1107561
-0.1343399
-0.1558490
-0.1715374
-0.1817983
-0.1893008
-0.1945490
-0.1925853
-0.1789430
-0.1572752
-0.1374730
-0.1278513
-0.1290972
-0.1362254
-0.1474984
-0.1669567
-0.1927500
-0.2143079
-0.2243449
-0.2256021
-0.2225257
-0.2169234
-0.2115104
-0.2030687
-0.1801106
-0.1391723
-0.1056129
-0.1162705
-0.1655537
-0.2074977
-0.2189666
-0.2151475
-0.2102215
-0.2036511
-0.1939002
-0.1807493
-0.1644468
-0.1486544
-0.1398629
-0.1420175
-0.1523102
-0.1621565
-0.1636491
-0.1584515
-0.1556814
-0.1632836
-0.1788187
-0.1920882
-0.1998233
-0.2077202
-0.2184985
-0.2275947
-0.2324658
-0.2327505
-0.2247741
-0.2023925
-0.1645378
-0.1219879
-0.0833358
-0.0473352
-0.0187825
-0.0065435
-0.0071538
-0.0080037
-0.0031829
0.0042624
0.0129505
0.0228232
0.0305298
0.0327927
0.0289444
0.0211018
0.0124299
0.0052037
0.0026238
0.0071625
0.0161613
0.0256817
0.0359773
0.0484602
0.0611800
0.0721421
0.0822988
0.0923186
0.1017279
0.1082603
0.1097827
0.1090131
0.1102284
0.1134329
0.1160462
0.1180698
0.1190969
0.1183462
0.1175914
0.1164397
0.1146167
0.1141446
0.1152359
0.1173857
0.1210917
0.1278393
0.1378939
0.1480215
0.1571813
0.1681633
0.1808923
0.1940982
0.2074442
0.2160940
0.2168974
0.2160420
0.2212107
0.2369598
0.2607011
0.2789861
0.2843746
0.2811638
0.2655318
0.2270500
0.1675261
0.1069028
0.0681864
0.0514840
0.0388576
0.0232152
0.0103591
0.0037721
0.0017858
0.0015150
0.0009249
-0.0000518
0.0006674
0.0036708
0.0058107
0.0044451
0.0008633
-0.0031307
-0.0088945
-0.0168036
-0.0225342
-0.0226134
-0.0195321
-0.0177716
-0.0163330
-0.0128720
-0.0093708
-0.0079874
-0.0077572
-0.0071111
-0.0085766
-0.0144604
-0.0227684
-0.0299481
-0.0331960
-0.0336837
-0.0335702
-0.0327759
-0.0312286
-0.0297729
-0.0297255
-0.0310909
-0.0328105
-0.0335396
-0.0315747
-0.0255600
-0.0164502
-0.0079166
0.0000899
0.0176395
0.0492166
0.0763193
0.0794075
0.0659989
0.0604520
0.0707631
0.0792616
0.0720110
0.0592457
0.0551866
0.0602085
0.0659076
0.0624850
0.0498037
0.0373506
0.0323940
0.0357347
0.0436279
0.0518066
0.0594279
0.0679409
0.0776547
0.0867345
0.0932402
0.0984155
0.1040964
0.1095918
0.1152973
0.1216946
0.1273892
0.1325972
0.1378072
0.1424721
0.1456444
0.1457051
0.1416364
0.1329650
0.1183358
0.0931183
0.0529575
0.0036232
-0.0407156
-0.0728779
-0.0960226
-0.1100146
-0.1128671
-0.1098427
-0.1056752
-0.0983656
-0.0860454
-0.0742234
-0.0710564
-0.0756047
-0.0776111
-0.0738509
-0.0721744
-0.0770766
-0.0871532
-0.1009428
-0.1182270
-0.1353378
-0.1473654
-0.1570224
-0.1671634
-0.1744650
-0.1772350
-0.1783173
-0.1790471
-0.1741817
-0.1581553
-0.1330841
-0.1048363
-0.0732472
-0.0342472
0.0071214
0.0384110
0.0541283
0.0607611
0.0653652
0.0688246
0.0724688
0.0778037
0.0826817
0.0872114
0.0960116
0.1093088
0.1227824
0.1340305
0.1427631
0.1503840
0.1574978
0.1590598
0.1487729
0.1244925
0.0864491
0.0443163
0.0173422
0.0120790
0.0159639
0.0156385
0.0063534
-0.0104521
-0.0305791
-0.0504463
-0.0686157
-0.0875365
-0.1095722
-0.1285356
-0.1368044
-0.1365269
-0.1312608
-0.1203335
-0.1083010
-0.1038383
-0.1076223
-0.1121044
-0.1149253
-0.1227743
-0.1347582
-0.1378216
-0.1266401
-0.1096219
-0.0927046
-0.0751173
-0.0593925
-0.0506962
-0.0490754
-0.0491447
-0.0476281
-0.0461175
-0.0460322
-0.0465446
-0.0465362
-0.0468556
-0.0482552
-0.0494463
-0.0512029
-0.0567730
-0.0668680
-0.0780262
-0.0863759
-0.0922978
-0.0979889
-0.1030314
-0.1073964
-0.1132052
-0.1202068
-0.1253894
-0.1269341
-0.1263150
-0.1257475
-0.1241881
-0.1196795
-0.1130295
-0.1068553
-0.0996226
-0.0834435
-0.0567459
-0.0324706
-0.0219756
-0.0219074
-0.0251553
-0.0305662
-0.0386858
-0.0463420
-0.0496557
-0.0480752
-0.0414585
-0.0299090
-0.0161675
-0.0032326
0.0084507
0.0185633
0.0267757
0.0349437
0.0439293
0.0536260
0.0654945
0.0804664
0.0979972
0.1168874
0.1377196
0.1617186
0.1864050
0.2069124
0.2211023
0.2316985
0.2417456
0.2534255
0.2718536
0.3007247
0.3363844
0.3721106
0.4017981
0.4090361
0.3822820
0.3442958
0.3207105
0.3046493
0.2797303
0.2509951
0.2350408
0.2339123
0.2368442
0.2323430
0.2135724
0.1820729
0.1457297
0.1125779
0.0854744
0.0641142
0.0493264
0.0389117
0.0258724
0.0087583
-0.0076093
-0.0222789
-0.0364565
-0.0498486
-0.0610121
-0.0679029
-0.0711246
-0.0745500
-0.0793064
-0.0824932
-0.0830173
-0.0817864
-0.0773498
-0.0654868
-0.0430799
-0.0101619
0.0282328
0.0662587
0.1025954
0.1353841
0.1603054
0.1758218
0.1822795
0.1802710
0.1723134
0.1599499
0.1431882
0.1230559
0.1042193
0.0921774
0.0865565
0.0833466
0.0779859
0.0670370
0.0515801
0.0340808
0.0166603
0.0030330
-0.0064677
-0.0149594
-0.0208370
-0.0219459
-0.0218561
-0.0218610
-0.0200673
-0.0183064
-0.0184336
-0.0196484
-0.0214412
-0.0252535
-0.0335143
-0.0448694
-0.0536959
-0.0577064
-0.0585284
-0.0565889
-0.0515770
-0.0432704
-0.0342099
-0.0285074
-0.0276579
-0.0302989
-0.0332983
-0.0358434
-0.0392459
-0.0430756
-0.0463919
-0.0485900
-0.0498476
-0.0509783
-0.0521922
-0.0544635
-0.0591378
-0.0660242
-0.0738844
-0.0827942
-0.0921582
-0.0990433
-0.1012302
-0.0997885
-0.0997076
-0.1083934
-0.1308663
-0.1659655
-0.2070150
-0.2391894
-0.2514632
-0.2531756
-0.2576464
-0.2615508
-0.2561826
-0.2463552
-0.2486440
-0.2776510
-0.3371329
-0.4135113
-0.4662784
-0.4586589
-0.4115432
-0.3792533
-0.3773820
-0.3755656
-0.3529687
-0.3181471
-0.2785035
-0.2349873
-0.1911981
-0.1479073
-0.1083182
-0.0777439
-0.0536400
-0.0318358
-0.0142385
-0.0028737
0.0071176
0.0221966
0.0414979
0.0569334
0.0610920
0.0553383
0.0479739
0.0459043
0.0495651
0.0567336
0.0668808
0.0787070
0.0909259
0.1029395
0.1134298
0.1202630
0.1220109
0.1212031
0.1238092
0.1336816
0.1476270
0.1595005
0.1670059
0.1689176
0.1629093
0.1510834
0.1382086
0.1242126
0.1054948
0.0808816
0.0525703
0.0260330
0.0077096
-0.0007228
-0.0009689
0.0061146
0.0181239
0.0290980
0.0353670
0.0381036
0.0396505
0.0402428
0.0369297
0.0289926
0.0173283
0.0025125
-0.0107264
-0.0185956
-0.0237740
-0.0305943
-0.0408270
-0.0536594
-0.0664190
-0.0757215
-0.0791674
-0.0780550
-0.0768925
-0.0787512
-0.0829137
-0.0867207
-0.0886145
-0.0912678
-0.0980571
-0.1075110
-0.1159085
-0.1215163
-0.1262970
-0.1315170
-0.1349107
-0.1361664
-0.1394978
-0.1463380
-0.1525804
-0.1553332
-0.1550471
-0.1536338
-0.1507641
-0.1443867
-0.1349441
-0.1243028
-0.1133865
-0.1017754
-0.0881220
-0.0717370
-0.0544298
-0.0389426
-0.0262678
-0.0166163
-0.0091925
-0.0026588
0.0012919
0.0017834
0.0030048
0.0079632
0.0144223
0.0200575
0.0255493
0.0312023
0.0358952
0.0376054
0.0343581
0.0272882
0.0181372
0.0078182
-0.0026881
-0.0126777
-0.0208238
-0.0276291
-0.0342495
-0.0401755
-0.0440099
-0.0446070
-0.0425266
-0.0383562
-0.0320887
-0.0235909
-0.0136527
-0.0049013
0.0011852
0.0056456
0.0106636
0.0177998
0.0250021
0.0295965
0.0339550
0.0420557
0.0548503
0.0693807
0.0823400
0.0953772
0.1111835
0.1282157
0.1448165
0.1625206
0.1816697
0.1999981
0.2158397
0.2279199
0.2366346
0.2453148
0.2552014
0.2645044
0.2711008
0.2753867
0.2796552
0.2843457
0.2874553
0.2871013
0.2879365
0.2966440
0.3117168
0.3302215
0.3583239
0.3995049
0.4435008
0.4803353
0.5046402
0.5043223
0.4708691
0.4165213
0.3610188
0.3094207
0.2661733
0.2430447
0.2373239
0.2362459
0.2338039
0.2309775
0.2262856
0.2134857
0.1915897
0.1670651
0.1457037
0.1271825
0.1081380
0.0879777
0.0691651
0.0515901
0.0335478
0.0155900
-0.0005542
-0.0139629
-0.0274424
-0.0424792
-0.0566417
-0.0672282
-0.0751844
-0.0856420
-0.0982088
-0.1071765
-0.1130318
-0.1205853
-0.1294651
-0.1371239
-0.1435332
-0.1495156
-0.1548708
-0.1584052
-0.1598141
-0.1596205
-0.1553996
-0.1460967
-0.1366889
-0.1310466
-0.1276594
-0.1228935
-0.1178042
-0.1147258
-0.1128474
-0.1117686
-0.1115459
-0.1128549
-0.1175580
-0.1260868
-0.1360921
-0.1445954
-0.1507800
-0.1552291
-0.1581480
-0.1612591
-0.1667270
-0.1739289
-0.1812362
-0.1891404
-0.1978480
-0.2028997
-0.1992380
-0.1894337
-0.1813706
-0.1786641
-0.1816770
-0.1909423
-0.2024763
-0.2099065
-0.2114237
-0.2109021
-0.2136028
-0.2209506
-0.2313257
-0.2447714
-0.2631966
-0.2847531
-0.3043647
-0.3211238
-0.3394767
-0.3615549
-0.3804078
-0.3867080
-0.3780799
-0.3605911
-0.3434837
-0.3306420
-0.3194548
-0.3044702
-0.2827056
-0.2564586
-0.2310150
-0.2088328
-0.1848126
-0.1497988
-0.0981178
-0.0358531
0.0180875
0.0485737
0.0634199
0.0807856
0.1014368
0.1168459
0.1287109
0.1425358
0.1575180
0.1701285
0.1804343
0.1897126
0.1955966
0.1968162
0.1967946
0.1973624
0.1987728
0.2016772
0.2036439
0.2031728
0.2029546
0.2011743
0.1931358
0.1817796
0.1723090
0.1642821
0.1577131
0.1549806
0.1540240
0.1510300
0.1483134
0.1504389
0.1559054
0.1609846
0.1638847
0.1599326
0.1452948
0.1284628
0.1222883
0.1263138
0.1283053
0.1220331
0.1175427
0.1246957
0.1372900
0.1427505
0.1372392
0.1269116
0.1167137
0.1055535
0.0939432
0.0850202
0.0763314
0.0588582
0.0291673
-0.0053521
-0.0391566
-0.0709192
-0.1000725
-0.1313535
-0.1680853
-0.2018795
-0.2227930
-0.2364468
-0.2516626
-0.2586275
-0.2438958
-0.2148036
-0.1909698
-0.1810050
-0.1768752
-0.1690881
-0.1607620
-0.1606392
-0.1674668
-0.1702904
-0.1619007
-0.1446864
-0.1220836
-0.0948744
-0.0648454
-0.0329346
0.0019183
0.0373187
0.0641553
0.0787904
0.0882535
0.0941991
0.0914457
0.0811513
0.0694242
0.0584484
0.0467105
0.0341607
0.0227371
0.0133278
0.0048992
-0.0013889
-0.0026236
-0.0008794
-0.0006123
-0.0022817
-0.0043992
-0.0064893
-0.0075767
-0.0070664
-0.0073151
-0.0093008
-0.0105253
-0.0106806
-0.0120397
-0.0150328
-0.0181878
-0.0185408
-0.0145802
-0.0109662
-0.0111894
-0.0117612
-0.0104638
-0.0098145
-0.0111179
-0.0121690
-0.0112573
-0.0089368
-0.0050766
0.0007029
0.0076743
0.0141091
0.0183703
0.0212388
0.0237512
0.0248213
0.0235035
0.0218468
0.0225020
0.0256501
0.0305925
0.0363711
0.0401681
0.0399580
0.0371142
0.0332123
0.0279022
0.0205423
0.0136389
0.0114627
0.0133127
0.0148634
0.0141097
0.0127023
0.0125338
0.0111513
0.0062659
0.0001474
-0.0042455
-0.0061334
-0.0068503
-0.0077938
-0.0083605
-0.0080286
-0.0079268
-0.0083046
-0.0086520
-0.0073196
-0.0017352
0.0041162
0.0038420
0.0025321
0.0088370
0.0202362
0.0300046
0.0377142
0.0461717
0.0544801
0.0605904
0.0645746
0.0654582
0.0632956
0.0606943
0.0587651
0.0557326
0.0511134
0.0471766
0.0431737
0.0367055
0.0295871
0.0236853
0.0168962
0.0076479
-0.0032279
-0.0139102
-0.0225939
-0.0295081
-0.0341523
-0.0354057
-0.0349674
-0.0345754
-0.0321234
-0.0246909
-0.0154300
-0.0096058
-0.0069638
-0.0041352
0.0000278
0.0040502
0.0074617
0.0116593
0.0167436
0.0227972
0.0309226
0.0396712
0.0469595
0.0523646
0.0577000
0.0654201
0.0736827
0.0791624
0.0825383
0.0875838
0.0957969
0.1042962
0.1091719
0.1098323
0.1096017
0.1096800
0.1090829
0.1071635
0.1024028
0.0964845
0.0936463
0.0946122
0.0977499
0.1036785
0.1130788
0.1231774
0.1306206
0.1345986
0.1361843
0.1361063
0.1342828
0.1297194
0.1215127
0.1117017
0.1021310
0.0911416
0.0768629
0.0593447
0.0418209
0.0286356
0.0196909
0.0138937
0.0118790
0.0101908
0.0045520
-0.0040782
-0.0125666
-0.0186599
-0.0205637
-0.0190315
-0.0195894
-0.0263087
-0.0364339
-0.0451195
-0.0527465
-0.0608034
-0.0670311
-0.0723539
-0.0802008
-0.0909314
-0.1023151
-0.1117814
-0.1199233
-0.1278298
-0.1325892
-0.1326426
-0.1304861
-0.1269148
-0.1198927
-0.1083812
-0.0944128
-0.0808551
-0.0708077
-0.0662719
-0.0643896
-0.0624817
-0.0612141
-0.0583770
-0.0491521
-0.0349965
-0.0225822
-0.0166296
-0.0184222
-0.0233612
-0.0242133
-0.0194062
-0.0111777
-0.0013307
0.0077915
0.0153595
0.0207683
0.0207764
0.0147397
0.0055845
-0.0047377
-0.0156979
-0.0258974
-0.0327700
-0.0353211
-0.0342075
-0.0293276
-0.0214432
-0.0123563
-0.0019524
0.0090397
0.0172912
0.0220682
0.0270342
0.0335308
0.0380002
0.0383789
0.0370008
0.0363535
0.0357710
0.0334399
0.0292202
0.0240045
0.0186652
0.0144267
0.0118076
0.0098955
0.0073906
0.0045558
0.0022003
0.0007656
0.0003181
-0.0013511
-0.0055858
-0.0104026
-0.0124661
-0.0111495
-0.0092781
-0.0068894
-0.0011596
0.0070815
0.0125968
0.0128949
0.0115872
0.0111792
0.0092247
0.0042133
-0.0012420
-0.0049201
-0.0082204
-0.0134725
-0.0210435
-0.0288816
-0.0339935
-0.0361730
-0.0386845
-0.0425636
-0.0448704
-0.0454841
-0.0463631
-0.0466945
-0.0464303
-0.0463702
-0.0457121
-0.0444238
-0.0455676
-0.0522401
-0.0624788
-0.0708801
-0.0747014
-0.0765077
-0.0782387
-0.0787917
-0.0786639
-0.0786907
-0.0778387
-0.0757707
-0.0733134
-0.0698724
-0.0651179
-0.0604915
-0.0567017
-0.0542365
-0.0531270
-0.0506925
-0.0433422
-0.0289254
-0.0087598
0.0119769
0.0285617
0.0407578
0.0509394
0.0590733
0.0636739
0.0663667
0.0711654
0.0791529
0.0867656
0.0906817
0.0916131
0.0913195
0.0906259
0.0886916
0.0836110
0.0783160
0.0762855
0.0757936
0.0742736
0.0703175
0.0650682
0.0605400
0.0562926
0.0505562
0.0422070
0.0326992
0.0235382
0.0144375
0.0068717
0.0021286
-0.0016932
-0.0048170
-0.0060334
-0.0062568
-0.0063220
-0.0054738
-0.0024346
0.0015631
0.0041387
0.0049054
0.0042175
0.0025918
0.0010974
0.0005461
-0.0001224
-0.0017776
-0.0035011
-0.0061339
-0.0118308
-0.0201705
-0.0276980
-0.0315838
-0.0337777
-0.0372142
-0.0415264
-0.0463875
-0.0521482
-0.0589121
-0.0662274
-0.0721604
-0.0760613
-0.0782674
-0.0791314
-0.0802541
-0.0810931
-0.0795510
-0.0761977
-0.0713811
-0.0645627
-0.0577022
-0.0515950
-0.0438860
-0.0337738
-0.0228163
-0.0127366
-0.0053826
-0.0018997
-0.0008378
0.0005865
0.0033697
0.0047426
0.0025388
0.0005083
0.0017475
0.0049063
0.0103562
0.0201819
0.0337260
0.0479759
0.0610381
0.0728516
0.0819841
0.0873400
0.0910421
0.0929827
0.0917464
0.0898867
0.0894277
0.0872751
0.0808058
0.0734986
0.0673744
0.0600928
0.0512949
0.0424447
0.0334614
0.0239672
0.0157463
0.0089743
0.0013621
-0.0063953
-0.0113818
-0.0143104
-0.0183486
-0.0228702
-0.0253225
-0.0268818
-0.0291128
-0.0313636
-0.0342833
-0.0371647
-0.0368854
-0.0322330
-0.0244605
-0.0165721
-0.0096227
-0.0015343
0.0072977
0.0126628
0.0128517
0.0117832
0.0133941
0.0171238
0.0206152
0.0238094
0.0273228
0.0311610
0.0376045
0.0466913
0.0538897
0.0599597
0.0693791
0.0798834
0.0866104
0.0898582
0.0919994
0.0933625
0.0947664
0.0973832
0.0997390
0.1004956
0.1001246
0.0983533
0.0934747
0.0841223
0.0729291
0.0645912
0.0576474
0.0486705
0.0389491
0.0305071
0.0243761
0.0208784
0.0197893
0.0188143
0.0142658
0.0071831
0.0024312
-0.0000848
-0.0060644
-0.0173836
-0.0291915
-0.0381214
-0.0463893
-0.0577175
-0.0743383
-0.0941068
-0.1099535
-0.1174299
-0.1188131
-0.1186911
-0.1201765
-0.1227343
-0.1238447
-0.1225941
-0.1203273
-0.1187544
-0.1169014
-0.1135982
-0.1099979
-0.1075158
-0.1068976
-0.1075724
-0.1080973
-0.1082114
-0.1084069
-0.1079986
-0.1065033
-0.1047447
-0.1027298
-0.0996053
-0.0951424
-0.0900853
-0.0848115
-0.0773137
-0.0669255
-0.0561107
-0.0460945
-0.0368536
-0.0290727
-0.0238334
-0.0208811
-0.0177684
-0.0137709
-0.0103532
-0.0061438
0.0008489
0.0093510
0.0175653
0.0249943
0.0317141
0.0386392
0.0466479
0.0560713
0.0669340
0.0772957
0.0857275
0.0943097
0.1037704
0.1108399
0.1137575
0.1137007
0.1117018
0.1087545
0.1060907
0.1048217
0.1066089
0.1107069
0.1141371
0.1169668
0.1191348
0.1166021
0.1069275
0.0915301
0.0730692
0.0571622
0.0494733
0.0488053
0.0487497
0.0466612
0.0447610
0.0426834
0.0384010
0.0327320
0.0276207
0.0231498
0.0190607
0.0167253
0.0167386
0.0173295
0.0170355
0.0154407
0.0115676
0.0063762
0.0031087
0.0019923
0.0003605
-0.0014743
-0.0024386
-0.0035436
-0.0037387
-0.0030161
-0.0045006
-0.0071636
-0.0075603
-0.0078345
-0.0115323
-0.0159527
-0.0188395
-0.0220166
-0.0237299
-0.0231320
-0.0229067
-0.0227703
-0.0210321
-0.0170740
-0.0110650
-0.0038990
0.0036031
0.0105315
0.0155585
0.0195471
0.0252119
0.0317205
0.0372287
0.0423459
0.0461380
0.0473034
0.0475720
0.0492325
0.0512146
0.0511296
0.0499615
0.0491761
0.0460092
0.0379682
0.0278086
0.0189886
0.0125853
0.0087200
0.0059777
0.0033290
0.0009528
-0.0013254
-0.0038698
-0.0067005
-0.0093115
-0.0117146
-0.0135197
-0.0145806
-0.0159502
-0.0177719
-0.0198797
-0.0213989
-0.0216192
-0.0226768
-0.0251466
-0.0268539
-0.0276770
-0.0281206
-0.0274086
-0.0254212
-0.0233125
-0.0227395
-0.0235668
-0.0237191
-0.0224979
-0.0203034
-0.0180566
-0.0171701
-0.0165083
-0.0137893
-0.0099678
-0.0077081
-0.0057514
-0.0021916
0.0006988
0.0028398
0.0069744
0.0127848
0.0180535
0.0223166
0.0267624
0.0323267
0.0385763
0.0434760
0.0463033
0.0482001
0.0497762
0.0513975
0.0523048
0.0510137
0.0475550
0.0425235
0.0362263
0.0297700
0.0239181
0.0175950
0.0098440
0.0022523
-0.0036653
-0.0097007
-0.0167665
-0.0239007
-0.0315088
-0.0383627
-0.0422784
-0.0450000
-0.0492212
-0.0541522
-0.0573989
-0.0584877
-0.0585682
-0.0583852
-0.0579604
-0.0567447
-0.0543177
-0.0509498
-0.0463075
-0.0405661
-0.0353011
-0.0299440
-0.0230832
-0.0151832
-0.0070442
0.0007380
0.0080212
0.0144157
0.0204207
0.0279912
0.0362227
0.0431515
0.0500906
0.0580641
0.0650403
0.0692560
0.0716682
0.0731976
0.0727166
0.0703563
0.0673526
0.0644025
0.0636473
0.0661707
0.0694086
0.0696806
0.0660222
0.0600728
0.0517660
0.0408559
0.0301755
0.0217932
0.0148799
0.0092810
0.0057849
0.0024489
-0.0039113
-0.0128071
-0.0209039
-0.0270023
-0.0325879
-0.0377564
-0.0415312
-0.0449271
-0.0491319
-0.0534247
-0.0570586
-0.0608661
-0.0652049
-0.0684726
-0.0706378
-0.0729403
-0.0745731
-0.0755057
-0.0759869
-0.0760293
-0.0775452
-0.0811505
-0.0852158
-0.0876218
-0.0884310
-0.0906605
-0.0949234
-0.0976638
-0.0986964
-0.1022567
-0.1061087
-0.1043224
-0.0995239
-0.0959304
-0.0915842
-0.0854020
-0.0791314
-0.0735674
-0.0676601
-0.0608862
-0.0546633
-0.0487245
-0.0420310
-0.0362077
-0.0313678
-0.0251947
-0.0184391
-0.0139427
-0.0121940
-0.0114206
-0.0095116
-0.0069446
-0.0062443
-0.0070083
-0.0069732
-0.0062144
-0.0064309
-0.0079687
-0.0099142
-0.0126953
-0.0168436
-0.0211312
-0.0256321
-0.0318159
-0.0383473
-0.0427694
-0.0451596
-0.0464364
-0.0464621
-0.0458483
-0.0457910
-0.0452795
-0.0425253
-0.0385367
-0.0357756
-0.0341341
-0.0326200
-0.0313657
-0.0292123
-0.0259581
-0.0227663
-0.0191736
-0.0157365
-0.0137116
-0.0120731
-0.0098354
-0.0082142
-0.0074912
-0.0054598
-0.0023384
0.0009841
0.0056499
0.0098919
0.0124650
0.0157953
0.0205457
0.0245643
0.0270555
0.0303759
0.0359968
0.0425421
0.0495245
0.0579228
0.0685797
0.0818652
0.0972174
0.1140277
0.1319983
0.1497338
0.1635957
0.1720648
0.1798028
0.1901201
0.1992438
0.2032465
0.2040123
0.2044270
0.2049675
0.2054718
0.2043895
0.2008449
0.1962541
0.1914119
0.1859339
0.1813807
0.1793476
0.1763189
0.1677920
0.1562233
0.1473351
0.1411155
0.1322912
0.1166304
0.0945263
0.0701448
0.0491601
0.0329394
0.0174829
0.0024372
-0.0092313
-0.0177439
-0.0244894
-0.0300570
-0.0352685
-0.0406609
-0.0464332
-0.0534893
-0.0618688
-0.0697071
-0.0752674
-0.0786911
-0.0812042
-0.0828747
-0.0835607
-0.0832087
-0.0807111
-0.0766718
-0.0745939
-0.0750485
-0.0738001
-0.0701140
-0.0673646
-0.0647864
-0.0607066
-0.0578783
-0.0577507
-0.0584526
-0.0582335
-0.0569782
-0.0559136
-0.0550697
-0.0531568
-0.0507376
-0.0493488
-0.0480379
-0.0458652
-0.0451012
-0.0470901
-0.0489884
-0.0483390
-0.0465349
-0.0447566
-0.0426695
-0.0418145
-0.0425839
-0.0426607
-0.0409971
-0.0393615
-0.0399553
-0.0411724
-0.0411487
-0.0411519
-0.0419005
-0.0427227
-0.0422704
-0.0396959
-0.0368620
-0.0363376
-0.0363394
-0.0338275
-0.0301272
-0.0269355
-0.0241048
-0.0219095
-0.0202434
-0.0186152
-0.0164233
-0.0138693
-0.0121474
-0.0109993
-0.0094942
-0.0072699
-0.0054531
-0.0049707
-0.0036939
-0.0013475
-0.0008442
-0.0019505
-0.0023635
-0.0029307
-0.0047418
-0.0066270
-0.0080228
-0.0095466
-0.0113618
-0.0126715
-0.0136012
-0.0148232
-0.0156262
-0.0152458
-0.0150383
-0.0163953
-0.0180897
-0.0188695
-0.0188349
-0.0194852
-0.0217332
-0.0236567
-0.0241075
-0.0242779
-0.0251437
-0.0262701
-0.0275606
-0.0287814
-0.0286818
-0.0277142
-0.0273069
-0.0273523
-0.0264854
-0.0240499
-0.0218672
-0.0217913
-0.0225894
-0.0223212
-0.0207183
-0.0184508
-0.0168416
-0.0157118
-0.0133165
-0.0101022
-0.0077311
-0.0059165
-0.0031346
-0.0004918
-0.0002388
-0.0002875
0.0019491
0.0046998
0.0070180
0.0105997
0.0153011
0.0199809
0.0247049
0.0297138
0.0344323
0.0386040
0.0421806
0.0455171
0.0500093
0.0545300
0.0572919
0.0600123
0.0640839
0.0675406
0.0686492
0.0698308
0.0741249
0.0795204
0.0820722
0.0811813
0.0791418
0.0768103
0.0711204
0.0600259
0.0461056
0.0320031
0.0176135
0.0026161
-0.0100879
-0.0181109
-0.0253827
-0.0340750
-0.0404984
-0.0432780
-0.0462456
-0.0526045
-0.0590696
-0.0621289
-0.0642828
-0.0681345
-0.0725224
-0.0750260
-0.0743877
-0.0713677
-0.0682134
-0.0666170
-0.0646445
-0.0598470
-0.0538683
-0.0492459
-0.0462292
-0.0431220
-0.0386361
-0.0346940
-0.0331943
-0.0320507
-0.0297683
-0.0284577
-0.0288093
-0.0287198
-0.0269273
-0.0239848
-0.0214013
-0.0195267
-0.0164992
-0.0111920
-0.0059787
-0.0029424
0.0006605
0.0070818
0.0136806
0.0179064
0.0205294
0.0228413
0.0258097
0.0311877
0.0380164
0.0433853
0.0481136
0.0549854
0.0633715
0.0701571
0.0761451
0.0838892
0.0913645
0.0955224
0.0962081
0.0954346
0.0960997
0.0982499
0.0982496
0.0946031
0.0901671
0.0867655
0.0822569
0.0750520
0.0671214
0.0609589
0.0565086
0.0510329
0.0433699
0.0367206
0.0338584
0.0325378
0.0295831
0.0257083
0.0228983
0.0220078
0.0217535
0.0204453
0.0185774
0.0172942
0.0171602
0.0175667
0.0174459
0.0169244
0.0164003
0.0152317
0.0131909
0.0113664
0.0100039
0.0078774
0.0051594
0.0037333
0.0042115
0.0046173
0.0028588
-0.0000113
-0.0010450
0.0000429
0.0009524
0.0021595
0.0054254
0.0091285
0.0116463
0.0135910
0.0150066
0.0157397
0.0164929
0.0176174
0.0187071
0.0179849
0.0149282
0.0128501
0.0124775
0.0102003
0.0059698
0.0025093
-0.0006707
-0.0048074
-0.0094341
-0.0143848
-0.0189395
-0.0224945
-0.0268008
-0.0329437
-0.0387081
-0.0422058
-0.0452167
-0.0496407
-0.0539579
-0.0557445
-0.0564199
-0.0595808
-0.0646035
-0.0684038
-0.0710397
-0.0746734
-0.0788818
-0.0815610
-0.0836752
-0.0868441
-0.0894696
-0.0914480
-0.0961298
-0.1024352
-0.1057817
-0.1071664
-0.1104155
-0.1141371
-0.1142609
-0.1115784
-0.1104233
-0.1117839
-0.1124051
-0.1100625
-0.1067257
-0.1051503
-0.1050969
-0.1050646
-0.1052477
-0.1056062
-0.1037471
-0.0993677
-0.0966876
-0.0972534
-0.0973342
-0.0954505
-0.0936088
-0.0926816
-0.0920302
-0.0910448
-0.0898390
-0.0886645
-0.0877044
-0.0874489
-0.0876560
-0.0870793
-0.0853215
-0.0819949
-0.0757473
-0.0665149
-0.0545639
-0.0410676
-0.0289465
-0.0190195
-0.0117638
-0.0086284
-0.0080834
-0.0073015
-0.0059939
-0.0045749
-0.0016190
0.0035668
0.0088836
0.0124832
0.0144710
0.0161993
0.0206797
0.0283834
0.0353110
0.0403539
0.0459803
0.0517704
0.0556324
0.0584018
0.0619097
0.0653378
0.0675613
0.0699789
0.0732635
0.0765093
0.0797188
0.0830392
0.0863169
0.0894900
0.0933339
0.0987938
0.1045405
0.1080481
0.1084292
0.1070654
0.1059707
0.1056742
0.1054653
0.1057185
0.1060564
0.1035932
0.0988029
0.0949998
0.0915396
0.0866523
0.0820594
0.0795032
0.0770054
0.0720691
0.0657961
0.0609806
0.0592772
0.0594499
0.0585185
0.0574768
0.0594093
0.0623504
0.0635160
0.0641168
0.0657940
0.0687675
0.0718651
0.0740597
0.0762460
0.0795172
0.0836457
0.0880235
0.0921784
0.0964896
0.1014556
0.1051495
0.1065948
0.1077447
0.1082827
0.1070629
0.1050959
0.1027448
0.0997079
0.0955466
0.0892410
0.0813480
0.0736636
0.0667237
0.0611760
0.0570359
0.0525096
0.0475042
0.0435487
0.0402305
0.0361409
0.0313796
0.0266980
0.0222923
0.0173695
0.0116121
0.0060311
0.0011051
-0.0032223
-0.0070937
-0.0099308
-0.0109653
-0.0113297
-0.0113532
-0.0103543
-0.0098237
-0.0106603
-0.0111814
-0.0107531
-0.0105287
-0.0107760
-0.0110359
-0.0110294
-0.0112049
-0.0122159
-0.0135833
-0.0147227
-0.0152572
-0.0153196
-0.0158476
-0.0161989
-0.0156272
-0.0159920
-0.0171904
-0.0164812
-0.0148287
-0.0158451
-0.0189929
-0.0203921
-0.0201697
-0.0213078
-0.0231087
-0.0241441
-0.0253152
-0.0265496
-0.0272560
-0.0276660
-0.0280077
-0.0288286
-0.0296661
-0.0294185
-0.0287876
-0.0287386
-0.0289892
-0.0290020
-0.0286928
-0.0284250
-0.0283510
-0.0282346
-0.0283977
-0.0297679
-0.0321592
-0.0342391
-0.0352941
-0.0368280
-0.0407055
-0.0451180
-0.0481325
-0.0511222
-0.0551327
-0.0592943
-0.0634706
-0.0688382
-0.0744516
-0.0782809
-0.0808871
-0.0840928
-0.0876346
-0.0904030
-0.0933697
-0.0971973
-0.1006412
-0.1027779
-0.1036916
-0.1038176
-0.1031428
-0.1006230
-0.0958623
-0.0911937
-0.0888194
-0.0867821
-0.0820454
-0.0760826
-0.0727049
-0.0720188
-0.0703323
-0.0666087
-0.0636514
-0.0622687
-0.0614887
-0.0607257
-0.0590996
-0.0566798
-0.0541590
-0.0516083
-0.0487490
-0.0446694
-0.0402854
-0.0375473
-0.0350688
-0.0322088
-0.0309580
-0.0304245
-0.0288074
-0.0274342
-0.0273414
-0.0270763
-0.0251259
-0.0223055
-0.0204400
-0.0185872
-0.0153563
-0.0124196
-0.0103528
-0.0073487
-0.0034529
0.0000048
0.0029287
0.0058829
0.0092786
0.0132632
0.0177053
0.0219600
0.0253374
0.0279248
0.0305525
0.0340868
0.0388055
0.0436128
0.0469514
0.0504584
0.0572867
0.0664103
0.0744013
0.0804905
0.0854676
0.0893292
0.0923722
0.0945627
0.0951566
0.0944763
0.0926048
0.0885622
0.0824807
0.0752888
0.0664408
0.0557087
0.0452136
0.0351746
0.0238304
0.0137496
0.0078972
0.0037465
-0.0003249
-0.0026644
-0.0039983
-0.0056858
-0.0065125
-0.0066564
-0.0076853
-0.0091525
-0.0099420
-0.0091691
-0.0073484
-0.0060998
-0.0055238
-0.0053939
-0.0060583
-0.0072163
-0.0088412
-0.0119510
-0.0150354
-0.0164825
-0.0189773
-0.0229775
-0.0253830
-0.0262431
-0.0278964
-0.0304775
-0.0325482
-0.0329915
-0.0314120
-0.0289055
-0.0274073
-0.0262656
-0.0235035
-0.0203443
-0.0176968
-0.0142292
-0.0107713
-0.0089748
-0.0076719
-0.0056611
-0.0049378
-0.0065402
-0.0082266
-0.0087611
-0.0091150
-0.0098837
-0.0102115
-0.0098584
-0.0097851
-0.0099856
-0.0101458
-0.0112231
-0.0132437
-0.0142145
-0.0136686
-0.0141401
-0.0165150
-0.0181788
-0.0181959
-0.0184187
-0.0195698
-0.0204168
-0.0200471
-0.0196497
-0.0203849
-0.0201482
-0.0171522
-0.0137705
-0.0116733
-0.0088203
-0.0041560
0.0005592
0.0047991
0.0102225
0.0166322
0.0211178
0.0230238
0.0251872
0.0285717
0.0311150
0.0320576
0.0320881
0.0320580
0.0331927
0.0340498
0.0324917
0.0302404
0.0288585
0.0276424
0.0265523
0.0256171
0.0243748
0.0226719
0.0204739
0.0182803
0.0165369
0.0147127
0.0120958
0.0087245
0.0059836
0.0045841
0.0034763
0.0016517
-0.0010283
-0.0036801
-0.0065743
-0.0103449
-0.0131667
-0.0143862
-0.0158983
-0.0177391
-0.0173203
-0.0142240
-0.0112915
-0.0094518
-0.0075861
-0.0049764
-0.0011828
0.0024900
0.0041791
0.0043311
0.0053359
0.0087354
0.0118623
0.0114405
0.0096955
0.0107935
0.0139760
0.0148274
0.0132058
0.0133816
0.0163031
0.0190698
0.0205252
0.0222988
0.0247164
0.0265509
0.0279829
0.0296409
0.0307308
0.0313575
0.0337514
0.0381999
0.0415517
0.0423005
0.0428629
0.0450350
0.0484264
0.0519983
0.0540713
0.0547044
0.0555878
0.0566651
0.0570620
0.0567564
0.0565459
0.0564998
0.0561757
0.0561709
0.0560877
0.0549496
0.0530650
0.0515489
0.0509484
0.0499905
0.0479189
0.0462362
0.0463089
0.0471826
0.0468397
0.0454308
0.0443427
0.0435071
0.0428957
0.0424846
0.0411939
0.0391494
0.0376436
0.0360556
0.0330344
0.0297177
0.0259840
0.0193929
0.0106258
0.0015611
-0.0076403
-0.0153627
-0.0209776
-0.0271445
-0.0337702
-0.0378363
-0.0394247
-0.0409253
-0.0432317
-0.0455869
-0.0475760
-0.0500717
-0.0531032
-0.0551747
-0.0551967
-0.0538083
-0.0521346
-0.0500116
-0.0482065
-0.0477944
-0.0468203
-0.0443562
-0.0428534
-0.0424524
-0.0414021
-0.0407500
-0.0419644
-0.0438585
-0.0445599
-0.0440258
-0.0432863
-0.0432569
-0.0442460
-0.0450789
-0.0444732
-0.0435124
-0.0440560
-0.0454272
-0.0457220
-0.0447077
-0.0440177
-0.0450386
-0.0469306
-0.0477256
-0.0474805
-0.0477194
-0.0486140
-0.0494493
-0.0498613
-0.0503886
-0.0525463
-0.0563910
-0.0591804
-0.0601666
-0.0620391
-0.0653433
-0.0679585
-0.0685957
-0.0686213
-0.0702851
-0.0707156
-0.0668372
-0.0652974
-0.0697366
-0.0720565
-0.0689610
-0.0667470
-0.0672702
-0.0649227
-0.0589248
-0.0537128
-0.0489724
-0.0423852
-0.0342790
-0.0254699
-0.0171633
-0.0105157
-0.0062994
-0.0050217
-0.0042260
-0.0012263
0.0028841
0.0055119
0.0052611
0.0051207
0.0087732
0.0128612
0.0132915
0.0124804
0.0135800
0.0156930
0.0165165
0.0157934
0.0156430
0.0168436
0.0166704
0.0141725
0.0124055
0.0122900
0.0122564
0.0116809
0.0107733
0.0108978
0.0120135
0.0121891
0.0119599
0.0134000
0.0157759
0.0164048
0.0153105
0.0153223
0.0171415
0.0182524
0.0175465
0.0173492
0.0194663
0.0233622
0.0277161
0.0309388
0.0329185
0.0348128
0.0379080
0.0424814
0.0464023
0.0494726
0.0538356
0.0587119
0.0625903
0.0661553
0.0697543
0.0726053
0.0736608
0.0732725
0.0729287
0.0737917
0.0758702
0.0761370
0.0725955
0.0673058
0.0609994
0.0521132
0.0407026
0.0292823
0.0204863
0.0135459
0.0059845
-0.0020464
-0.0083417
-0.0120188
-0.0152011
-0.0199638
-0.0253817
-0.0301001
-0.0338137
-0.0364386
-0.0385107
-0.0399206
-0.0411373
-0.0435789
-0.0456581
-0.0457676
-0.0456000
-0.0458458
-0.0449329
-0.0423386
-0.0394842
-0.0373732
-0.0347466
-0.0302936
-0.0252626
-0.0208567
-0.0157375
-0.0104588
-0.0076384
-0.0053623
-0.0013100
0.0020597
0.0035598
0.0057854
0.0098457
0.0136570
0.0159060
0.0178228
0.0217337
0.0275439
0.0320202
0.0337676
0.0346197
0.0366657
0.0401152
0.0432491
0.0449606
0.0465875
0.0485118
0.0495392
0.0512385
0.0544759
0.0567086
0.0574493
0.0582348
0.0584159
0.0576847
0.0577123
0.0579451
0.0565368
0.0543093
0.0524330
0.0498099
0.0467757
0.0450888
0.0435360
0.0409078
0.0387280
0.0363191
0.0309444
0.0251002
0.0228449
0.0215080
0.0180233
0.0145750
0.0126921
0.0109467
0.0085746
0.0062405
0.0039159
0.0010618
-0.0011178
-0.0019760
-0.0034267
-0.0060827
-0.0085653
-0.0103078
-0.0122979
-0.0151602
-0.0172604
-0.0180424
-0.0191601
-0.0205892
-0.0217777
-0.0232765
-0.0248409
-0.0266826
-0.0297893
-0.0327690
-0.0329071
-0.0311444
-0.0311343
-0.0323031
-0.0311669
-0.0275826
-0.0234629
-0.0201135
-0.0175410
-0.0150320
-0.0127956
-0.0103739
-0.0072390
-0.0050421
-0.0045235
-0.0035553
-0.0012642
-0.0000693
-0.0007989
-0.0013089
-0.0007704
-0.0006169
-0.0022537
-0.0049617
-0.0070659
-0.0080575
-0.0081120
-0.0081105
-0.0095552
-0.0123789
-0.0143352
-0.0144701
-0.0154660
-0.0188494
-0.0209480
-0.0200638
-0.0195412
-0.0197852
-0.0191996
-0.0187672
-0.0189188
-0.0184960
-0.0169113
-0.0152213
-0.0139645
-0.0120001
-0.0097848
-0.0090970
-0.0092212
-0.0075253
-0.0037231
-0.0005120
0.0008848
0.0027309
0.0068620
0.0113312
0.0135888
0.0154836
0.0192689
0.0232018
0.0262298
0.0287309
0.0304956
0.0324179
0.0345585
0.0349209
0.0336465
0.0320871
0.0294573
0.0262174
0.0236008
0.0206571
0.0165653
0.0124136
0.0097678
0.0072410
0.0027102
-0.0013494
-0.0017089
-0.0007450
-0.0015017
-0.0016845
0.0002600
0.0018019
0.0030753
0.0061683
0.0094476
0.0110635
0.0123331
0.0149783
0.0184648
0.0208693
0.0227424
0.0262272
0.0294618
0.0292933
0.0275498
0.0272689
0.0274300
0.0255934
0.0225657
0.0215991
0.0224826
0.0206534
0.0148331
0.0094473
0.0078147
0.0081356
0.0066730
0.0023410
-0.0026227
-0.0052593
-0.0060157
-0.0084111
-0.0128052
-0.0161873
-0.0173602
-0.0177658
-0.0196532
-0.0232256
-0.0259570
-0.0268799
-0.0272910
-0.0282924
-0.0302157
-0.0317784
-0.0323378
-0.0334035
-0.0348631
-0.0353092
-0.0347768
-0.0343303
-0.0350726
-0.0365511
-0.0372600
-0.0364764
-0.0347606
-0.0344317
-0.0365449
-0.0375440
-0.0353730
-0.0335603
-0.0341043
-0.0351398
-0.0353596
-0.0347640
-0.0340615
-0.0332210
-0.0312702
-0.0301154
-0.0320423
-0.0336571
-0.0322975
-0.0324098
-0.0360815
-0.0389560
-0.0394577
-0.0402107
-0.0422521
-0.0437651
-0.0431526
-0.0418654
-0.0414240
-0.0406935
-0.0390008
-0.0371936
-0.0353685
-0.0328303
-0.0303288
-0.0295784
-0.0296328
-0.0273242
-0.0232486
-0.0221985
-0.0234982
-0.0214208
-0.0179541
-0.0191899
-0.0228735
-0.0237187
-0.0222221
-0.0216607
-0.0238564
-0.0274655
-0.0291571
-0.0285132
-0.0288000
-0.0310659
-0.0317969
-0.0291189
-0.0256401
-0.0235308
-0.0213715
-0.0162042
-0.0085656
-0.0038507
-0.0036909
-0.0031090
-0.0002229
0.0025341
0.0045017
0.0073806
0.0112910
0.0135217
0.0144359
0.0171634
0.0202407
0.0207584
0.0204905
0.0226849
0.0273550
0.0305603
0.0308882
0.0322340
0.0354087
0.0369387
0.0368042
0.0385051
0.0416367
0.0428596
0.0429999
0.0445810
0.0468346
0.0478223
0.0477603
0.0486975
0.0509972
0.0528766
0.0538538
0.0550221
0.0567171
0.0589494
0.0621885
0.0643183
0.0633328
0.0618950
0.0613657
0.0600087
0.0572547
0.0543962
0.0527416
0.0511481
0.0482487
0.0444014
0.0407687
0.0385704
0.0374901
0.0356727
0.0334359
0.0323806
0.0307025
0.0272591
0.0248958
0.0243316
0.0229597
0.0207290
0.0195506
0.0195883
0.0200479
0.0201196
0.0187995
0.0170315
0.0166429
0.0164827
0.0147539
0.0120549
0.0094109
0.0068470
0.0048575
0.0036264
0.0018239
-0.0005652
-0.0015562
-0.0008419
-0.0007252
-0.0028514
-0.0049706
-0.0048405
-0.0051463
-0.0067114
-0.0064407
-0.0055494
-0.0064806
-0.0077146
-0.0084559
-0.0093195
-0.0102418
-0.0112212
-0.0118058
-0.0111204
-0.0099429
-0.0104327
-0.0123999
-0.0126833
-0.0100110
-0.0078381
-0.0086917
-0.0099869
-0.0094759
-0.0079660
-0.0060781
-0.0034153
-0.0006434
0.0006442
0.0009043
0.0018182
0.0029186
0.0030496
0.0026677
0.0026904
0.0035213
0.0047826
0.0054014
0.0048546
0.0037123
0.0033133
0.0037985
0.0035010
0.0024656
0.0015705
0.0007952
0.0010132
0.0019017
0.0020426
0.0019518
0.0016994
0.0012022
0.0018046
0.0027420
0.0026019
0.0026868
0.0039212
0.0048331
0.0047941
0.0045835
0.0047279
0.0054504
0.0061812
0.0076408
0.0104567
0.0121594
0.0118055
0.0111455
0.0114359
0.0132671
0.0152543
0.0157525
0.0156417
0.0155537
0.0153384
0.0153368
0.0150909
0.0135524
0.0111967
0.0100258
0.0103284
0.0095872
0.0064012
0.0026290
0.0005427
-0.0004866
-0.0019893
-0.0040720
-0.0071344
-0.0107285
-0.0137230
-0.0160272
-0.0174975
-0.0185344
-0.0211603
-0.0252144
-0.0275291
-0.0282409
-0.0292816
-0.0308038
-0.0328054
-0.0348470
-0.0360106
-0.0362010
-0.0369872
-0.0392203
-0.0411483
-0.0409142
-0.0402800
-0.0422251
-0.0449210
-0.0448808
-0.0430399
-0.0428123
-0.0437919
-0.0427038
-0.0399980
-0.0378451
-0.0354295
-0.0318159
-0.0286627
-0.0268309
-0.0244110
-0.0200684
-0.0160177
-0.0143504
-0.0127069
-0.0089551
-0.0048436
-0.0029092
-0.0028416
-0.0015880
0.0010251
0.0019400
0.0009499
0.0004796
0.0005578
-0.0004162
-0.0025189
-0.0048131
-0.0066982
-0.0082218
-0.0086005
-0.0079772
-0.0082885
-0.0085504
-0.0066510
-0.0047622
-0.0046112
-0.0040704
-0.0015501
0.0020351
0.0045834
0.0059520
0.0083636
0.0120195
0.0145155
0.0158573
0.0181860
0.0210129
0.0230430
0.0248676
0.0256701
0.0247612
0.0235983
0.0223682
0.0207320
0.0187992
0.0162516
0.0132661
0.0108416
0.0090252
0.0076494
0.0068899
0.0055026
0.0036267
0.0026002
0.0019417
0.0006110
-0.0013044
-0.0027674
-0.0035499
-0.0044010
-0.0055581
-0.0063087
-0.0061060
-0.0061132
-0.0074310
-0.0086154
-0.0082525
-0.0074668
-0.0074991
-0.0082493
-0.0093758
-0.0103132
-0.0114291
-0.0136107
-0.0155495
-0.0159555
-0.0166886
-0.0190934
-0.0210922
-0.0219558
-0.0238252
-0.0257947
-0.0258337
-0.0261857
-0.0281688
-0.0300444
-0.0309361
-0.0307419
-0.0299748
-0.0297255
-0.0298275
-0.0288152
-0.0263712
-0.0242254
-0.0228455
-0.0209237
-0.0187324
-0.0162866
-0.0128912
-0.0099173
-0.0076639
-0.0046281
-0.0006825
0.0037364
0.0081341
0.0119440
0.0156533
0.0198137
0.0241022
0.0277436
0.0299033
0.0321838
0.0368686
0.0411600
0.0426389
0.0446920
0.0487750
0.0527778
0.0565629
0.0600656
0.0623938
0.0646231
0.0679781
0.0709879
0.0717726
0.0713326
0.0715758
0.0722210
0.0722595
0.0714417
0.0691434
0.0665068
0.0655851
0.0645114
0.0608260
0.0555095
0.0505868
0.0464368
0.0421756
0.0378259
0.0341628
0.0308457
0.0279086
0.0259002
0.0237766
0.0209422
0.0173045
0.0136633
0.0116334
0.0098344
0.0067457
0.0033725
0.0008242
-0.0004080
-0.0015690
-0.0042105
-0.0077520
-0.0109157
-0.0128275
-0.0140596
-0.0166568
-0.0209308
-0.0237970
-0.0231753
-0.0221952
-0.0244218
-0.0285135
-0.0309575
-0.0309149
-0.0306740
-0.0318555
-0.0331879
-0.0331911
-0.0329190
-0.0325863
-0.0299115
-0.0264129
-0.0259142
-0.0264023
-0.0241790
-0.0211266
-0.0201631
-0.0199252
-0.0184896
-0.0166558
-0.0155134
-0.0146438
-0.0135421
-0.0120485
-0.0097713
-0.0075728
-0.0062971
-0.0050806
-0.0037200
-0.0026787
-0.0016658
0.0000436
0.0021240
0.0031731
0.0035071
0.0040102
0.0041591
0.0035914
0.0024987
0.0017303
0.0020349
0.0022138
0.0004961
-0.0025237
-0.0044496
-0.0042947
-0.0039880
-0.0057787
-0.0084639
-0.0100587
-0.0112926
-0.0116785
-0.0100265
-0.0092518
-0.0113099
-0.0129130
-0.0119890
-0.0108095
-0.0109086
-0.0107944
-0.0101050
-0.0105705
-0.0116591
-0.0120172
-0.0118996
-0.0117218
-0.0122850
-0.0137394
-0.0156392
-0.0181074
-0.0198374
-0.0200988
-0.0208862
-0.0221397
-0.0227494
-0.0233467
-0.0237536
-0.0241642
-0.0248080
-0.0242296
-0.0230608
-0.0226988
-0.0214556
-0.0192900
-0.0180973
-0.0176697
-0.0172602
-0.0159931
-0.0135479
-0.0115437
-0.0107732
-0.0103695
-0.0101110
-0.0100686
-0.0098019
-0.0091879
-0.0078896
-0.0055509
-0.0031628
-0.0011209
0.0013564
0.0037926
0.0056232
0.0076708
0.0105958
0.0131352
0.0137225
0.0141074
0.0164809
0.0190370
0.0192191
0.0179995
0.0177812
0.0177199
0.0151852
0.0109761
0.0066941
0.0019560
-0.0020894
-0.0044807
-0.0069039
-0.0109244
-0.0163005
-0.0212049
-0.0245742
-0.0276663
-0.0311412
-0.0347023
-0.0385633
-0.0413855
-0.0413717
-0.0404062
-0.0412443
-0.0419470
-0.0401171
-0.0369296
-0.0329329
-0.0277202
-0.0228569
-0.0197815
-0.0167688
-0.0127471
-0.0096146
-0.0072058
-0.0033511
0.0010112
0.0039442
0.0064915
0.0099938
0.0134255
0.0156015
0.0176359
0.0201092
0.0223300
0.0246052
0.0262412
0.0266496
0.0270026
0.0275963
0.0281813
0.0286185
0.0293572
0.0310876
0.0325144
0.0324582
0.0319784
0.0327058
0.0340602
0.0336786
0.0315287
0.0297599
0.0290040
0.0284760
0.0278040
0.0263145
0.0230548
0.0192762
0.0175744
0.0171146
0.0154134
0.0136899
0.0137590
0.0138686
0.0118337
0.0089840
0.0082265
0.0089391
0.0077767
0.0044591
0.0016657
0.0006058
0.0006129
0.0007764
0.0005481
-0.0003742
-0.0018058
-0.0029601
-0.0042685
-0.0068989
-0.0093744
-0.0099083
-0.0104647
-0.0124479
-0.0145420
-0.0163679
-0.0183778
-0.0204822
-0.0224146
-0.0241403
-0.0251664
-0.0250364
-0.0253469
-0.0279818
-0.0304340
-0.0291588
-0.0266780
-0.0261454
-0.0260117
-0.0246537
-0.0220958
-0.0190958
-0.0169094
-0.0160700
-0.0152725
-0.0129056
-0.0098198
-0.0075224
-0.0057532
-0.0039232
-0.0024515
-0.0013607
0.0005499
0.0030929
0.0046007
0.0048821
0.0047685
0.0050242
0.0059257
0.0067543
0.0071766
0.0068031
0.0062245
0.0079486
0.0107985
0.0108676
0.0091082
0.0087773
0.0096432
0.0103656
0.0107088
0.0100340
0.0095524
0.0114074
0.0132333
0.0129135
0.0124597
0.0127088
0.0128145
0.0126937
0.0125848
0.0125123
0.0123988
0.0122654
0.0121509
0.0120209
0.0113419
0.0093712
0.0072882
0.0070433
0.0079308
0.0079842
0.0072462
0.0068871
0.0070361
0.0071596
0.0070608
0.0068922
0.0068977
0.0075818
0.0088413
0.0099197
0.0105824
0.0107152
0.0111022
0.0129278
0.0148956
0.0156147
0.0165322
0.0180543
0.0183875
0.0175692
0.0173974
0.0184795
0.0190721
0.0178043
0.0165876
0.0170224
0.0174455
0.0163054
0.0153093
0.0162555
0.0172206
0.0165243
0.0156284
0.0156803
0.0159824
0.0158332
0.0154996
0.0153410
0.0152761
0.0152015
0.0147994
0.0132875
0.0106860
0.0082399
0.0067742
0.0057421
0.0038015
0.0013220
-0.0002640
-0.0014140
-0.0031159
-0.0047047
-0.0043514
-0.0035965
-0.0059425
-0.0089181
-0.0081067
-0.0060135
-0.0067277
-0.0079215
-0.0065666
-0.0040485
-0.0023912
-0.0022370
-0.0028911
-0.0030082
-0.0024426
-0.0021353
-0.0028706
-0.0048383
-0.0067812
-0.0074327
-0.0072394
-0.0071426
-0.0084355
-0.0112655
-0.0131767
-0.0122066
-0.0109011
-0.0133734
-0.0177530
-0.0192306
-0.0188698
-0.0208818
-0.0241727
-0.0252332
-0.0248341
-0.0248047
-0.0249312
-0.0248463
-0.0245565
-0.0236509
-0.0221842
-0.0207894
-0.0190822
-0.0174024
-0.0170451
-0.0168408
-0.0153024
-0.0133731
-0.0116032
-0.0102345
-0.0101303
-0.0104728
-0.0092093
-0.0065832
-0.0058219
-0.0077079
-0.0087845
-0.0075512
-0.0057136
-0.0047407
-0.0048585
-0.0046201
-0.0031734
-0.0015042
0.0002767
0.0023152
0.0035462
0.0039656
0.0046418
0.0054927
0.0064453
0.0070951
0.0060679
0.0044921
0.0043003
0.0042692
0.0028410
0.0000240
-0.0031358
-0.0051561
-0.0061356
-0.0069916
-0.0080469
-0.0093012
-0.0102472
-0.0095156
-0.0074569
-0.0069386
-0.0077118
-0.0069024
-0.0048527
-0.0031664
-0.0014751
0.0001660
0.0013867
0.0035830
0.0069001
0.0092256
0.0103637
0.0120297
0.0144724
0.0162879
0.0176462
0.0204822
0.0235172
0.0241383
0.0243481
0.0267283
0.0301983
0.0331531
0.0349940
0.0361357
0.0382054
0.0415497
0.0442452
0.0459020
0.0481786
0.0502585
0.0500031
0.0480478
0.0464001
0.0460312
0.0458454
0.0438242
0.0398548
0.0349910
0.0301031
0.0258769
0.0220821
0.0185924
0.0159113
0.0132817
0.0103271
0.0079596
0.0059907
0.0038060
0.0014757
-0.0007315
-0.0027280
-0.0046773
-0.0067505
-0.0088867
-0.0109372
-0.0128524
-0.0147626
-0.0168996
-0.0191870
-0.0212533
-0.0228254
-0.0239062
-0.0251520
-0.0266442
-0.0282682
-0.0299040
-0.0299955
-0.0291066
-0.0304534
-0.0331717
-0.0327060
-0.0294900
-0.0276468
-0.0277306
-0.0276082
-0.0252180
-0.0211055
-0.0182073
-0.0168893
-0.0149076
-0.0109963
-0.0066277
-0.0046285
-0.0044753
-0.0028242
0.0004825
0.0027360
0.0034635
0.0048344
0.0069407
0.0073593
0.0063272
0.0061030
0.0068104
0.0065741
0.0041656
0.0016625
0.0018512
0.0032644
0.0035878
0.0041829
0.0060760
0.0070608
0.0065896
0.0075083
0.0100843
0.0110733
0.0107119
0.0124134
0.0147803
0.0156067
0.0177249
0.0205426
0.0201677
0.0182717
0.0186233
0.0208456
0.0218679
0.0207149
0.0200072
0.0214500
0.0228395
0.0217523
0.0193095
0.0182898
0.0185701
0.0177788
0.0158411
0.0148426
0.0152095
0.0149039
0.0130532
0.0107894
0.0092576
0.0090081
0.0083885
0.0062485
0.0053930
0.0067498
0.0072451
0.0056498
0.0037221
0.0032829
0.0036121
0.0031086
0.0019547
0.0007816
0.0001698
-0.0006016
-0.0028648
-0.0051269
-0.0062527
-0.0078253
-0.0103401
-0.0131185
-0.0155969
-0.0173367
-0.0184016
-0.0186950
-0.0189546
-0.0206485
-0.0233324
-0.0253801
-0.0262101
-0.0266472
-0.0281021
-0.0298484
-0.0299563
-0.0296484
-0.0307015
-0.0314909
-0.0307856
-0.0300129
-0.0300541
-0.0302186
-0.0299112
-0.0293477
-0.0289714
-0.0288853
-0.0293766
-0.0304278
-0.0312246
-0.0314786
-0.0312554
-0.0306503
-0.0295037
-0.0274569
-0.0261678
-0.0265656
-0.0261924
-0.0239978
-0.0214480
-0.0200008
-0.0200881
-0.0205100
-0.0200461
-0.0184515
-0.0160901
-0.0143260
-0.0137388
-0.0130805
-0.0116887
-0.0100768
-0.0087531
-0.0077498
-0.0068722
-0.0065293
-0.0065250
-0.0057097
-0.0048102
-0.0049696
-0.0053502
-0.0051748
-0.0048300
-0.0047667
-0.0048909
-0.0047162
-0.0037400
-0.0023448
-0.0012826
-0.0006485
-0.0005186
-0.0007277
-0.0007231
-0.0007051
-0.0013122
-0.0018295
-0.0017231
-0.0019436
-0.0017374
-0.0003938
0.0002251
-0.0006213
-0.0016993
-0.0017461
-0.0012655
-0.0016520
-0.0015429
-0.0000715
0.0005360
-0.0003553
-0.0017519
-0.0034791
-0.0043471
-0.0031039
-0.0019935
-0.0032267
-0.0045990
-0.0040986
-0.0031906
-0.0032716
-0.0036872
-0.0036314
-0.0033910
-0.0031547
-0.0023392
-0.0009921
0.0001708
0.0008691
0.0008752
0.0005493
0.0006047
0.0010593
0.0019904
0.0030652
0.0029613
0.0016096
0.0010336
0.0016042
0.0013762
0.0005227
0.0005330
0.0008112
-0.0000836
-0.0017028
-0.0026871
-0.0030517
-0.0030730
-0.0026625
-0.0019521
-0.0018639
-0.0028472
-0.0025445
0.0001660
0.0022394
0.0025259
0.0036739
0.0064497
0.0089767
0.0105693
0.0121784
0.0143032
0.0163328
0.0171998
0.0170578
0.0183175
0.0212035
0.0228463
0.0234382
0.0251563
0.0272526
0.0276255
0.0272527
0.0278277
0.0277928
0.0266892
0.0263171
0.0266150
0.0262695
0.0248895
0.0231924
0.0219467
0.0211075
0.0207797
0.0209055
0.0203939
0.0181609
0.0154791
0.0147784
0.0143031
0.0118341
0.0092736
0.0069293
0.0037871
0.0012292
-0.0002778
-0.0021255
-0.0044122
-0.0056438
-0.0052853
-0.0050633
-0.0071371
-0.0100598
-0.0106649
-0.0108065
-0.0128468
-0.0143575
-0.0151417
-0.0169066
-0.0177384
-0.0167837
-0.0161586
-0.0166392
-0.0167406
-0.0150771
-0.0122823
-0.0099791
-0.0080567
-0.0053775
-0.0030684
-0.0020901
-0.0003177
0.0031603
0.0057218
0.0063010
0.0069052
0.0073694
0.0062000
0.0045598
0.0040283
0.0044644
0.0047938
0.0044456
0.0040211
0.0040344
0.0038551
0.0030966
0.0027563
0.0025526
0.0010041
-0.0006522
-0.0001499
0.0015574
0.0015699
-0.0001157
-0.0007424
0.0001425
0.0006847
0.0002934
-0.0000422
0.0001811
0.0003538
0.0002687
0.0002665
0.0003091
0.0002599
0.0002760
0.0004010
0.0004252
0.0003840
0.0004385
-0.0003443
-0.0023991
-0.0034865
-0.0033212
-0.0049061
-0.0077223
-0.0087618
-0.0090807
-0.0107017
-0.0119016
-0.0117001
-0.0125859
-0.0149849
-0.0159506
-0.0148232
-0.0140559
-0.0141667
-0.0129568
-0.0105097
-0.0092056
-0.0085309
-0.0068747
-0.0048352
-0.0027497
-0.0012679
-0.0015219
-0.0014747
0.0011644
0.0045121
0.0063290
0.0066694
0.0067368
0.0082877
0.0106419
0.0112049
0.0111678
0.0133705
0.0165230
0.0182509
0.0183057
0.0180839
0.0191124
0.0203294
0.0205573
0.0209203
0.0209548
0.0189374
0.0164613
0.0161133
0.0160966
0.0136479
0.0102612
0.0081310
0.0070116
0.0056320
0.0037049
0.0015724
-0.0005757
-0.0013915
-0.0006552
-0.0003476
-0.0010095
-0.0014795
-0.0012801
-0.0003178
0.0015651
0.0031649
0.0037569
0.0048945
0.0067207
0.0076852
0.0075686
0.0079176
0.0098942
0.0112719
0.0104000
0.0094604
0.0097193
0.0095321
0.0080544
0.0065100
0.0056611
0.0055276
0.0057895
0.0055291
0.0043761
0.0036590
0.0039751
0.0035434
0.0017823
0.0004719
0.0005399
0.0001573
-0.0020242
-0.0038862
-0.0035333
-0.0024819
-0.0029553
-0.0054372
-0.0079818
-0.0081028
-0.0076022
-0.0095262
-0.0118076
-0.0117459
-0.0114789
-0.0125586
-0.0124060
-0.0105762
-0.0099513
-0.0113868
-0.0137295
-0.0155083
-0.0159648
-0.0162064
-0.0172092
-0.0181671
-0.0186298
-0.0201014
-0.0221036
-0.0222722
-0.0221336
-0.0239734
-0.0255564
-0.0245164
-0.0224783
-0.0223511
-0.0238799
-0.0242728
-0.0227813
-0.0208476
-0.0201806
-0.0214870
-0.0227596
-0.0220761
-0.0211099
-0.0216954
-0.0223445
-0.0220702
-0.0221097
-0.0227277
-0.0235438
-0.0239834
-0.0234730
-0.0232256
-0.0239567
-0.0237181
-0.0226193
-0.0228394
-0.0230262
-0.0221914
-0.0222172
-0.0223685
-0.0208677
-0.0189097
-0.0178884
-0.0168358
-0.0149708
-0.0130170
-0.0109905
-0.0090653
-0.0076184
-0.0057768
-0.0032619
-0.0009801
0.0008014
0.0026784
0.0052184
0.0081470
0.0102748
0.0121318
0.0148030
0.0167341
0.0174932
0.0190898
0.0212870
0.0226333
0.0239467
0.0260564
0.0285471
0.0309570
0.0319669
0.0320193
0.0336189
0.0353973
0.0353305
0.0357740
0.0376687
0.0377463
0.0347037
0.0323783
0.0331912
0.0338327
0.0323261
0.0310285
0.0300719
0.0277021
0.0257883
0.0262668
0.0270332
0.0263970
0.0253917
0.0240863
0.0211245
0.0176852
0.0164083
0.0168970
0.0160901
0.0129443
0.0097327
0.0079359
0.0065230
0.0044308
0.0019766
-0.0002133
-0.0021336
-0.0040299
-0.0055729
-0.0069003
-0.0083529
-0.0093853
-0.0095350
-0.0094393
-0.0107473
-0.0127333
-0.0122946
-0.0097924
-0.0082010
-0.0072774
-0.0054496
-0.0037308
-0.0029171
-0.0015329
0.0003758
0.0007966
-0.0000834
-0.0003722
0.0003560
0.0021889
0.0051420
0.0063322
0.0041937
0.0025899
0.0044379
0.0076405
0.0089825
0.0080181
0.0069681
0.0073634
0.0089850
0.0111417
0.0122347
0.0114597
0.0105698
0.0107936
0.0114656
0.0122463
0.0130125
0.0131583
0.0134040
0.0144074
0.0147628
0.0141282
0.0137899
0.0138027
0.0128302
0.0105260
0.0088857
0.0094222
0.0108244
0.0110164
0.0108983
0.0122849
0.0133960
0.0136167
0.0150916
0.0170341
0.0173644
0.0164850
0.0163428
0.0171764
0.0166317
0.0147417
0.0142543
0.0145422
0.0120420
0.0068279
0.0031759
0.0021092
-0.0002425
-0.0051357
-0.0090083
-0.0105210
-0.0123250
-0.0150635
-0.0173140
-0.0183661
-0.0186401
-0.0201280
-0.0224271
-0.0225738
-0.0211073
-0.0210671
-0.0233080
-0.0256826
-0.0249627
-0.0210976
-0.0186570
-0.0200030
-0.0207183
-0.0174461
-0.0142431
-0.0148136
-0.0164158
-0.0160053
-0.0147413
-0.0144452
-0.0151198
-0.0167233
-0.0186308
-0.0190152
-0.0179986
-0.0174784
-0.0178742
-0.0181626
-0.0178416
-0.0174573
-0.0169267
-0.0150563
-0.0121573
-0.0099168
-0.0089165
-0.0088218
-0.0089387
-0.0085882
-0.0080895
-0.0078784
-0.0072293
-0.0054156
-0.0045114
-0.0067267
-0.0088930
-0.0079338
-0.0069282
-0.0089213
-0.0116564
-0.0128749
-0.0139747
-0.0150198
-0.0146644
-0.0139495
-0.0141340
-0.0153020
-0.0171682
-0.0183566
-0.0178622
-0.0169117
-0.0168801
-0.0173037
-0.0172672
-0.0168397
-0.0165104
-0.0164675
-0.0162675
-0.0146365
-0.0119248
-0.0109103
-0.0119882
-0.0124281
-0.0108618
-0.0087094
-0.0074765
-0.0070329
-0.0069709
-0.0069769
-0.0067573
-0.0064542
-0.0063103
-0.0062922
-0.0062757
-0.0059016
-0.0040729
-0.0015532
-0.0011368
-0.0024046
-0.0026569
-0.0015753
-0.0003248
-0.0002027
-0.0015150
-0.0022996
-0.0016043
-0.0009607
-0.0012238
-0.0015770
-0.0014527
-0.0014966
-0.0028103
-0.0050877
-0.0060437
-0.0050773
-0.0043086
-0.0046548
-0.0053929
-0.0066977
-0.0083023
-0.0077957
-0.0049269
-0.0030089
-0.0027788
-0.0017974
-0.0002740
0.0001171
0.0008880
0.0031915
0.0046307
0.0042143
0.0046746
0.0071953
0.0088717
0.0080187
0.0073611
0.0093152
0.0120957
0.0126609
0.0104970
0.0082372
0.0093864
0.0124566
0.0126724
0.0106709
0.0101271
0.0109832
0.0113367
0.0105043
0.0093422
0.0097079
0.0106697
0.0094660
0.0079810
0.0089165
0.0091404
0.0065259
0.0048087
0.0062696
0.0084666
0.0091569
0.0091251
0.0093375
0.0093662
0.0092425
0.0093669
0.0104481
0.0122395
0.0127421
0.0127703
0.0147831
0.0176940
0.0195178
0.0212130
0.0236096
0.0251728
0.0259773
0.0267128
0.0266217
0.0266329
0.0273001
0.0270992
0.0249713
0.0220141
0.0211369
0.0222294
0.0212314
0.0176306
0.0157855
0.0157106
0.0139716
0.0120520
0.0116136
0.0102806
0.0080498
0.0075658
0.0084363
0.0084597
0.0076872
0.0073852
0.0075207
0.0075540
0.0074752
0.0073363
0.0072132
0.0072014
0.0071924
0.0070945
0.0069601
0.0070524
0.0078905
0.0091821
0.0101306
0.0105994
0.0105974
0.0101638
0.0090711
0.0071430
0.0057450
0.0059755
0.0069567
0.0084932
0.0102313
0.0105678
0.0107474
0.0126218
0.0141951
0.0138991
0.0141625
0.0164331
0.0179207
0.0175614
0.0185307
0.0212229
0.0222744
0.0211758
0.0203755
0.0204270
0.0200021
0.0193538
0.0192913
0.0192539
0.0189348
0.0182087
0.0164029
0.0133314
0.0101969
0.0082901
0.0068202
0.0046451
0.0021065
0.0002756
-0.0009682
-0.0026266
-0.0036068
-0.0035313
-0.0047602
-0.0073968
-0.0094252
-0.0107754
-0.0115732
-0.0122862
-0.0149034
-0.0185279
-0.0204488
-0.0213072
-0.0234966
-0.0266493
-0.0287411
-0.0298869
-0.0305639
-0.0302233
-0.0290633
-0.0277577
-0.0265496
-0.0249208
-0.0224446
-0.0192533
-0.0159281
-0.0134178
-0.0110771
-0.0077959
-0.0043023
-0.0012995
0.0016938
0.0053676
0.0084802
0.0093866
0.0094488
0.0104947
0.0111278
0.0089326
0.0046692
0.0005180
-0.0030397
-0.0066406
-0.0102818
-0.0127593
-0.0142466
-0.0158216
-0.0165130
-0.0160037
-0.0151528
-0.0137068
-0.0125788
-0.0120701
-0.0092136
-0.0042609
-0.0015674
-0.0006212
0.0023685
0.0060264
0.0078074
0.0088548
0.0096999
0.0093374
0.0084010
0.0076847
0.0055341
0.0024297
0.0017843
0.0027673
0.0017442
0.0004774
0.0027398
0.0055916
0.0049409
0.0031225
0.0032854
0.0043137
0.0044117
0.0044795
0.0061084
0.0081428
0.0083387
0.0072112
0.0058141
0.0038444
0.0026622
0.0033665
0.0040238
0.0034072
0.0027008
0.0027130
0.0029240
0.0028684
0.0027295
0.0025288
0.0010832
-0.0015596
-0.0025177
-0.0012585
-0.0005858
-0.0015025
-0.0034955
-0.0057191
-0.0064949
-0.0071691
-0.0101226
-0.0135843
-0.0158118
-0.0172433
-0.0182897
-0.0197436
-0.0211645
-0.0212414
-0.0214593
-0.0235510
-0.0252082
-0.0235353
-0.0201127
-0.0184905
-0.0183489
-0.0170214
-0.0148854
-0.0136504
-0.0132254
-0.0128097
-0.0119471
-0.0118905
-0.0137227
-0.0154017
-0.0158687
-0.0174624
-0.0216199
-0.0266254
-0.0295835
-0.0292903
-0.0286551
-0.0302847
-0.0306758
-0.0278056
-0.0251712
-0.0234599
-0.0200539
-0.0149709
-0.0103560
-0.0069691
-0.0039541
-0.0006283
0.0027528
0.0053734
0.0066118
0.0066431
0.0059093
0.0053582
0.0052748
0.0040354
0.0008552
-0.0033507
-0.0077113
-0.0118733
-0.0155953
-0.0179543
-0.0192192
-0.0209680
-0.0228478
-0.0242157
-0.0252673
-0.0260201
-0.0265705
-0.0260409
-0.0241001
-0.0218626
-0.0197066
-0.0173890
-0.0151819
-0.0128137
-0.0088534
-0.0038209
0.0005002
0.0050352
0.0110129
0.0168208
0.0215100
0.0269828
0.0342829
0.0411983
0.0446898
0.0445767
0.0434783
0.0438110
0.0453672
0.0452590
0.0415633
0.0351576
0.0271828
0.0189516
0.0123684
0.0081918
0.0058810
0.0035896
-0.0003027
-0.0042045
-0.0060911
-0.0076028
-0.0108709
-0.0143787
-0.0161196
-0.0173147
-0.0190840
-0.0204272
-0.0210141
-0.0212153
-0.0215591
-0.0226064
-0.0232924
-0.0227033
-0.0219740
-0.0219627
-0.0220829
-0.0218237
-0.0214031
-0.0211775
-0.0217367
-0.0234444
-0.0248462
-0.0243900
-0.0231826
-0.0230212
-0.0232703
-0.0216197
-0.0183287
-0.0154361
-0.0124124
-0.0094956
-0.0072824
-0.0031299
0.0024423
0.0059629
0.0085212
0.0127128
0.0173167
0.0197646
0.0207720
0.0221534
0.0234165
0.0249735
0.0268433
0.0268952
0.0258993
0.0265815
0.0284198
0.0295143
0.0290224
0.0263753
0.0236718
0.0238831
0.0252887
0.0249479
0.0236691
0.0232557
0.0226794
0.0202277
0.0180141
0.0184920
0.0186875
0.0155900
0.0116753
0.0097660
0.0097561
0.0102289
0.0089740
0.0056733
0.0027663
0.0013610
0.0009929
0.0006923
-0.0010881
-0.0029141
-0.0020066
0.0003306
0.0013356
0.0007576
0.0000352
0.0001645
0.0006460
0.0007049
0.0006093
0.0012700
0.0027198
0.0039955
0.0045726
0.0044495
0.0043066
0.0050575
0.0059017
0.0056764
0.0048287
0.0041607
0.0041006
0.0044574
0.0045773
0.0037988
0.0015840
-0.0004676
-0.0005383
-0.0008265
-0.0038525
-0.0076960
-0.0087022
-0.0078899
-0.0094841
-0.0122836
-0.0123720
-0.0108704
-0.0106149
-0.0112957
-0.0109479
-0.0092986
-0.0078116
-0.0064728
-0.0042904
-0.0023767
-0.0023500
-0.0030044
-0.0013983
0.0018461
0.0022695
0.0001604
0.0003177
0.0021436
0.0017208
0.0002350
0.0001767
0.0002268
-0.0002664
-0.0004871
-0.0011809
-0.0024767
-0.0027989
-0.0020810
-0.0023967
-0.0049245
-0.0073006
-0.0068846
-0.0054019
-0.0057853
-0.0078642
-0.0090835
-0.0083384
-0.0074385
-0.0076512
-0.0081809
-0.0077989
-0.0058974
-0.0036331
-0.0020835
0.0004718
0.0041170
0.0062786
0.0077901
0.0109216
0.0147146
0.0172753
0.0186554
0.0197202
0.0213090
0.0235083
0.0244136
0.0240412
0.0246916
0.0263539
0.0271712
0.0261486
0.0249390
0.0247862
0.0237041
0.0215574
0.0200544
0.0175810
0.0128149
0.0081838
0.0045254
0.0001910
-0.0047818
-0.0092441
-0.0117489
-0.0126495
-0.0147928
-0.0182990
-0.0208830
-0.0214665
-0.0206187
-0.0201002
-0.0205522
-0.0209370
-0.0202601
-0.0185977
-0.0171206
-0.0155098
-0.0126622
-0.0102383
-0.0091095
-0.0079120
-0.0069761
-0.0060070
-0.0036466
-0.0018755
-0.0025364
-0.0029517
-0.0006857
0.0020400
0.0022970
0.0016107
0.0026832
0.0047019
0.0057071
0.0054948
0.0057687
0.0078444
0.0099432
0.0105082
0.0113422
0.0130218
0.0134430
0.0127840
0.0133700
0.0149677
0.0153299
0.0141200
0.0119763
0.0099316
0.0096093
0.0097491
0.0085169
0.0072496
0.0066033
0.0054804
0.0040164
0.0032478
0.0034436
0.0037364
0.0035024
0.0031142
0.0032850
0.0047317
0.0068624
0.0080291
0.0087571
0.0103366
0.0117222
0.0127184
0.0143059
0.0152206
0.0149831
0.0151618
0.0151709
0.0143496
0.0134848
0.0125804
0.0112019
0.0099867
0.0090309
0.0075053
0.0060483
0.0056002
0.0045058
0.0022078
-0.0002633
-0.0027073
-0.0043438
-0.0049024
-0.0056129
-0.0068829
-0.0075766
-0.0079300
-0.0095805
-0.0116270
-0.0124281
-0.0132678
-0.0147605
-0.0152524
-0.0153184
-0.0163547
-0.0171584
-0.0174245
-0.0180543
-0.0184985
-0.0188818
-0.0197530
-0.0198503
-0.0183066
-0.0166882
-0.0164867
-0.0163015
-0.0147481
-0.0130013
-0.0122467
-0.0117743
-0.0098222
-0.0073996
-0.0066580
-0.0056881
-0.0034824
-0.0028267
-0.0032916
-0.0014823
0.0013488
0.0015301
0.0000467
0.0001616
0.0018681
0.0025238
0.0020073
0.0023114
0.0033220
0.0043328
0.0046057
0.0032570
0.0015202
0.0007572
0.0007285
0.0009324
0.0009260
0.0003357
-0.0012652
-0.0033069
-0.0038966
-0.0029619
-0.0025025
-0.0030690
-0.0035448
-0.0026610
0.0000083
0.0029495
0.0045809
0.0057170
0.0081122
0.0112041
0.0126770
0.0121290
0.0114404
0.0117285
0.0121754
0.0110344
0.0082272
0.0066303
0.0065243
0.0049305
0.0023593
0.0006991
-0.0003591
-0.0006825
-0.0003124
-0.0003855
-0.0014167
-0.0021398
-0.0011952
-0.0000840
-0.0004289
-0.0011121
-0.0010054
-0.0005981
-0.0005609
-0.0007419
-0.0007237
-0.0007398
-0.0020255
-0.0044692
-0.0053023
-0.0039433
-0.0035095
-0.0059188
-0.0088608
-0.0089750
-0.0072795
-0.0068956
-0.0077669
-0.0080572
-0.0075676
-0.0072371
-0.0071601
-0.0064141
-0.0049290
-0.0037431
-0.0030427
-0.0019789
-0.0006358
-0.0011948
-0.0035735
-0.0031165
0.0021832
0.0069859
0.0068020
0.0051838
0.0064035
0.0086684
0.0088771
0.0077993
0.0075282
0.0080064
0.0081410
0.0077729
0.0078761
0.0086256
0.0084042
0.0070961
0.0066942
0.0072761
0.0081547
0.0095863
0.0095453
0.0068850
0.0056105
0.0074422
0.0081223
0.0062432
0.0052200
0.0059414
0.0058956
0.0038531
0.0016129
0.0005021
-0.0007008
-0.0027735
-0.0053600
-0.0076690
-0.0087702
-0.0095075
-0.0112593
-0.0126140
-0.0120912
-0.0112073
-0.0113602
-0.0124160
-0.0141414
-0.0153835
-0.0142809
-0.0114511
-0.0098924
-0.0105290
-0.0106913
-0.0084733
-0.0061206
-0.0059619
-0.0057778
-0.0035192
-0.0013014
-0.0003243
0.0004550
0.0016159
0.0033346
0.0045659
0.0045944
0.0054720
0.0077300
0.0084715
0.0072798
0.0067186
0.0073074
0.0076556
0.0073394
0.0069838
0.0069732
0.0067597
0.0051486
0.0029130
0.0023365
0.0026235
0.0017135
0.0001369
-0.0005880
-0.0004652
-0.0011680
-0.0030509
-0.0045743
-0.0056840
-0.0070663
-0.0078446
-0.0072189
-0.0063691
-0.0069298
-0.0079203
-0.0076521
-0.0065428
-0.0058506
-0.0061010
-0.0061728
-0.0046287
-0.0024638
-0.0019811
-0.0026590
-0.0017301
0.0006620
0.0015903
0.0006611
0.0001087
0.0006526
0.0011619
0.0006887
-0.0002283
0.0000231
0.0012367
0.0014824
0.0007773
0.0005871
0.0009631
0.0011468
0.0010260
0.0009253
0.0009569
0.0010451
0.0018185
0.0032635
0.0037841
0.0034718
0.0036251
0.0043369
0.0056743
0.0070188
0.0070945
0.0067617
0.0079310
0.0097449
0.0103844
0.0107603
0.0114029
0.0108336
0.0092129
0.0082783
0.0084699
0.0082441
0.0064983
0.0046312
0.0035384
0.0024062
0.0016222
0.0009107
-0.0007231
-0.0017226
-0.0011246
-0.0006090
-0.0011472
-0.0020681
-0.0023244
-0.0015184
-0.0008116
-0.0010887
-0.0015761
-0.0013964
-0.0000260
0.0017971
0.0023036
0.0024682
0.0039365
0.0054625
0.0062322
0.0068630
0.0079800
0.0094244
0.0102886
0.0108490
0.0114794
0.0115044
0.0111543
0.0114171
0.0116427
0.0108551
0.0098667
0.0087471
0.0072439
0.0068257
0.0070920
0.0056876
0.0035479
0.0033328
0.0042773
0.0042760
0.0035697
0.0033030
0.0031061
0.0018107
0.0002755
0.0001086
0.0000772
-0.0012709
-0.0025807
-0.0030731
-0.0038197
-0.0047589
-0.0054731
-0.0063656
-0.0069717
-0.0067084
-0.0064426
-0.0071178
-0.0081910
-0.0085391
-0.0078429
-0.0067690
-0.0060623
-0.0058257
-0.0059148
-0.0058135
-0.0047802
-0.0032087
-0.0025552
-0.0029032
-0.0026833
-0.0015731
-0.0006112
-0.0003473
-0.0005926
-0.0007786
-0.0004989
0.0004115
0.0016009
0.0022575
0.0022235
0.0019779
0.0019430
0.0018599
0.0013971
0.0011619
0.0011236
0.0002723
-0.0011078
-0.0017568
-0.0020591
-0.0029649
-0.0040487
-0.0050843
-0.0058059
-0.0057977
-0.0059317
-0.0067147
-0.0074838
-0.0074716
-0.0062744
-0.0048515
-0.0046700
-0.0048923
-0.0037487
-0.0021134
-0.0013698
-0.0009551
-0.0005943
-0.0006739
-0.0008341
-0.0007086
-0.0005557
-0.0006024
-0.0005056
-0.0001290
-0.0002406
-0.0008528
-0.0013935
-0.0022355
-0.0030122
-0.0031924
-0.0038228
-0.0047732
-0.0051176
-0.0057072
-0.0065631
-0.0064435
-0.0061891
-0.0072394
-0.0083381
-0.0079525
-0.0071098
-0.0070866
-0.0072397
-0.0064254
-0.0050934
-0.0046412
-0.0050441
-0.0051329
-0.0047358
-0.0043069
-0.0035786
-0.0025730
-0.0021907
-0.0025383
-0.0026891
-0.0023657
-0.0021032
-0.0021170
-0.0021555
-0.0020999
-0.0020183
-0.0019490
-0.0019182
-0.0018604
-0.0019293
-0.0025359
-0.0033586
-0.0034790
-0.0033247
-0.0039383
-0.0045694
-0.0044759
-0.0042931
-0.0043027
-0.0042557
-0.0041238
-0.0040055
-0.0038887
-0.0035475
-0.0029425
-0.0027649
-0.0031619
-0.0032541
-0.0030405
-0.0030627
-0.0030875
-0.0029432
-0.0031871
-0.0040123
-0.0044402
-0.0043274
-0.0047288
-0.0052699
-0.0050180
-0.0044948
-0.0044045
-0.0048627
-0.0056055
-0.0057740
-0.0048535
-0.0036030
-0.0032006
-0.0035757
-0.0036786
-0.0032362
-0.0025214
-0.0016597
-0.0012007
-0.0013901
-0.0013645
-0.0005217
0.0003836
0.0004834
0.0001569
0.0003220
0.0011504
0.0018882
0.0018966
0.0015654
0.0017175
0.0024684
0.0031002
0.0030561
0.0027399
0.0030142
0.0038770
0.0043010
0.0040629
0.0041793
0.0049491
0.0056210
0.0057656
0.0058361
0.0062791
0.0065957
0.0064683
0.0065546
0.0069919
0.0070666
0.0068021
0.0068266
0.0070903
0.0072025
0.0070470
0.0066580
0.0061863
0.0058173
0.0055528
0.0052445
0.0047528
0.0041140
0.0035438
0.0032024
0.0029916
0.0026215
0.0021337
0.0017187
0.0013490
0.0012120
0.0013073
0.0010671
0.0004486
0.0002179
0.0004916
0.0005355
0.0001697
-0.0001424
-0.0002093
-0.0001430
-0.0000640
-0.0000319
0.0000451
0.0001542
0.0001829
0.0002589
0.0003948
0.0004154
0.0003661
0.0003787
0.0004366
0.0004536
0.0004361
0.0004577
0.0005621
0.0006368
0.0005130
0.0002696
0.0000562
0.0000348
0.0003466
0.0006643
0.0006309
0.0005412
0.0007018
0.0008601
0.0008138
0.0007390
0.0007651
0.0008030
0.0007914
0.0008542
0.0010873
0.0013590
0.0015478
0.0016954
0.0018366
0.0019550
0.0020926
0.0022521
0.0023353
0.0023833
0.0024297
0.0023650
0.0022308
0.0021540
0.0021183
0.0020551
0.0019655
0.0018587
0.0017091
0.0015507
0.0014621
0.0013787
0.0012122
0.0010397
0.0009418
0.0009125
0.0008838
0.0007689
0.0006182
0.0005690
0.0006021
0.0005609
0.0003806
0.0002357
0.0002919
0.0003722
0.0002627
0.0001072
0.0001411
0.0002858
0.0003395
0.0003061
0.0002647
0.0002422
0.0002298
0.0001742
0.0000832
0.0000486
0.0000618
0.0000139
-0.0000831
-0.0001075
-0.0000368
0.0000282
0.0000360
0.0000275
0.0000253
0.0000501
0.0001197
0.0001630
0.0001220
0.0000632
0.0000586
0.0000876
0.0000742
0.0000016
-0.0000469
-0.0000405
-0.0000479
-0.0001099
-0.0001826
-0.0002208
-0.0002467
-0.0002871
-0.0003297
-0.0003690
-0.0004214
-0.0004823
-0.0005308
-0.0005662
-0.0006023
-0.0006422
-0.0006765
-0.0007018
-0.0007248
-0.0007540
-0.0007887
-0.0008018
-0.0007864
-0.0007802
-0.0007818
-0.0007677
-0.0007489
-0.0007356
-0.0007162
-0.0006811
-0.0006414
-0.0006099
-0.0005843
-0.0005517
-0.0005009
-0.0004392
-0.0003882
-0.0003590
-0.0003335
-0.0002977
-0.0002596
-0.0002239
-0.0001983
-0.0001779
-0.0001493
-0.0001207
-0.0000968
-0.0000756
-0.0000592
-0.0000435
-0.0000307
-0.0000216
-0.0000088
-0.0000006
-0.0000036
-0.0000023
0.0000103
0.0000187
0.0000180
0.0000203
0.0000226
0.0000147
0.0000078
0.0000143
0.0000209
0.0000120
-0.0000022
-0.0000054
-0.0000033
-0.0000109
-0.0000267
-0.0000371
-0.0000362
-0.0000350
-0.0000431
-0.0000536
-0.0000597
-0.0000652
-0.0000731
-0.0000816
-0.0000897
-0.0000958
-0.0001001
-0.0001060
-0.0001109
-0.0001117
-0.0001120
-0.0001158
-0.0001217
-0.0001242
-0.0001222
-0.0001217
-0.0001252
-0.0001274
-0.0001251
-0.0001226
-0.0001234
-0.0001253
-0.0001255
-0.0001240
-0.0001227
-0.0001224
-0.0001221
-0.0001215
-0.0001206
-0.0001200
-0.0001195
-0.0001187
-0.0001175
-0.0001164
-0.0001155
-0.0001149
-0.0001146
-0.0001142
-0.0001132
-0.0001121
-0.0001117
-0.0001117
-0.0001114
-0.0001108
-0.0001102
-0.0001097
-0.0001093
-0.0001086
-0.0001079
-0.0001074
-0.0001069
-0.0001061
-0.0001052
-0.0001043
-0.0001034
-0.0001024
-0.0001013
-0.0001003
-0.0000992
-0.0000980
-0.0000969
-0.0000957
-0.0000946
-0.0000934
-0.0000922
-0.0000910
-0.0000898
-0.0000887
-0.0000875
-0.0000863
-0.0000852
-0.0000841
-0.0000829
-0.0000818
-0.0000806
-0.0000795
-0.0000784
-0.0000773
-0.0000762
-0.0000751
-0.0000740
-0.0000728
-0.0000717
