-0.0024175
-0.0034581
-0.0041693
-0.0034383
-0.0035664
-0.0035979
-0.0036249
-0.0036447
-0.0036458
-0.0036205
-0.0035843
-0.0035525
-0.0035275
-0.0035055
-0.0034742
-0.0034313
-0.0033879
-0.0033549
-0.0033450
-0.0033679
-0.0034143
-0.0034593
-0.0034741
-0.0034488
-0.0033995
-0.0033471
-0.0033124
-0.0033111
-0.0033357
-0.0033558
-0.0033434
-0.0032852
-0.0031856
-0.0030729
-0.0029747
-0.0029078
-0.0028977
-0.0029525
-0.0030465
-0.0031543
-0.0032574
-0.0033327
-0.0033638
-0.0033536
-0.0033170
-0.0032502
-0.0031415
-0.0030154
-0.0029141
-0.0028522
-0.0028125
-0.0027802
-0.0027739
-0.0028300
-0.0029387
-0.0030499
-0.0031356
-0.0031837
-0.0031680
-0.0030529
-0.0028434
-0.0026028
-0.0023863
-0.0021898
-0.0019832
-0.0018419
-0.0019474
-0.0023752
-0.0029804
-0.0035205
-0.0038682
-0.0040041
-0.0038681
-0.0034375
-0.0028817
-0.0024225
-0.0021477
-0.0020605
-0.0020641
-0.0019951
-0.0018507
-0.0018673
-0.0022419
-0.0029033
-0.0036477
-0.0042654
-0.0045481
-0.0043379
-0.0036808
-0.0028594
-0.0021622
-0.0017849
-0.0018864
-0.0024525
-0.0031826
-0.0035866
-0.0032602
-0.0022988
-0.0012320
-0.0005053
-0.0004094
-0.0010276
-0.0020156
-0.0029966
-0.0037381
-0.0038927
-0.0033320
-0.0024864
-0.0019897
-0.0021792
-0.0027577
-0.0029157
-0.0022644
-0.0012551
-0.0004946
-0.0002076
-0.0003671
-0.0009392
-0.0018219
-0.0026560
-0.0029276
-0.0023945
-0.0014209
-0.0007181
-0.0006300
-0.0009465
-0.0013127
-0.0015499
-0.0015925
-0.0014707
-0.0014497
-0.0017809
-0.0023776
-0.0029279
-0.0032558
-0.0033344
-0.0031694
-0.0027385
-0.0020899
-0.0014926
-0.0010431
-0.0007301
-0.0008686
-0.0016496
-0.0024344
-0.0024298
-0.0016407
-0.0003983
0.0009355
0.0018856
0.0021953
0.0017358
0.0006013
-0.0006826
-0.0015881
-0.0018532
-0.0014909
-0.0006529
0.0004562
0.0013369
0.0015459
0.0014400
0.0016831
0.0024064
0.0033225
0.0039473
0.0037949
0.0027343
0.0010712
-0.0008180
-0.0026267
-0.0037585
-0.0036284
-0.0024974
-0.0013963
-0.0012681
-0.0022137
-0.0033263
-0.0036168
-0.0027871
-0.0006611
0.0027417
0.0065915
0.0096317
0.0102161
0.0071392
0.0012836
-0.0049594
-0.0095766
-0.0116171
-0.0109022
-0.0080389
-0.0041304
-0.0002109
0.0023376
0.0018816
-0.0017084
-0.0066413
-0.0106683
-0.0114941
-0.0072291
0.0015905
0.0117629
0.0194902
0.0220342
0.0185440
0.0102686
-0.0000033
-0.0089797
-0.0136941
-0.0123604
-0.0054976
0.0034549
0.0101222
0.0125601
0.0114822
0.0088934
0.0076023
0.0092358
0.0125313
0.0144375
0.0125077
0.0064388
-0.0015142
-0.0079094
-0.0104651
-0.0079966
-0.0004636
0.0095328
0.0176851
0.0200531
0.0142004
0.0017233
-0.0112048
-0.0182375
-0.0170759
-0.0103119
-0.0029909
0.0018362
0.0044151
0.0054196
0.0048790
0.0035531
0.0025668
0.0023398
0.0031452
0.0051852
0.0076874
0.0092195
0.0090085
0.0075919
0.0055764
0.0022640
-0.0030389
-0.0094093
-0.0143400
-0.0148776
-0.0097007
-0.0004612
0.0089615
0.0150819
0.0164953
0.0131117
0.0056566
-0.0039893
-0.0130005
-0.0191528
-0.0211857
-0.0176908
-0.0088648
0.0020718
0.0115699
0.0172887
0.0179349
0.0141946
0.0086201
0.0040293
0.0011281
-0.0015618
-0.0050563
-0.0091632
-0.0133647
-0.0161928
-0.0149729
-0.0085964
0.0002832
0.0084011
0.0152117
0.0210622
0.0238512
0.0187862
0.0038533
-0.0155668
-0.0299421
-0.0326342
-0.0240356
-0.0100294
0.0032885
0.0129107
0.0169803
0.0131769
0.0015882
-0.0135429
-0.0262731
-0.0316123
-0.0276538
-0.0166890
-0.0031546
0.0094447
0.0189321
0.0239991
0.0249796
0.0230372
0.0188068
0.0124728
0.0045149
-0.0045626
-0.0147263
-0.0255323
-0.0349204
-0.0388365
-0.0333283
-0.0181077
0.0032068
0.0257437
0.0448404
0.0561049
0.0553649
0.0418722
0.0213711
0.0019786
-0.0115921
-0.0183404
-0.0187554
-0.0141817
-0.0074338
-0.0019385
0.0009760
0.0031053
0.0065969
0.0112240
0.0157512
0.0185752
0.0178167
0.0134890
0.0069714
-0.0005667
-0.0087882
-0.0159470
-0.0164340
-0.0057545
0.0134486
0.0334684
0.0488159
0.0570833
0.0552597
0.0428973
0.0251599
0.0093174
-0.0005109
-0.0036436
0.0002884
0.0107242
0.0253021
0.0404968
0.0506263
0.0475112
0.0265520
-0.0055234
-0.0336132
-0.0457467
-0.0408041
-0.0257052
-0.0076281
0.0091174
0.0218779
0.0279464
0.0251981
0.0145448
0.0005734
-0.0109739
-0.0167247
-0.0152651
-0.0065964
0.0055932
0.0148886
0.0168143
0.0132455
0.0106262
0.0131351
0.0193435
0.0255805
0.0308733
0.0362980
0.0406854
0.0385711
0.0236844
-0.0030906
-0.0304304
-0.0447545
-0.0396358
-0.0172751
0.0137141
0.0412430
0.0553763
0.0529264
0.0364146
0.0125589
-0.0100958
-0.0262611
-0.0353577
-0.0391117
-0.0386506
-0.0329963
-0.0204739
-0.0010167
0.0231359
0.0485243
0.0697827
0.0786619
0.0671286
0.0339230
-0.0107396
-0.0497521
-0.0694086
-0.0661258
-0.0453876
-0.0169569
0.0087851
0.0252668
0.0314435
0.0288490
0.0210802
0.0131963
0.0074679
0.0027312
-0.0021368
-0.0060148
-0.0062648
-0.0024126
0.0028490
0.0070204
0.0098758
0.0129009
0.0161684
0.0173312
0.0140925
0.0061302
-0.0054075
-0.0192325
-0.0333977
-0.0450352
-0.0523287
-0.0550663
-0.0530465
-0.0453908
-0.0323134
-0.0157187
0.0028647
0.0218608
0.0397413
0.0548656
0.0630893
0.0580035
0.0371340
0.0074881
-0.0186630
-0.0318578
-0.0290000
-0.0122684
0.0133039
0.0416695
0.0665844
0.0818069
0.0804962
0.0574824
0.0184831
-0.0197845
-0.0441190
-0.0518723
-0.0473409
-0.0380876
-0.0297978
-0.0236401
-0.0190546
-0.0158333
-0.0141506
-0.0123486
-0.0072081
0.0018722
0.0105466
0.0115961
-0.0002117
-0.0237178
-0.0494563
-0.0639174
-0.0575139
-0.0305967
0.0069688
0.0430650
0.0695844
0.0844701
0.0881836
0.0810120
0.0646818
0.0400625
0.0082674
-0.0247086
-0.0496399
-0.0581153
-0.0472035
-0.0227163
0.0068003
0.0367550
0.0625425
0.0758268
0.0680596
0.0358804
-0.0154900
-0.0726878
-0.1177568
-0.1337495
-0.1119489
-0.0585679
0.0055827
0.0567990
0.0816675
0.0801468
0.0623194
0.0416622
0.0270479
0.0223130
0.0279287
0.0375528
0.0385395
0.0218101
-0.0083537
-0.0377931
-0.0548255
-0.0551018
-0.0397780
-0.0143448
0.0145585
0.0429652
0.0706721
0.0988633
0.1234481
0.1329378
0.1158100
0.0665905
-0.0103140
-0.0929210
-0.1461762
-0.1465172
-0.0997978
-0.0349556
0.0179319
0.0459628
0.0525068
0.0457354
0.0332737
0.0227554
0.0213596
0.0321650
0.0507533
0.0692805
0.0833102
0.0927401
0.0994721
0.1004420
0.0837317
0.0399108
-0.0238970
-0.0839244
-0.1157900
-0.1113397
-0.0805517
-0.0401285
-0.0031592
0.0217341
0.0295747
0.0216159
0.0071722
-0.0019838
0.0014677
0.0177697
0.0400009
0.0593904
0.0709775
0.0733869
0.0680699
0.0610950
0.0593145
0.0600912
0.0499970
0.0183048
-0.0300576
-0.0760262
-0.1002751
-0.0961545
-0.0710559
-0.0382834
-0.0116731
-0.0044312
-0.0242146
-0.0662525
-0.1120558
-0.1380338
-0.1285419
-0.0850786
-0.0252137
0.0287308
0.0598664
0.0613121
0.0393388
0.0104535
-0.0097490
-0.0162496
-0.0155621
-0.0172854
-0.0250392
-0.0351714
-0.0422349
-0.0447051
-0.0450207
-0.0453406
-0.0443182
-0.0386108
-0.0258128
-0.0048941
0.0241614
0.0565148
0.0761394
0.0591764
-0.0050251
-0.0913523
-0.1472368
-0.1347561
-0.0680858
-0.0004140
0.0304855
0.0295385
0.0179284
0.0024041
-0.0224202
-0.0576733
-0.0948761
-0.1234286
-0.1392877
-0.1443630
-0.1398798
-0.1246711
-0.0985799
-0.0647815
-0.0306512
-0.0051823
0.0060679
0.0038417
-0.0046052
-0.0105816
-0.0104751
-0.0068952
-0.0063995
-0.0126019
-0.0189064
-0.0135775
0.0067294
0.0328209
0.0505335
0.0503104
0.0333038
0.0078611
-0.0194595
-0.0466447
-0.0723741
-0.0903808
-0.0900682
-0.0670138
-0.0300353
0.0051162
0.0266552
0.0307509
0.0197429
-0.0008523
-0.0245599
-0.0455964
-0.0613619
-0.0720218
-0.0781706
-0.0804892
-0.0792870
-0.0757609
-0.0744049
-0.0779969
-0.0812535
-0.0747906
-0.0534105
-0.0187156
0.0243920
0.0698318
0.1087415
0.1299629
0.1245451
0.0925660
0.0449781
-0.0039066
-0.0422259
-0.0612686
-0.0587369
-0.0417354
-0.0232139
-0.0129950
-0.0126489
-0.0168691
-0.0153153
0.0017979
0.0350531
0.0743666
0.1030419
0.1057762
0.0807972
0.0415956
0.0061892
-0.0106316
-0.0004405
0.0331447
0.0717493
0.0909814
0.0763746
0.0332516
-0.0197133
-0.0656354
-0.0957542
-0.1040647
-0.0865580
-0.0514710
-0.0189974
-0.0085670
-0.0292540
-0.0738814
-0.1221892
-0.1546612
-0.1628082
-0.1480200
-0.1181968
-0.0852806
-0.0593550
-0.0447956
-0.0421035
-0.0477786
-0.0531342
-0.0487901
-0.0320774
-0.0096100
0.0082107
0.0136306
0.0035890
-0.0189606
-0.0424551
-0.0506480
-0.0351025
-0.0012233
0.0395680
0.0791195
0.1137861
0.1395230
0.1513464
0.1490503
0.1390155
0.1297997
0.1267618
0.1301574
0.1365350
0.1416807
0.1439938
0.1449985
0.1472383
0.1520588
0.1590136
0.1669871
0.1744231
0.1796092
0.1808345
0.1757799
0.1625668
0.1418510
0.1168749
0.0926574
0.0736122
0.0597227
0.0457341
0.0266847
0.0036885
-0.0181319
-0.0344713
-0.0420077
-0.0366903
-0.0165072
0.0154983
0.0505718
0.0767096
0.0842347
0.0688324
0.0328607
-0.0116939
-0.0445521
-0.0488436
-0.0253452
0.0076149
0.0294156
0.0300989
0.0143241
-0.0034957
-0.0094001
0.0029632
0.0318537
0.0722181
0.1186544
0.1624585
0.1926619
0.2029690
0.1938944
0.1704002
0.1401193
0.1125837
0.0975450
0.1011221
0.1217405
0.1516210
0.1832419
0.2123514
0.2354671
0.2500876
0.2572403
0.2600552
0.2603009
0.2579426
0.2534154
0.2469563
0.2376909
0.2235704
0.2039979
0.1827520
0.1645884
0.1516845
0.1449870
0.1469377
0.1590699
0.1782639
0.1997279
0.2212165
0.2423222
0.2626345
0.2813921
0.2982075
0.3135664
0.3274124
0.3380968
0.3440256
0.3449981
0.3408365
0.3304787
0.3130910
0.2887731
0.2602806
0.2315266
0.2025283
0.1702152
0.1311155
0.0865476
0.0443631
0.0102993
-0.0151011
-0.0342169
-0.0511151
-0.0675787
-0.0828790
-0.0977151
-0.1141975
-0.1320412
-0.1460476
-0.1492829
-0.1389709
-0.1173431
-0.0889166
-0.0604549
-0.0377503
-0.0210055
-0.0081131
0.0011128
0.0040716
-0.0013268
-0.0120138
-0.0221715
-0.0271005
-0.0238044
-0.0125000
0.0031181
0.0178872
0.0291048
0.0364575
0.0374294
0.0299054
0.0157259
-0.0010886
-0.0169633
-0.0319705
-0.0479364
-0.0634851
-0.0756723
-0.0838227
-0.0898317
-0.0963578
-0.1036549
-0.1104583
-0.1169791
-0.1240543
-0.1335330
-0.1481703
-0.1681272
-0.1921633
-0.2186343
-0.2436024
-0.2643021
-0.2783431
-0.2819412
-0.2760181
-0.2645679
-0.2495327
-0.2357359
-0.2310743
-0.2414609
-0.2677455
-0.3056522
-0.3476872
-0.3829597
-0.4035004
-0.4084480
-0.4051635
-0.4017606
-0.3967710
-0.3883466
-0.3766479
-0.3634739
-0.3516769
-0.3396111
-0.3238447
-0.3039023
-0.2809759
-0.2537839
-0.2239721
-0.1938511
-0.1643630
-0.1401916
-0.1274584
-0.1261576
-0.1273908
-0.1205302
-0.1010948
-0.0746754
-0.0520817
-0.0412536
-0.0436043
-0.0560403
-0.0732291
-0.0918711
-0.1171661
-0.1527986
-0.1868067
-0.2020341
-0.1907530
-0.1456199
-0.0576334
0.0606589
0.1652488
0.2097735
0.1855871
0.1276308
0.0830720
0.0692203
0.0634966
0.0412835
-0.0003729
-0.0502315
-0.0930748
-0.1270113
-0.1606175
-0.1949926
-0.2286582
-0.2590899
-0.2818371
-0.2964244
-0.3044470
-0.3069180
-0.3034702
-0.2958883
-0.2857242
-0.2760542
-0.2699997
-0.2672701
-0.2672528
-0.2674334
-0.2664262
-0.2617560
-0.2519126
-0.2383123
-0.2199189
-0.1969304
-0.1719275
-0.1460967
-0.1228946
-0.1064199
-0.0976884
-0.0970002
-0.0990659
-0.0983785
-0.0935073
-0.0839769
-0.0720961
-0.0585046
-0.0413965
-0.0190847
0.0091029
0.0445190
0.0931649
0.1640494
0.2565381
0.3437178
0.3743403
0.3003909
0.1307936
-0.0333497
-0.0896870
-0.0525707
-0.0114469
-0.0169186
-0.0483860
-0.0707517
-0.0808319
-0.0921081
-0.1093101
-0.1254617
-0.1339300
-0.1366253
-0.1406501
-0.1506817
-0.1647835
-0.1775110
-0.1876087
-0.1984057
-0.2133860
-0.2319442
-0.2479114
-0.2577851
-0.2609265
-0.2535224
-0.2310873
-0.1925593
-0.1438539
-0.0931099
-0.0439316
0.0003097
0.0364550
0.0674053
0.0964848
0.1243188
0.1522409
0.1848588
0.2250067
0.2681212
0.3075813
0.3278055
0.3073168
0.2280456
0.0962179
-0.0421020
-0.1345682
-0.1645508
-0.1598213
-0.1511051
-0.1389759
-0.1132845
-0.0690232
-0.0083419
0.0566098
0.1215297
0.1902487
0.2579816
0.3171920
0.3658032
0.4044960
0.4302849
0.4430500
0.4500019
0.4554741
0.4622208
0.4707463
0.4758125
0.4710498
0.4485930
0.4016074
0.3287924
0.2348992
0.1300273
0.0264704
-0.0756533
-0.1865423
-0.2941312
-0.3659607
-0.3756032
-0.3261264
-0.2648960
-0.2449304
-0.2754661
-0.3231800
-0.3461237
-0.3308154
-0.2999676
-0.2751786
-0.2600003
-0.2469924
-0.2289285
-0.2113992
-0.1991817
-0.1907790
-0.1826003
-0.1718481
-0.1660883
-0.1751456
-0.1974636
-0.2224982
-0.2371548
-0.2379250
-0.2302102
-0.2147487
-0.1902415
-0.1586133
-0.1167739
-0.0624887
-0.0006508
0.0655886
0.1298919
0.1876477
0.2380146
0.2802144
0.3172281
0.3503099
0.3800682
0.4051852
0.4231090
0.4339523
0.4343684
0.4188867
0.3878568
0.3427222
0.2892659
0.2367098
0.1847461
0.1331017
0.0830613
0.0354369
-0.0049112
-0.0373746
-0.0654592
-0.0913493
-0.1171795
-0.1435345
-0.1658036
-0.1782133
-0.1749404
-0.1528579
-0.1188372
-0.0818673
-0.0462901
-0.0117678
0.0223831
0.0590090
0.1057119
0.1601219
0.2150854
0.2657398
0.3048488
0.3300655
0.3440617
0.3498923
0.3492189
0.3456613
0.3406703
0.3323254
0.3203941
0.3062822
0.2927873
0.2801653
0.2695662
0.2613080
0.2526322
0.2398238
0.2172861
0.1833821
0.1400847
0.0900797
0.0405626
-0.0053370
-0.0482884
-0.0847316
-0.1155646
-0.1464999
-0.1773622
-0.2021194
-0.2168324
-0.2203004
-0.2163411
-0.2143137
-0.2174812
-0.2180230
-0.2044314
-0.1722960
-0.1252854
-0.0724415
-0.0270768
0.0074316
0.0376733
0.0675228
0.0972183
0.1227848
0.1421987
0.1571654
0.1674842
0.1720475
0.1696878
0.1596320
0.1428043
0.1212274
0.0956042
0.0670351
0.0355846
0.0016725
-0.0312004
-0.0639017
-0.1022535
-0.1501268
-0.2019272
-0.2414985
-0.2557347
-0.2438958
-0.2151172
-0.1867561
-0.1725503
-0.1705981
-0.1725691
-0.1730951
-0.1699985
-0.1679162
-0.1730590
-0.1830324
-0.1932962
-0.1996137
-0.1963336
-0.1829905
-0.1589572
-0.1246807
-0.0840808
-0.0377811
0.0144962
0.0727040
0.1341022
0.1967050
0.2585943
0.3160331
0.3688420
0.4158869
0.4528153
0.4787747
0.5004353
0.5196711
0.5308381
0.5302659
0.5128999
0.4754729
0.4190370
0.3448651
0.2626230
0.1845063
0.1132399
0.0498190
-0.0015838
-0.0327921
-0.0351103
-0.0075158
0.0392981
0.0843682
0.1153782
0.1384689
0.1607187
0.1822954
0.2006440
0.2134120
0.2213451
0.2265413
0.2286019
0.2260587
0.2199117
0.2114960
0.2015255
0.1911085
0.1806785
0.1680853
0.1514721
0.1306937
0.1031782
0.0691252
0.0313805
-0.0081856
-0.0449443
-0.0717483
-0.0842500
-0.0846747
-0.0703102
-0.0347878
0.0089397
0.0371764
0.0426995
0.0322976
0.0180027
0.0115533
0.0130492
0.0166968
0.0203338
0.0242608
0.0295672
0.0361587
0.0427133
0.0458143
0.0426428
0.0338311
0.0209081
0.0056347
-0.0126681
-0.0323413
-0.0483168
-0.0597250
-0.0670721
-0.0689060
-0.0657258
-0.0612525
-0.0627881
-0.0754770
-0.0954704
-0.1162914
-0.1327497
-0.1453309
-0.1592043
-0.1753739
-0.1926113
-0.2091955
-0.2231600
-0.2343559
-0.2429233
-0.2493781
-0.2526814
-0.2529053
-0.2494807
-0.2404639
-0.2268838
-0.2082447
-0.1813345
-0.1463525
-0.1079750
-0.0707770
-0.0394932
-0.0137497
0.0084679
0.0270683
0.0412780
0.0492105
0.0517443
0.0516934
0.0507805
0.0460367
0.0354441
0.0198335
-0.0007781
-0.0260535
-0.0549629
-0.0869009
-0.1218941
-0.1571120
-0.1898687
-0.2179754
-0.2392472
-0.2553402
-0.2646489
-0.2621952
-0.2490096
-0.2301596
-0.2095048
-0.1881621
-0.1669018
-0.1511658
-0.1438850
-0.1452875
-0.1551150
-0.1663889
-0.1742800
-0.1741687
-0.1609528
-0.1390262
-0.1149733
-0.0911312
-0.0691464
-0.0502587
-0.0359201
-0.0280961
-0.0243432
-0.0217384
-0.0213718
-0.0248382
-0.0328290
-0.0449382
-0.0602332
-0.0794671
-0.1006408
-0.1180302
-0.1271479
-0.1262392
-0.1177377
-0.1035013
-0.0850073
-0.0645047
-0.0440802
-0.0264858
-0.0102396
0.0078914
0.0286604
0.0504513
0.0709784
0.0885143
0.1015029
0.1116679
0.1198690
0.1241550
0.1248765
0.1228624
0.1189784
0.1162906
0.1164436
0.1170950
0.1171112
0.1162641
0.1130348
0.1073891
0.1009192
0.0953363
0.0904498
0.0845202
0.0782533
0.0720379
0.0653456
0.0576305
0.0460712
0.0287993
0.0053406
-0.0230005
-0.0534734
-0.0807982
-0.0994539
-0.1086176
-0.1064378
-0.0911577
-0.0682851
-0.0444482
-0.0224735
-0.0037044
0.0126700
0.0289640
0.0466891
0.0681910
0.0922007
0.1133457
0.1311213
0.1455216
0.1561164
0.1637127
0.1655984
0.1613010
0.1535833
0.1436836
0.1323477
0.1205578
0.1089149
0.0973593
0.0862029
0.0745871
0.0616066
0.0475259
0.0324291
0.0171117
0.0033470
-0.0079390
-0.0186500
-0.0314380
-0.0467683
-0.0632997
-0.0787214
-0.0905603
-0.0995315
-0.1066689
-0.1101417
-0.1080713
-0.1013113
-0.0919624
-0.0808811
-0.0696857
-0.0580997
-0.0450561
-0.0310627
-0.0149138
0.0030851
0.0206027
0.0372859
0.0540079
0.0709664
0.0871295
0.1020923
0.1147447
0.1222500
0.1234306
0.1187969
0.1069395
0.0872923
0.0618914
0.0334192
0.0075215
-0.0111937
-0.0238922
-0.0344653
-0.0447989
-0.0554238
-0.0674396
-0.0829077
-0.1009905
-0.1182425
-0.1331932
-0.1446879
-0.1499260
-0.1460779
-0.1331420
-0.1139078
-0.0918478
-0.0701873
-0.0501440
-0.0300553
-0.0086335
0.0135457
0.0353453
0.0564851
0.0760444
0.0951437
0.1153704
0.1341012
0.1483986
0.1565123
0.1568533
0.1462297
0.1256573
0.1014131
0.0790210
0.0635723
0.0589463
0.0667117
0.0814392
0.0958351
0.1064783
0.1135420
0.1187394
0.1202042
0.1180847
0.1156731
0.1152109
0.1176518
0.1226282
0.1282810
0.1323617
0.1323819
0.1270667
0.1169644
0.1042898
0.0897079
0.0711856
0.0483668
0.0217773
-0.0062634
-0.0358824
-0.0663810
-0.0932224
-0.1156512
-0.1317323
-0.1384528
-0.1358319
-0.1262296
-0.1143842
-0.1023397
-0.0907515
-0.0816543
-0.0737940
-0.0655036
-0.0566355
-0.0464750
-0.0358934
-0.0254431
-0.0156431
-0.0069944
-0.0001500
0.0014392
-0.0029310
-0.0104600
-0.0197504
-0.0303493
-0.0413068
-0.0524794
-0.0625421
-0.0682965
-0.0697080
-0.0687980
-0.0677357
-0.0676722
-0.0673136
-0.0666125
-0.0671307
-0.0689629
-0.0712142
-0.0737560
-0.0773535
-0.0823582
-0.0864457
-0.0862564
-0.0796111
-0.0672146
-0.0519454
-0.0350161
-0.0167955
0.0012323
0.0165328
0.0286106
0.0380097
0.0443031
0.0477314
0.0479679
0.0461738
0.0456835
0.0476898
0.0503626
0.0498456
0.0442020
0.0357125
0.0270065
0.0178505
0.0073615
-0.0039464
-0.0155131
-0.0281792
-0.0451547
-0.0678237
-0.0930282
-0.1179335
-0.1397565
-0.1563981
-0.1667689
-0.1677414
-0.1605641
-0.1508320
-0.1439036
-0.1417055
-0.1419770
-0.1420116
-0.1408933
-0.1393458
-0.1370610
-0.1336124
-0.1296304
-0.1260426
-0.1245797
-0.1262096
-0.1285868
-0.1293336
-0.1277121
-0.1240577
-0.1178098
-0.1084746
-0.0980431
-0.0888487
-0.0825092
-0.0782707
-0.0742710
-0.0700425
-0.0676299
-0.0686372
-0.0719442
-0.0756739
-0.0787136
-0.0823669
-0.0883742
-0.0959424
-0.1025284
-0.1072584
-0.1120063
-0.1177296
-0.1233618
-0.1273442
-0.1284115
-0.1258388
-0.1193164
-0.1104882
-0.0996325
-0.0849131
-0.0672687
-0.0489998
-0.0311613
-0.0121746
0.0092791
0.0307312
0.0510091
0.0709563
0.0886523
0.1026095
0.1121082
0.1150616
0.1113432
0.1042560
0.0979938
0.0965699
0.1032890
0.1159378
0.1297324
0.1425744
0.1538838
0.1631058
0.1688728
0.1716718
0.1731139
0.1740676
0.1761831
0.1786482
0.1808143
0.1844138
0.1887791
0.1928757
0.1953264
0.1933439
0.1870596
0.1800282
0.1742526
0.1691242
0.1637749
0.1599239
0.1606565
0.1642734
0.1670030
0.1671576
0.1652921
0.1632301
0.1609181
0.1568706
0.1511484
0.1443072
0.1358320
0.1261206
0.1157461
0.1044195
0.0916201
0.0771223
0.0621406
0.0474203
0.0330142
0.0208476
0.0117426
0.0054698
0.0043095
0.0110765
0.0238974
0.0364121
0.0424118
0.0396707
0.0320463
0.0241588
0.0193108
0.0189392
0.0203836
0.0213364
0.0218996
0.0221309
0.0216782
0.0214299
0.0226442
0.0258619
0.0319235
0.0392388
0.0440232
0.0446164
0.0420975
0.0379697
0.0319904
0.0241147
0.0151820
0.0075352
0.0031132
0.0006884
-0.0003899
-0.0018726
-0.0056769
-0.0106564
-0.0133470
-0.0100005
-0.0029588
0.0044723
0.0115847
0.0155605
0.0142352
0.0076574
-0.0021616
-0.0123193
-0.0219537
-0.0312029
-0.0393060
-0.0440211
-0.0438731
-0.0427872
-0.0473483
-0.0616904
-0.0852080
-0.1112362
-0.1307209
-0.1355602
-0.1219054
-0.0954404
-0.0676517
-0.0450836
-0.0265842
-0.0084065
0.0118844
0.0338627
0.0545450
0.0712466
0.0837337
0.0922127
0.0953449
0.0933237
0.0876117
0.0781144
0.0643263
0.0465330
0.0266813
0.0069942
-0.0117232
-0.0293532
-0.0460108
-0.0623934
-0.0785207
-0.0934282
-0.1054687
-0.1149771
-0.1225465
-0.1257390
-0.1233086
-0.1165589
-0.1086654
-0.1014010
-0.0938962
-0.0851617
-0.0763511
-0.0697987
-0.0650844
-0.0606585
-0.0555553
-0.0499732
-0.0448243
-0.0389244
-0.0321997
-0.0264529
-0.0209746
-0.0157293
-0.0110342
-0.0063988
-0.0031944
-0.0017054
-0.0010898
-0.0002901
0.0000083
-0.0007072
0.0002850
0.0037648
0.0087527
0.0135484
0.0166926
0.0173932
0.0148841
0.0092796
0.0014193
-0.0080684
-0.0196503
-0.0325303
-0.0478837
-0.0660482
-0.0836128
-0.0984623
-0.1086084
-0.1125015
-0.1110423
-0.1071262
-0.1038163
-0.1021783
-0.1021030
-0.1029502
-0.1040391
-0.1051288
-0.1049401
-0.1022694
-0.0973060
-0.0895024
-0.0793536
-0.0689470
-0.0582440
-0.0468416
-0.0349226
-0.0234188
-0.0136875
-0.0061464
0.0004613
0.0068555
0.0112828
0.0119822
0.0076289
-0.0015629
-0.0136545
-0.0273971
-0.0415005
-0.0523570
-0.0578685
-0.0596752
-0.0588712
-0.0553458
-0.0489816
-0.0405942
-0.0315393
-0.0213948
-0.0098432
0.0012742
0.0100560
0.0168490
0.0232407
0.0302748
0.0371991
0.0433556
0.0494191
0.0545240
0.0587366
0.0613888
0.0583880
0.0477976
0.0304540
0.0100926
-0.0077730
-0.0227634
-0.0365964
-0.0486375
-0.0599253
-0.0709283
-0.0804547
-0.0882613
-0.0941365
-0.0968125
-0.0949788
-0.0884349
-0.0782430
-0.0665980
-0.0552239
-0.0463115
-0.0396450
-0.0337332
-0.0285655
-0.0226589
-0.0146821
-0.0045729
0.0055256
0.0133311
0.0183574
0.0196325
0.0179956
0.0170071
0.0197328
0.0266329
0.0348258
0.0401904
0.0426313
0.0450142
0.0471086
0.0479655
0.0481720
0.0482157
0.0476259
0.0442874
0.0366438
0.0257505
0.0146371
0.0067136
0.0037874
0.0056021
0.0115840
0.0206794
0.0319481
0.0459420
0.0608023
0.0739810
0.0849706
0.0919115
0.0963624
0.1000599
0.1007312
0.0992425
0.0974171
0.0956513
0.0948216
0.0958632
0.0989260
0.1063062
0.1188800
0.1334719
0.1497685
0.1655580
0.1770371
0.1831436
0.1821509
0.1741846
0.1606869
0.1420347
0.1191674
0.0947596
0.0715161
0.0502698
0.0306896
0.0114860
-0.0078440
-0.0274452
-0.0462238
-0.0616722
-0.0729108
-0.0788719
-0.0795793
-0.0760032
-0.0682856
-0.0576879
-0.0451285
-0.0320127
-0.0206771
-0.0099665
0.0008798
0.0108298
0.0195562
0.0273525
0.0361257
0.0453434
0.0537783
0.0616161
0.0692323
0.0771082
0.0843889
0.0897575
0.0929545
0.0932513
0.0896966
0.0836882
0.0767098
0.0697689
0.0655474
0.0662884
0.0707387
0.0763486
0.0801722
0.0814065
0.0807548
0.0783290
0.0755076
0.0728474
0.0723273
0.0761597
0.0830067
0.0901249
0.0973709
0.1044531
0.1088877
0.1101651
0.1093560
0.1078730
0.1056614
0.1019248
0.0968888
0.0910479
0.0856251
0.0806814
0.0738892
0.0653507
0.0560573
0.0433121
0.0273109
0.0113659
-0.0031256
-0.0155814
-0.0260616
-0.0357733
-0.0456179
-0.0546172
-0.0628063
-0.0712801
-0.0789216
-0.0848091
-0.0897867
-0.0923406
-0.0897040
-0.0824952
-0.0730929
-0.0632177
-0.0523418
-0.0406864
-0.0296099
-0.0189330
-0.0101692
-0.0029117
0.0038660
0.0086249
0.0133619
0.0189795
0.0236487
0.0274189
0.0303389
0.0333041
0.0379323
0.0444810
0.0506770
0.0540008
0.0551085
0.0546880
0.0511040
0.0435449
0.0323692
0.0184724
0.0030569
-0.0129751
-0.0279420
-0.0410757
-0.0529354
-0.0631709
-0.0698397
-0.0732043
-0.0741503
-0.0735511
-0.0752403
-0.0797071
-0.0843549
-0.0892472
-0.0934721
-0.0942448
-0.0908479
-0.0835417
-0.0749199
-0.0666661
-0.0587114
-0.0508409
-0.0412175
-0.0313633
-0.0243397
-0.0214207
-0.0215626
-0.0232349
-0.0264697
-0.0305308
-0.0351993
-0.0404578
-0.0436682
-0.0438451
-0.0426682
-0.0417712
-0.0427211
-0.0448581
-0.0481776
-0.0530897
-0.0592119
-0.0662939
-0.0732459
-0.0771360
-0.0744554
-0.0661034
-0.0535345
-0.0373931
-0.0184761
0.0014402
0.0186337
0.0328928
0.0457749
0.0568499
0.0660625
0.0721750
0.0731621
0.0700037
0.0629943
0.0528074
0.0397595
0.0228572
0.0039194
-0.0134271
-0.0265971
-0.0356009
-0.0418900
-0.0470495
-0.0522180
-0.0574099
-0.0628630
-0.0689288
-0.0738933
-0.0777579
-0.0815912
-0.0831285
-0.0811477
-0.0777984
-0.0742555
-0.0707267
-0.0674715
-0.0650293
-0.0633760
-0.0617080
-0.0601819
-0.0593344
-0.0596937
-0.0601656
-0.0591610
-0.0570209
-0.0539957
-0.0503715
-0.0461260
-0.0403422
-0.0340903
-0.0284169
-0.0240064
-0.0214950
-0.0192201
-0.0152367
-0.0092482
-0.0031105
0.0007888
0.0017908
-0.0008959
-0.0080080
-0.0184561
-0.0295559
-0.0381916
-0.0431627
-0.0433601
-0.0391257
-0.0339218
-0.0288526
-0.0243481
-0.0212110
-0.0167419
-0.0091324
0.0015817
0.0142168
0.0254999
0.0338410
0.0395693
0.0425571
0.0405552
0.0330958
0.0248549
0.0191015
0.0147022
0.0110159
0.0071210
0.0014676
-0.0058527
-0.0154416
-0.0268066
-0.0378841
-0.0469856
-0.0529884
-0.0573828
-0.0618362
-0.0659326
-0.0707088
-0.0770462
-0.0841344
-0.0900452
-0.0917391
-0.0877453
-0.0784583
-0.0677984
-0.0590152
-0.0517389
-0.0460032
-0.0401357
-0.0323609
-0.0228316
-0.0113799
0.0000608
0.0097350
0.0176070
0.0234288
0.0279756
0.0311835
0.0336007
0.0363348
0.0396324
0.0429695
0.0458607
0.0484178
0.0504981
0.0530162
0.0560513
0.0594982
0.0635005
0.0681115
0.0741713
0.0804816
0.0856073
0.0891025
0.0900797
0.0886112
0.0842224
0.0770788
0.0683682
0.0590297
0.0505913
0.0437007
0.0388666
0.0349254
0.0303441
0.0260635
0.0224686
0.0204914
0.0213489
0.0247933
0.0305185
0.0383123
0.0473863
0.0574289
0.0676027
0.0764333
0.0836013
0.0879491
0.0885906
0.0848741
0.0780963
0.0711047
0.0651139
0.0598604
0.0537712
0.0475581
0.0420105
0.0361370
0.0304050
0.0265405
0.0241480
0.0223608
0.0230574
0.0263259
0.0293654
0.0314170
0.0331139
0.0346734
0.0352107
0.0335960
0.0298891
0.0253566
0.0219371
0.0197518
0.0186493
0.0193900
0.0231252
0.0275930
0.0301531
0.0322197
0.0327678
0.0320670
0.0336597
0.0376184
0.0433067
0.0511711
0.0602329
0.0694142
0.0760139
0.0779917
0.0769172
0.0744393
0.0722795
0.0708063
0.0687761
0.0649516
0.0582581
0.0497389
0.0408077
0.0310973
0.0217347
0.0144371
0.0087678
0.0047924
0.0033730
0.0033355
0.0029629
0.0021691
0.0018344
0.0019872
0.0020291
0.0034063
0.0063684
0.0086724
0.0095812
0.0078509
0.0018501
-0.0056416
-0.0118214
-0.0174396
-0.0223667
-0.0268568
-0.0321845
-0.0368994
-0.0400503
-0.0433754
-0.0470859
-0.0506121
-0.0547668
-0.0590405
-0.0626045
-0.0652943
-0.0644486
-0.0589580
-0.0516635
-0.0442323
-0.0376735
-0.0322853
-0.0276690
-0.0246390
-0.0226069
-0.0207402
-0.0195110
-0.0179349
-0.0142989
-0.0098045
-0.0057604
-0.0027347
-0.0021138
-0.0033645
-0.0058712
-0.0088994
-0.0113803
-0.0133373
-0.0134869
-0.0109518
-0.0076279
-0.0052504
-0.0036962
-0.0024585
-0.0028923
-0.0059032
-0.0099350
-0.0140467
-0.0175511
-0.0198699
-0.0214911
-0.0216412
-0.0189590
-0.0135691
-0.0060419
0.0031056
0.0130731
0.0219854
0.0292835
0.0358000
0.0405308
0.0449320
0.0515726
0.0592285
0.0658065
0.0710871
0.0757869
0.0798510
0.0825313
0.0828833
0.0803491
0.0737868
0.0634118
0.0517022
0.0402485
0.0291935
0.0193147
0.0122205
0.0078513
0.0049981
0.0034474
0.0033157
0.0037487
0.0049025
0.0062548
0.0064092
0.0056408
0.0042483
0.0026946
0.0021951
0.0027555
0.0040213
0.0060192
0.0078191
0.0095499
0.0117283
0.0134631
0.0138726
0.0136513
0.0136944
0.0139871
0.0136421
0.0119443
0.0087874
0.0047039
-0.0000638
-0.0054225
-0.0100209
-0.0147469
-0.0198026
-0.0244180
-0.0296250
-0.0353763
-0.0411793
-0.0469037
-0.0520129
-0.0556165
-0.0566241
-0.0538171
-0.0472641
-0.0390003
-0.0312107
-0.0252102
-0.0209398
-0.0173511
-0.0135033
-0.0090032
-0.0030973
0.0047221
0.0137181
0.0232827
0.0316611
0.0373191
0.0398420
0.0397806
0.0387458
0.0355693
0.0307732
0.0268423
0.0224523
0.0165812
0.0099797
0.0030283
-0.0041620
-0.0108166
-0.0175338
-0.0252950
-0.0322154
-0.0384338
-0.0460179
-0.0542297
-0.0612705
-0.0660518
-0.0683073
-0.0682336
-0.0667216
-0.0661268
-0.0673983
-0.0704442
-0.0739021
-0.0751793
-0.0747246
-0.0727777
-0.0680992
-0.0619447
-0.0562565
-0.0522512
-0.0523314
-0.0563137
-0.0617034
-0.0681826
-0.0741781
-0.0780501
-0.0801186
-0.0783651
-0.0728583
-0.0679179
-0.0652676
-0.0653209
-0.0675867
-0.0712602
-0.0766489
-0.0826135
-0.0892568
-0.0951275
-0.0987231
-0.1018859
-0.1039292
-0.1031662
-0.1003589
-0.0966891
-0.0918390
-0.0854199
-0.0779164
-0.0678761
-0.0539216
-0.0367911
-0.0183772
-0.0022613
0.0123748
0.0291315
0.0466203
0.0613306
0.0720321
0.0813606
0.0911977
0.0991939
0.1019053
0.0997566
0.0950257
0.0865700
0.0744876
0.0601870
0.0455035
0.0335676
0.0242975
0.0155673
0.0068451
-0.0017022
-0.0098283
-0.0180894
-0.0274917
-0.0368580
-0.0447914
-0.0508139
-0.0539458
-0.0539891
-0.0527048
-0.0507718
-0.0463893
-0.0394715
-0.0320028
-0.0242928
-0.0159628
-0.0064776
0.0040899
0.0135876
0.0218631
0.0294708
0.0358046
0.0410691
0.0448681
0.0471950
0.0483753
0.0475443
0.0446891
0.0402515
0.0344930
0.0288451
0.0237084
0.0183933
0.0131553
0.0083826
0.0048421
0.0024755
0.0007728
-0.0001287
-0.0006523
-0.0009516
-0.0018651
-0.0047338
-0.0097366
-0.0158438
-0.0216552
-0.0259927
-0.0276908
-0.0269128
-0.0253473
-0.0242980
-0.0240415
-0.0243802
-0.0234558
-0.0195917
-0.0134391
-0.0070802
-0.0013734
0.0045578
0.0088212
0.0097527
0.0091978
0.0087747
0.0087987
0.0096978
0.0115687
0.0137524
0.0163013
0.0196907
0.0228369
0.0250056
0.0259126
0.0249816
0.0234198
0.0218796
0.0199082
0.0162063
0.0099350
0.0033496
-0.0012493
-0.0030627
-0.0016302
0.0014940
0.0044831
0.0070778
0.0092515
0.0112824
0.0137567
0.0165175
0.0182584
0.0198650
0.0222138
0.0246939
0.0279745
0.0322520
0.0371093
0.0413670
0.0452070
0.0500119
0.0549976
0.0594815
0.0624023
0.0634953
0.0636403
0.0619473
0.0585488
0.0542840
0.0497474
0.0455504
0.0410919
0.0356029
0.0298784
0.0250577
0.0193683
0.0122684
0.0059506
0.0009883
-0.0032575
-0.0079276
-0.0124987
-0.0155824
-0.0160165
-0.0137919
-0.0107064
-0.0072058
-0.0042798
-0.0020362
0.0003738
0.0021419
0.0023894
0.0006841
-0.0016241
-0.0019480
0.0005958
0.0048376
0.0099397
0.0156678
0.0218644
0.0291263
0.0374142
0.0453104
0.0528502
0.0603094
0.0670299
0.0723058
0.0747698
0.0739152
0.0695519
0.0613326
0.0489172
0.0329785
0.0162915
0.0008338
-0.0123461
-0.0224352
-0.0295410
-0.0331954
-0.0329259
-0.0290387
-0.0226885
-0.0151167
-0.0069912
0.0013324
0.0102575
0.0182207
0.0233356
0.0262529
0.0286984
0.0316464
0.0336685
0.0336788
0.0318958
0.0298459
0.0281360
0.0253532
0.0218704
0.0183995
0.0182064
0.0254524
0.0351651
0.0410886
0.0467569
0.0537841
0.0563395
0.0515430
0.0428180
0.0347421
0.0270112
0.0175657
0.0079116
0.0006701
-0.0037919
-0.0068609
-0.0093626
-0.0108222
-0.0100761
-0.0079987
-0.0073622
-0.0083809
-0.0091589
-0.0099643
-0.0127673
-0.0174608
-0.0229668
-0.0296452
-0.0363032
-0.0405864
-0.0420723
-0.0410334
-0.0385926
-0.0359387
-0.0331382
-0.0313894
-0.0319682
-0.0341532
-0.0372122
-0.0403450
-0.0418275
-0.0418017
-0.0407174
-0.0373832
-0.0316133
-0.0241686
-0.0154208
-0.0060592
0.0033697
0.0116850
0.0173082
0.0203992
0.0211617
0.0191938
0.0146707
0.0090966
0.0030797
-0.0035172
-0.0106543
-0.0177807
-0.0232872
-0.0270267
-0.0298121
-0.0318598
-0.0329590
-0.0340543
-0.0359728
-0.0380187
-0.0394887
-0.0406426
-0.0409535
-0.0412050
-0.0433585
-0.0455700
-0.0469112
-0.0480597
-0.0478980
-0.0457646
-0.0420054
-0.0375852
-0.0330885
-0.0279165
-0.0223716
-0.0181453
-0.0154027
-0.0132687
-0.0116444
-0.0117889
-0.0142993
-0.0175578
-0.0214668
-0.0269771
-0.0338166
-0.0407610
-0.0474259
-0.0528718
-0.0552335
-0.0543463
-0.0506396
-0.0448171
-0.0374937
-0.0300592
-0.0241420
-0.0203596
-0.0175466
-0.0151878
-0.0148935
-0.0166786
-0.0202151
-0.0249520
-0.0303303
-0.0362725
-0.0419387
-0.0472129
-0.0518444
-0.0548737
-0.0549175
-0.0520410
-0.0481971
-0.0445944
-0.0410647
-0.0372141
-0.0336892
-0.0306412
-0.0282609
-0.0266798
-0.0261315
-0.0277225
-0.0296286
-0.0285697
-0.0248141
-0.0206249
-0.0167067
-0.0125153
-0.0079223
-0.0040107
-0.0014027
-0.0005432
-0.0020098
-0.0043046
-0.0062553
-0.0077456
-0.0078906
-0.0064008
-0.0038764
-0.0020925
-0.0024213
-0.0042016
-0.0069913
-0.0097285
-0.0103500
-0.0080707
-0.0038080
0.0010693
0.0056064
0.0103549
0.0153849
0.0193066
0.0219524
0.0233197
0.0237344
0.0240629
0.0241728
0.0234919
0.0206097
0.0148702
0.0080399
0.0012720
-0.0032828
-0.0046163
-0.0049319
-0.0041592
-0.0021897
-0.0000288
0.0014605
0.0012028
0.0003011
0.0003310
0.0013903
0.0042750
0.0090337
0.0144452
0.0205777
0.0265892
0.0306149
0.0317341
0.0306992
0.0291186
0.0285635
0.0298241
0.0307398
0.0296475
0.0260672
0.0192845
0.0102446
0.0002461
-0.0090238
-0.0173914
-0.0256251
-0.0317183
-0.0346861
-0.0356769
-0.0359971
-0.0369312
-0.0395418
-0.0427187
-0.0450717
-0.0481185
-0.0520206
-0.0553834
-0.0578012
-0.0594324
-0.0610400
-0.0624148
-0.0631816
-0.0622373
-0.0576051
-0.0505223
-0.0430003
-0.0345393
-0.0248316
-0.0160092
-0.0095317
-0.0048346
-0.0013272
0.0021445
0.0071425
0.0143710
0.0241575
0.0362855
0.0494118
0.0618271
0.0713947
0.0777024
0.0819178
0.0842837
0.0846165
0.0823471
0.0789016
0.0761615
0.0724315
0.0665457
0.0594330
0.0520615
0.0456684
0.0408181
0.0371788
0.0346436
0.0340761
0.0359824
0.0387607
0.0410406
0.0426980
0.0442359
0.0462550
0.0466385
0.0433571
0.0377353
0.0323392
0.0279480
0.0236973
0.0198625
0.0167889
0.0139984
0.0114429
0.0092058
0.0068088
0.0034719
-0.0012307
-0.0070568
-0.0128116
-0.0172062
-0.0202729
-0.0228871
-0.0254986
-0.0281071
-0.0304813
-0.0331953
-0.0361488
-0.0383168
-0.0391192
-0.0377337
-0.0356203
-0.0341387
-0.0323904
-0.0293308
-0.0247615
-0.0195936
-0.0144008
-0.0095153
-0.0046998
0.0006456
0.0062514
0.0118584
0.0172257
0.0218165
0.0253294
0.0274560
0.0278021
0.0270721
0.0263507
0.0239874
0.0184486
0.0109475
0.0024879
-0.0059642
-0.0133820
-0.0203050
-0.0276411
-0.0348056
-0.0415617
-0.0480929
-0.0530702
-0.0566859
-0.0600175
-0.0634028
-0.0671688
-0.0706660
-0.0720283
-0.0700283
-0.0660651
-0.0620665
-0.0588281
-0.0557258
-0.0521474
-0.0485299
-0.0452672
-0.0426768
-0.0405424
-0.0381088
-0.0345552
-0.0294826
-0.0234331
-0.0174157
-0.0120432
-0.0067985
-0.0015197
0.0025213
0.0053179
0.0086114
0.0124420
0.0155642
0.0180298
0.0196192
0.0190465
0.0164435
0.0131048
0.0097893
0.0071092
0.0059169
0.0064080
0.0079770
0.0103800
0.0125227
0.0130141
0.0114384
0.0085452
0.0050616
0.0013024
-0.0015567
-0.0036500
-0.0058265
-0.0080818
-0.0097367
-0.0106548
-0.0118797
-0.0139193
-0.0172495
-0.0216542
-0.0264251
-0.0306133
-0.0323392
-0.0305609
-0.0256564
-0.0188912
-0.0106130
-0.0007641
0.0096255
0.0192913
0.0270448
0.0332714
0.0388480
0.0430978
0.0450188
0.0436663
0.0401174
0.0367075
0.0337059
0.0304096
0.0266179
0.0227154
0.0192471
0.0171617
0.0178433
0.0214343
0.0272187
0.0334402
0.0381833
0.0413797
0.0436183
0.0444338
0.0422472
0.0369122
0.0302281
0.0238213
0.0183979
0.0137387
0.0090966
0.0050905
0.0027725
0.0020864
0.0036490
0.0081800
0.0144383
0.0211818
0.0276431
0.0321317
0.0344895
0.0366557
0.0390945
0.0414458
0.0438728
0.0458871
0.0471673
0.0471846
0.0449146
0.0400931
0.0338328
0.0268637
0.0193272
0.0107749
0.0017107
-0.0057899
-0.0113966
-0.0161431
-0.0210139
-0.0247537
-0.0246841
-0.0214168
-0.0176500
-0.0147835
-0.0127095
-0.0113878
-0.0111119
-0.0112093
-0.0108469
-0.0086236
-0.0038740
0.0025079
0.0102005
0.0189007
0.0275853
0.0352774
0.0419547
0.0474895
0.0503861
0.0505377
0.0504247
0.0516325
0.0546872
0.0587606
0.0622234
0.0647590
0.0655955
0.0641797
0.0605141
0.0552804
0.0494238
0.0423158
0.0335312
0.0233972
0.0134753
0.0049635
-0.0032439
-0.0113526
-0.0188353
-0.0257789
-0.0317063
-0.0360237
-0.0396624
-0.0443012
-0.0505899
-0.0575223
-0.0632615
-0.0664056
-0.0656153
-0.0608423
-0.0534718
-0.0447008
-0.0358305
-0.0275752
-0.0196780
-0.0113445
-0.0030352
0.0031016
0.0065266
0.0075830
0.0072276
0.0062116
0.0041138
0.0017476
0.0007392
0.0019237
0.0041365
0.0065075
0.0094685
0.0113602
0.0101173
0.0063385
0.0017881
-0.0013362
-0.0019570
-0.0011389
0.0005215
0.0027904
0.0043613
0.0031491
-0.0016243
-0.0076802
-0.0136072
-0.0203119
-0.0274481
-0.0331706
-0.0365124
-0.0387084
-0.0401985
-0.0406820
-0.0411595
-0.0425810
-0.0460536
-0.0514527
-0.0572276
-0.0624363
-0.0668711
-0.0702313
-0.0724342
-0.0742086
-0.0754667
-0.0760493
-0.0760862
-0.0760423
-0.0771215
-0.0805501
-0.0867809
-0.0941705
-0.1009973
-0.1060974
-0.1092835
-0.1115809
-0.1118884
-0.1080421
-0.1009322
-0.0926323
-0.0833557
-0.0738915
-0.0660800
-0.0598837
-0.0535286
-0.0455270
-0.0356295
-0.0241470
-0.0120527
0.0000485
0.0121011
0.0233466
0.0334568
0.0408941
0.0440265
0.0428312
0.0376798
0.0305922
0.0235841
0.0172334
0.0117354
0.0072318
0.0037561
0.0017458
0.0017126
0.0031928
0.0050439
0.0058095
0.0052533
0.0043324
0.0040554
0.0049339
0.0065793
0.0092515
0.0136691
0.0193805
0.0260743
0.0325759
0.0371232
0.0406867
0.0444729
0.0479765
0.0506681
0.0527247
0.0549905
0.0577552
0.0605718
0.0633972
0.0657235
0.0665183
0.0658163
0.0644977
0.0613385
0.0549934
0.0478476
0.0419277
0.0369955
0.0326178
0.0294176
0.0285211
0.0287929
0.0285377
0.0278462
0.0281336
0.0301207
0.0322851
0.0336084
0.0346156
0.0359296
0.0375931
0.0391466
0.0406629
0.0429172
0.0459572
0.0487036
0.0510725
0.0540858
0.0568804
0.0582193
0.0574766
0.0541267
0.0498683
0.0460224
0.0423907
0.0389332
0.0357614
0.0328290
0.0294581
0.0253634
0.0211869
0.0167314
0.0107402
0.0035110
-0.0036786
-0.0107761
-0.0189207
-0.0282551
-0.0368130
-0.0430492
-0.0465881
-0.0476776
-0.0461313
-0.0413693
-0.0345237
-0.0274927
-0.0210908
-0.0150700
-0.0092581
-0.0040446
0.0013911
0.0074208
0.0125813
0.0163797
0.0202693
0.0259159
0.0321095
0.0366670
0.0396216
0.0416316
0.0425638
0.0423970
0.0411964
0.0384223
0.0342870
0.0304791
0.0285606
0.0282674
0.0282590
0.0277541
0.0261130
0.0229340
0.0186898
0.0134608
0.0076782
0.0029388
-0.0000220
-0.0011581
-0.0002706
0.0023280
0.0056400
0.0083042
0.0098150
0.0109484
0.0120326
0.0123509
0.0120551
0.0114784
0.0090947
0.0034913
-0.0046571
-0.0133474
-0.0200690
-0.0237984
-0.0253749
-0.0266178
-0.0286549
-0.0308627
-0.0338543
-0.0384324
-0.0429372
-0.0445111
-0.0416267
-0.0351567
-0.0269951
-0.0187749
-0.0107629
-0.0024270
0.0064394
0.0166782
0.0279356
0.0387055
0.0490232
0.0584718
0.0657320
0.0696708
0.0697616
0.0672350
0.0630760
0.0569716
0.0488099
0.0397060
0.0314175
0.0246669
0.0189363
0.0133617
0.0078627
0.0024763
-0.0027258
-0.0071620
-0.0104585
-0.0117116
-0.0101780
-0.0071623
-0.0043817
-0.0035302
-0.0055414
-0.0089542
-0.0119954
-0.0135486
-0.0131526
-0.0106754
-0.0060902
0.0001448
0.0066791
0.0115748
0.0140197
0.0139119
0.0116499
0.0087922
0.0060076
0.0038776
0.0042506
0.0069408
0.0108191
0.0149492
0.0174559
0.0174909
0.0153868
0.0126820
0.0104782
0.0084370
0.0061826
0.0030702
-0.0006639
-0.0041705
-0.0070657
-0.0093671
-0.0122634
-0.0168389
-0.0220623
-0.0259065
-0.0276752
-0.0273158
-0.0251858
-0.0217523
-0.0162193
-0.0085545
-0.0005614
0.0064543
0.0132064
0.0196813
0.0242490
0.0263389
0.0261418
0.0236179
0.0187133
0.0118289
0.0042918
-0.0026397
-0.0091171
-0.0160139
-0.0231314
-0.0290322
-0.0327574
-0.0350480
-0.0365589
-0.0362090
-0.0333036
-0.0286041
-0.0233989
-0.0183194
-0.0125248
-0.0059483
0.0005075
0.0070976
0.0144426
0.0212516
0.0267850
0.0322819
0.0380690
0.0436087
0.0469717
0.0470618
0.0449171
0.0416383
0.0379037
0.0334383
0.0286262
0.0250525
0.0232920
0.0218423
0.0188967
0.0141240
0.0083064
0.0029527
-0.0004566
-0.0019821
-0.0024494
-0.0020512
-0.0006876
0.0013107
0.0035729
0.0058886
0.0080504
0.0106868
0.0142280
0.0182823
0.0227651
0.0272046
0.0299170
0.0297732
0.0281209
0.0269198
0.0262571
0.0250352
0.0224385
0.0195214
0.0175372
0.0160612
0.0147071
0.0136470
0.0137854
0.0156086
0.0182541
0.0206677
0.0222479
0.0225430
0.0212980
0.0189231
0.0162626
0.0134938
0.0092958
0.0030597
-0.0042604
-0.0115435
-0.0188359
-0.0269783
-0.0350512
-0.0419326
-0.0478649
-0.0529029
-0.0568547
-0.0591092
-0.0586761
-0.0559440
-0.0523869
-0.0486256
-0.0440677
-0.0388173
-0.0345637
-0.0319159
-0.0303691
-0.0301993
-0.0317459
-0.0341095
-0.0362864
-0.0386695
-0.0409561
-0.0425350
-0.0439910
-0.0458707
-0.0481244
-0.0496633
-0.0496230
-0.0487112
-0.0487663
-0.0510169
-0.0545711
-0.0579868
-0.0608196
-0.0639454
-0.0679410
-0.0720815
-0.0758229
-0.0788339
-0.0809735
-0.0824818
-0.0836487
-0.0837678
-0.0820890
-0.0795559
-0.0768198
-0.0737034
-0.0701647
-0.0654284
-0.0590696
-0.0523693
-0.0457883
-0.0388459
-0.0315404
-0.0235444
-0.0147279
-0.0053639
0.0041879
0.0124519
0.0179856
0.0220062
0.0262291
0.0302840
0.0320013
0.0299144
0.0252900
0.0204414
0.0170308
0.0146773
0.0113612
0.0065885
0.0026095
0.0006391
-0.0012002
-0.0039132
-0.0067424
-0.0095479
-0.0122036
-0.0136721
-0.0139341
-0.0147549
-0.0160732
-0.0157541
-0.0132685
-0.0099405
-0.0063445
-0.0019108
0.0036245
0.0102262
0.0174199
0.0239419
0.0290314
0.0335853
0.0378772
0.0404314
0.0406561
0.0398602
0.0397729
0.0402839
0.0398885
0.0382051
0.0359166
0.0337496
0.0314852
0.0283344
0.0241923
0.0196162
0.0154182
0.0119826
0.0089821
0.0066647
0.0057459
0.0062802
0.0080811
0.0104644
0.0130179
0.0152703
0.0170721
0.0194663
0.0237548
0.0306450
0.0382779
0.0437637
0.0467333
0.0490054
0.0517941
0.0543950
0.0554117
0.0548276
0.0534472
0.0518495
0.0502538
0.0474385
0.0423914
0.0357999
0.0288029
0.0219467
0.0147430
0.0075311
0.0022250
-0.0005875
-0.0023097
-0.0040181
-0.0051133
-0.0050114
-0.0047766
-0.0057077
-0.0079026
-0.0098483
-0.0101812
-0.0095132
-0.0093232
-0.0103728
-0.0121151
-0.0126484
-0.0104186
-0.0062046
-0.0014740
0.0041655
0.0117101
0.0203259
0.0283174
0.0347025
0.0403457
0.0460942
0.0505272
0.0536815
0.0566426
0.0588882
0.0591651
0.0564537
0.0515264
0.0448249
0.0360777
0.0267757
0.0185531
0.0117965
0.0053679
-0.0012940
-0.0065363
-0.0097042
-0.0126290
-0.0172779
-0.0234457
-0.0296669
-0.0342325
-0.0357493
-0.0341219
-0.0303651
-0.0258142
-0.0208724
-0.0158803
-0.0119675
-0.0097095
-0.0080938
-0.0054840
-0.0018323
0.0016088
0.0038570
0.0041192
0.0024765
0.0002295
-0.0019034
-0.0045647
-0.0084840
-0.0131364
-0.0173101
-0.0209052
-0.0245873
-0.0284778
-0.0319757
-0.0342825
-0.0351178
-0.0341365
-0.0316709
-0.0290311
-0.0263239
-0.0232580
-0.0205517
-0.0187194
-0.0179285
-0.0179969
-0.0169390
-0.0123109
-0.0044867
0.0044225
0.0132556
0.0212321
0.0276518
0.0325655
0.0356648
0.0362195
0.0360660
0.0383257
0.0430467
0.0482247
0.0524341
0.0552965
0.0565327
0.0559426
0.0537683
0.0507088
0.0485101
0.0483750
0.0492466
0.0495171
0.0489481
0.0478382
0.0453506
0.0406954
0.0343572
0.0273281
0.0209172
0.0155762
0.0099290
0.0024491
-0.0060308
-0.0133217
-0.0182593
-0.0206066
-0.0210417
-0.0208584
-0.0201946
-0.0183541
-0.0152658
-0.0117321
-0.0091080
-0.0078788
-0.0071746
-0.0058180
-0.0037617
-0.0025905
-0.0036074
-0.0067432
-0.0112906
-0.0171717
-0.0243575
-0.0318857
-0.0389508
-0.0448480
-0.0490049
-0.0513057
-0.0519170
-0.0510680
-0.0490585
-0.0466098
-0.0443049
-0.0423424
-0.0407723
-0.0391027
-0.0373174
-0.0359697
-0.0350804
-0.0347375
-0.0349371
-0.0352985
-0.0354181
-0.0352408
-0.0352644
-0.0356901
-0.0358653
-0.0358142
-0.0357682
-0.0351564
-0.0344440
-0.0340835
-0.0333661
-0.0316977
-0.0292662
-0.0265383
-0.0232852
-0.0191360
-0.0142439
-0.0093931
-0.0055242
-0.0022217
0.0017993
0.0067913
0.0122064
0.0173763
0.0215285
0.0252089
0.0291523
0.0317071
0.0318688
0.0308981
0.0299075
0.0286197
0.0264796
0.0235174
0.0197477
0.0161986
0.0130673
0.0087742
0.0033854
-0.0015181
-0.0049083
-0.0072933
-0.0095967
-0.0118327
-0.0135852
-0.0142547
-0.0142057
-0.0141841
-0.0141799
-0.0135646
-0.0118674
-0.0099386
-0.0088136
-0.0082788
-0.0079919
-0.0076742
-0.0063229
-0.0039232
-0.0016296
-0.0003388
0.0003062
0.0015985
0.0033742
0.0042997
0.0049349
0.0065272
0.0083950
0.0095880
0.0102234
0.0108490
0.0119323
0.0131797
0.0140895
0.0159321
0.0198601
0.0241223
0.0267967
0.0283694
0.0300193
0.0310581
0.0303334
0.0283334
0.0254584
0.0220995
0.0191689
0.0168172
0.0152011
0.0155684
0.0176429
0.0185047
0.0171536
0.0145827
0.0117174
0.0095382
0.0074331
0.0044727
0.0006949
-0.0032714
-0.0064735
-0.0087435
-0.0105967
-0.0121573
-0.0121242
-0.0093918
-0.0050331
-0.0004652
0.0040252
0.0078037
0.0096494
0.0095486
0.0092085
0.0096985
0.0104516
0.0108379
0.0108896
0.0115479
0.0133670
0.0156333
0.0174333
0.0189728
0.0211974
0.0241338
0.0266316
0.0272628
0.0258233
0.0232461
0.0204238
0.0179359
0.0155897
0.0129158
0.0101831
0.0082835
0.0072391
0.0058225
0.0040655
0.0021089
-0.0006842
-0.0035306
-0.0061988
-0.0087762
-0.0102529
-0.0104092
-0.0098397
-0.0086901
-0.0060231
-0.0012612
0.0041873
0.0081351
0.0099001
0.0099704
0.0082414
0.0052064
0.0019404
-0.0013333
-0.0048192
-0.0086674
-0.0126518
-0.0165682
-0.0202968
-0.0232515
-0.0251134
-0.0266941
-0.0286900
-0.0310028
-0.0337553
-0.0365290
-0.0383665
-0.0387471
-0.0374204
-0.0345348
-0.0308226
-0.0271115
-0.0229941
-0.0184762
-0.0142835
-0.0096182
-0.0040787
0.0014086
0.0068002
0.0124053
0.0171205
0.0207066
0.0238957
0.0267433
0.0292783
0.0304907
0.0299109
0.0284705
0.0265363
0.0239292
0.0206246
0.0170199
0.0133240
0.0094115
0.0048791
0.0001988
-0.0035796
-0.0065040
-0.0089713
-0.0118065
-0.0150036
-0.0178135
-0.0199773
-0.0213356
-0.0217481
-0.0209625
-0.0195126
-0.0177205
-0.0163789
-0.0166824
-0.0181482
-0.0196091
-0.0203203
-0.0201901
-0.0197832
-0.0188437
-0.0161444
-0.0120470
-0.0080600
-0.0055805
-0.0044488
-0.0032897
-0.0021351
-0.0017544
-0.0022448
-0.0030796
-0.0044627
-0.0066382
-0.0085979
-0.0095217
-0.0101576
-0.0119359
-0.0150147
-0.0187443
-0.0221325
-0.0238231
-0.0237301
-0.0223650
-0.0199195
-0.0170747
-0.0140122
-0.0106575
-0.0071424
-0.0032642
0.0004090
0.0033597
0.0058273
0.0072798
0.0073431
0.0071978
0.0070027
0.0059157
0.0042711
0.0021114
-0.0003936
-0.0031353
-0.0068782
-0.0116183
-0.0171082
-0.0232875
-0.0292263
-0.0340943
-0.0388462
-0.0445900
-0.0501324
-0.0540653
-0.0569486
-0.0598805
-0.0629621
-0.0649958
-0.0653289
-0.0648825
-0.0647038
-0.0643944
-0.0624741
-0.0591599
-0.0559319
-0.0528942
-0.0489608
-0.0442374
-0.0400337
-0.0357401
-0.0308679
-0.0266240
-0.0236756
-0.0216967
-0.0200994
-0.0189574
-0.0177434
-0.0158561
-0.0130961
-0.0094372
-0.0058344
-0.0032979
-0.0016732
-0.0000963
0.0006184
-0.0005569
-0.0023915
-0.0035687
-0.0036028
-0.0020411
0.0011441
0.0049502
0.0080974
0.0111062
0.0148767
0.0184940
0.0210922
0.0225667
0.0230608
0.0235750
0.0251690
0.0271400
0.0281061
0.0277300
0.0262695
0.0244831
0.0231070
0.0218844
0.0203157
0.0185766
0.0169318
0.0152208
0.0132483
0.0107998
0.0073728
0.0029849
-0.0011995
-0.0037237
-0.0051021
-0.0062466
-0.0064820
-0.0053673
-0.0035122
-0.0021798
-0.0016763
-0.0010486
0.0008708
0.0053463
0.0109766
0.0135825
0.0116737
0.0070620
0.0028006
0.0014952
0.0028872
0.0050709
0.0071489
0.0095925
0.0123644
0.0152057
0.0183896
0.0216740
0.0247345
0.0275215
0.0304272
0.0334240
0.0363688
0.0389387
0.0403882
0.0409253
0.0406578
0.0394932
0.0374394
0.0346884
0.0321579
0.0308765
0.0311322
0.0324981
0.0348494
0.0381429
0.0415348
0.0440751
0.0458484
0.0473567
0.0480227
0.0470532
0.0442806
0.0401084
0.0361870
0.0327899
0.0287700
0.0241246
0.0194578
0.0158704
0.0138847
0.0125607
0.0107959
0.0086246
0.0064877
0.0045235
0.0028534
0.0020350
0.0030535
0.0048876
0.0057057
0.0061223
0.0073686
0.0088802
0.0086833
0.0067386
0.0055529
0.0065068
0.0090442
0.0113996
0.0118950
0.0110577
0.0107755
0.0112660
0.0115885
0.0110737
0.0093373
0.0076122
0.0073488
0.0073290
0.0059413
0.0038045
0.0024778
0.0024625
0.0029080
0.0036574
0.0053671
0.0080559
0.0111908
0.0142736
0.0170857
0.0199245
0.0229254
0.0254064
0.0274788
0.0298277
0.0319374
0.0331297
0.0334763
0.0331221
0.0315181
0.0286753
0.0257076
0.0231583
0.0205969
0.0179034
0.0159154
0.0144939
0.0127891
0.0106564
0.0082129
0.0055986
0.0028754
0.0004554
-0.0013204
-0.0029227
-0.0046651
-0.0060871
-0.0064973
-0.0060023
-0.0057540
-0.0060549
-0.0063606
-0.0065224
-0.0055488
-0.0036737
-0.0035642
-0.0061063
-0.0092712
-0.0115846
-0.0134752
-0.0157980
-0.0196744
-0.0247163
-0.0284372
-0.0304277
-0.0318647
-0.0332022
-0.0340560
-0.0330367
-0.0302223
-0.0273754
-0.0255490
-0.0235223
-0.0209969
-0.0192600
-0.0175627
-0.0155268
-0.0141860
-0.0138193
-0.0142404
-0.0155070
-0.0176251
-0.0199690
-0.0220120
-0.0240392
-0.0259255
-0.0268961
-0.0268952
-0.0268555
-0.0271449
-0.0274839
-0.0277612
-0.0270559
-0.0252810
-0.0237042
-0.0232096
-0.0238955
-0.0244864
-0.0251676
-0.0268500
-0.0288387
-0.0304261
-0.0307970
-0.0302347
-0.0297057
-0.0298736
-0.0311854
-0.0330745
-0.0342414
-0.0348800
-0.0359870
-0.0360198
-0.0334208
-0.0287743
-0.0236996
-0.0185162
-0.0122904
-0.0063271
-0.0022840
0.0008336
0.0044838
0.0081668
0.0105955
0.0117695
0.0123773
0.0123502
0.0109875
0.0081790
0.0045159
0.0008034
-0.0031550
-0.0075609
-0.0112735
-0.0143914
-0.0169240
-0.0177593
-0.0174043
-0.0173046
-0.0176791
-0.0175526
-0.0163445
-0.0148793
-0.0137553
-0.0120507
-0.0092480
-0.0061205
-0.0031723
-0.0004300
0.0017125
0.0029344
0.0031055
0.0030584
0.0045462
0.0073367
0.0095565
0.0102735
0.0105988
0.0119630
0.0139221
0.0145562
0.0132961
0.0119555
0.0109970
0.0099366
0.0084515
0.0063166
0.0046101
0.0040943
0.0044637
0.0056858
0.0073123
0.0081432
0.0083125
0.0078890
0.0067781
0.0056454
0.0043971
0.0024672
-0.0002198
-0.0025680
-0.0045916
-0.0074981
-0.0109813
-0.0131657
-0.0130097
-0.0120723
-0.0121768
-0.0131362
-0.0135421
-0.0124751
-0.0106315
-0.0093039
-0.0085729
-0.0081867
-0.0076358
-0.0073999
-0.0086484
-0.0100631
-0.0106287
-0.0118768
-0.0141618
-0.0165104
-0.0181873
-0.0184379
-0.0177395
-0.0165807
-0.0144685
-0.0113512
-0.0074678
-0.0034277
0.0002140
0.0038521
0.0077020
0.0115013
0.0144678
0.0166367
0.0189737
0.0206197
0.0203580
0.0186057
0.0160542
0.0128826
0.0098095
0.0077567
0.0059164
0.0033541
0.0004688
-0.0026198
-0.0054196
-0.0070281
-0.0075756
-0.0073785
-0.0065322
-0.0050840
-0.0032003
-0.0014115
0.0000309
0.0014206
0.0028952
0.0042150
0.0054500
0.0068330
0.0076668
0.0074633
0.0071851
0.0073554
0.0076953
0.0079585
0.0081943
0.0085845
0.0086045
0.0079432
0.0071273
0.0064360
0.0056582
0.0047043
0.0035182
0.0018342
0.0001887
-0.0010536
-0.0026616
-0.0043538
-0.0055693
-0.0063678
-0.0068494
-0.0070048
-0.0063421
-0.0050200
-0.0036656
-0.0026188
-0.0016863
-0.0004579
0.0013880
0.0040473
0.0071015
0.0100576
0.0127044
0.0151514
0.0172880
0.0176728
0.0157488
0.0125535
0.0089616
0.0056818
0.0022784
-0.0017345
-0.0058465
-0.0098241
-0.0136157
-0.0169998
-0.0197361
-0.0214018
-0.0220581
-0.0220248
-0.0216727
-0.0208826
-0.0188094
-0.0155771
-0.0116968
-0.0076979
-0.0039034
-0.0001086
0.0035203
0.0060957
0.0069583
0.0072033
0.0078701
0.0084435
0.0084948
0.0085828
0.0096195
0.0112730
0.0124815
0.0132427
0.0146522
0.0168733
0.0189807
0.0208661
0.0223595
0.0231583
0.0239496
0.0251586
0.0264821
0.0277387
0.0288305
0.0294660
0.0294422
0.0294011
0.0300741
0.0311512
0.0320329
0.0321352
0.0316766
0.0316331
0.0321881
0.0331743
0.0342540
0.0352966
0.0359939
0.0361371
0.0366063
0.0373599
0.0377034
0.0378119
0.0384853
0.0400415
0.0415670
0.0422957
0.0424350
0.0419304
0.0404297
0.0387334
0.0379522
0.0382070
0.0381013
0.0363559
0.0341657
0.0324323
0.0311330
0.0308273
0.0306419
0.0298025
0.0290610
0.0286450
0.0280258
0.0267834
0.0250819
0.0235083
0.0228720
0.0231397
0.0234827
0.0233850
0.0230358
0.0226473
0.0215204
0.0193793
0.0169604
0.0150201
0.0134957
0.0120562
0.0104955
0.0090071
0.0082148
0.0082826
0.0084784
0.0081559
0.0076961
0.0074521
0.0073732
0.0073224
0.0075673
0.0082262
0.0089688
0.0093562
0.0090670
0.0087133
0.0087264
0.0086024
0.0081909
0.0080091
0.0084221
0.0089516
0.0091666
0.0095696
0.0097886
0.0090686
0.0080700
0.0069912
0.0053401
0.0032591
0.0013672
0.0007812
0.0013940
0.0017223
0.0014860
0.0011256
0.0006474
-0.0002733
-0.0017897
-0.0035543
-0.0056053
-0.0081164
-0.0109467
-0.0141682
-0.0171199
-0.0187301
-0.0197469
-0.0209120
-0.0216236
-0.0217879
-0.0218868
-0.0226799
-0.0239484
-0.0247796
-0.0254478
-0.0261629
-0.0268095
-0.0276590
-0.0280737
-0.0271832
-0.0257132
-0.0244435
-0.0230703
-0.0215211
-0.0198263
-0.0178551
-0.0160159
-0.0147003
-0.0137219
-0.0130027
-0.0128166
-0.0129452
-0.0126058
-0.0118136
-0.0113213
-0.0116913
-0.0122724
-0.0121194
-0.0123145
-0.0138337
-0.0156290
-0.0168938
-0.0181236
-0.0192132
-0.0195082
-0.0191750
-0.0189913
-0.0193848
-0.0196990
-0.0195906
-0.0194576
-0.0194702
-0.0195313
-0.0195737
-0.0195758
-0.0195533
-0.0196040
-0.0195175
-0.0194510
-0.0195978
-0.0200101
-0.0212677
-0.0231258
-0.0246306
-0.0258934
-0.0276572
-0.0299862
-0.0324722
-0.0349290
-0.0373189
-0.0393544
-0.0411644
-0.0432867
-0.0452976
-0.0467439
-0.0479789
-0.0486055
-0.0483777
-0.0479792
-0.0474057
-0.0463196
-0.0448275
-0.0429885
-0.0409983
-0.0389120
-0.0363355
-0.0333320
-0.0305775
-0.0280935
-0.0253952
-0.0232928
-0.0219865
-0.0204141
-0.0186745
-0.0174063
-0.0166000
-0.0153816
-0.0130335
-0.0098744
-0.0067561
-0.0045263
-0.0031141
-0.0025532
-0.0031116
-0.0041145
-0.0052423
-0.0071477
-0.0096999
-0.0115707
-0.0126480
-0.0138416
-0.0156336
-0.0178197
-0.0194633
-0.0198192
-0.0187915
-0.0175108
-0.0167522
-0.0157228
-0.0145396
-0.0135378
-0.0124778
-0.0114322
-0.0100480
-0.0079908
-0.0057413
-0.0038401
-0.0026347
-0.0022726
-0.0022789
-0.0019599
-0.0003366
0.0022852
0.0041008
0.0046358
0.0048343
0.0052438
0.0056185
0.0057048
0.0050453
0.0030951
0.0004500
-0.0017821
-0.0034729
-0.0051914
-0.0069338
-0.0083558
-0.0096947
-0.0107325
-0.0106938
-0.0096366
-0.0081624
-0.0068997
-0.0056717
-0.0042293
-0.0033040
-0.0033060
-0.0036109
-0.0034775
-0.0031535
-0.0022761
-0.0007221
0.0007286
0.0024489
0.0045335
0.0061460
0.0072483
0.0085229
0.0105869
0.0134719
0.0157817
0.0164337
0.0164093
0.0169857
0.0177200
0.0174107
0.0163938
0.0156628
0.0142708
0.0110100
0.0065097
0.0017080
-0.0028820
-0.0069429
-0.0100441
-0.0121060
-0.0133593
-0.0132498
-0.0118113
-0.0103096
-0.0095056
-0.0086272
-0.0073555
-0.0059918
-0.0041262
-0.0019889
0.0000379
0.0019116
0.0035357
0.0046280
0.0048683
0.0047407
0.0049082
0.0053119
0.0057946
0.0066987
0.0083017
0.0103061
0.0122666
0.0136877
0.0148175
0.0156466
0.0150520
0.0137144
0.0133727
0.0136723
0.0131230
0.0120943
0.0116214
0.0115880
0.0113648
0.0105646
0.0098733
0.0094927
0.0080941
0.0053574
0.0026283
0.0006957
-0.0009209
-0.0027281
-0.0043890
-0.0056461
-0.0063086
-0.0067070
-0.0074019
-0.0079045
-0.0075377
-0.0068158
-0.0067483
-0.0072406
-0.0078949
-0.0083864
-0.0081946
-0.0071413
-0.0061552
-0.0060874
-0.0065536
-0.0070961
-0.0074193
-0.0074637
-0.0071815
-0.0070146
-0.0074244
-0.0066581
-0.0032968
0.0014162
0.0056674
0.0079485
0.0079942
0.0078217
0.0093821
0.0119950
0.0130784
0.0118642
0.0104739
0.0099181
0.0092783
0.0084332
0.0077798
0.0070582
0.0064568
0.0067105
0.0077605
0.0086809
0.0088005
0.0077890
0.0059401
0.0047076
0.0042411
0.0033159
0.0018724
0.0005703
-0.0006271
-0.0019134
-0.0026798
-0.0025372
-0.0019828
-0.0011811
0.0001654
0.0014752
0.0029416
0.0052750
0.0074990
0.0090157
0.0099815
0.0111170
0.0132752
0.0159271
0.0179946
0.0192698
0.0201066
0.0202541
0.0194828
0.0183313
0.0169335
0.0147100
0.0120280
0.0098478
0.0079181
0.0055729
0.0030617
0.0013417
0.0009534
0.0014644
0.0026028
0.0041095
0.0059112
0.0081412
0.0107939
0.0138342
0.0165090
0.0184040
0.0199251
0.0215673
0.0234419
0.0250549
0.0259859
0.0266561
0.0276054
0.0286642
0.0292219
0.0294851
0.0299495
0.0299274
0.0289952
0.0274151
0.0255831
0.0238103
0.0220680
0.0200023
0.0174162
0.0149130
0.0133813
0.0126802
0.0115633
0.0094760
0.0070253
0.0051647
0.0039655
0.0024519
0.0004519
-0.0015540
-0.0029583
-0.0032632
-0.0029053
-0.0028152
-0.0035636
-0.0047427
-0.0056467
-0.0057970
-0.0052302
-0.0043334
-0.0034557
-0.0033313
-0.0038144
-0.0039366
-0.0039400
-0.0042942
-0.0046210
-0.0049394
-0.0053477
-0.0056431
-0.0058716
-0.0062730
-0.0070522
-0.0076880
-0.0080289
-0.0090659
-0.0111401
-0.0134569
-0.0149383
-0.0151673
-0.0149115
-0.0149163
-0.0152621
-0.0153501
-0.0142719
-0.0120728
-0.0097569
-0.0084116
-0.0077630
-0.0068307
-0.0052389
-0.0035841
-0.0028149
-0.0021773
-0.0012843
-0.0006776
-0.0006180
-0.0018059
-0.0037730
-0.0049371
-0.0047564
-0.0040667
-0.0031767
-0.0018405
-0.0007228
-0.0005028
-0.0005943
0.0001868
0.0016727
0.0024715
0.0022971
0.0020498
0.0021406
0.0025074
0.0029377
0.0035196
0.0044427
0.0050897
0.0055834
0.0068417
0.0083409
0.0088315
0.0084593
0.0086604
0.0099169
0.0113528
0.0120391
0.0119767
0.0117154
0.0114979
0.0116823
0.0117521
0.0108337
0.0094158
0.0082462
0.0071675
0.0056473
0.0041210
0.0035852
0.0039422
0.0042829
0.0043015
0.0050380
0.0071798
0.0096294
0.0114981
0.0130778
0.0147341
0.0166156
0.0186869
0.0204209
0.0211354
0.0213211
0.0220263
0.0225380
0.0214415
0.0193022
0.0174104
0.0155418
0.0129371
0.0098702
0.0076084
0.0063393
0.0047842
0.0025281
0.0002855
-0.0012800
-0.0023447
-0.0032647
-0.0037969
-0.0039213
-0.0041694
-0.0044722
-0.0040009
-0.0026904
-0.0013403
-0.0004381
0.0002912
0.0012322
0.0022727
0.0030035
0.0031569
0.0023899
0.0010750
0.0006780
0.0018159
0.0036335
0.0045106
0.0039944
0.0036190
0.0038780
0.0037927
0.0027612
0.0011048
-0.0000920
-0.0010803
-0.0024491
-0.0037002
-0.0047396
-0.0056818
-0.0063183
-0.0061260
-0.0048719
-0.0031948
-0.0019473
-0.0011900
-0.0006392
-0.0002280
0.0003966
0.0018251
0.0035535
0.0043053
0.0044653
0.0050324
0.0058995
0.0064054
0.0063268
0.0059900
0.0056290
0.0057023
0.0063244
0.0071065
0.0079614
0.0083266
0.0076501
0.0064258
0.0052190
0.0040424
0.0024307
0.0010825
0.0013698
0.0028337
0.0038021
0.0037848
0.0038857
0.0044064
0.0048222
0.0052890
0.0059345
0.0058244
0.0046401
0.0039195
0.0040417
0.0037322
0.0030095
0.0027878
0.0031775
0.0035710
0.0031384
0.0020610
0.0011129
0.0000478
-0.0012998
-0.0030414
-0.0051077
-0.0065870
-0.0068537
-0.0064017
-0.0062658
-0.0065791
-0.0067796
-0.0063562
-0.0060191
-0.0065759
-0.0073642
-0.0078737
-0.0087001
-0.0102471
-0.0119065
-0.0130811
-0.0137028
-0.0145503
-0.0154843
-0.0155518
-0.0153647
-0.0153599
-0.0158040
-0.0169519
-0.0179900
-0.0185050
-0.0187437
-0.0194017
-0.0209565
-0.0227053
-0.0239156
-0.0247099
-0.0249050
-0.0242277
-0.0235995
-0.0235036
-0.0231206
-0.0220169
-0.0207411
-0.0197195
-0.0188847
-0.0180015
-0.0166253
-0.0149438
-0.0132107
-0.0113611
-0.0098229
-0.0083824
-0.0071531
-0.0069718
-0.0072669
-0.0072548
-0.0070642
-0.0071203
-0.0079113
-0.0092655
-0.0105738
-0.0114950
-0.0125874
-0.0145857
-0.0165467
-0.0172737
-0.0173579
-0.0179648
-0.0188265
-0.0189580
-0.0178982
-0.0160084
-0.0147003
-0.0147283
-0.0152515
-0.0153583
-0.0150985
-0.0148019
-0.0146114
-0.0142537
-0.0133815
-0.0128398
-0.0128410
-0.0124553
-0.0113307
-0.0100170
-0.0093522
-0.0091874
-0.0082134
-0.0059373
-0.0034384
-0.0017994
-0.0016344
-0.0015547
-0.0005235
0.0002119
0.0003786
0.0002677
0.0001010
0.0006299
0.0018845
0.0028054
0.0027810
0.0025024
0.0031354
0.0049349
0.0067538
0.0072109
0.0067497
0.0073786
0.0094138
0.0110932
0.0117504
0.0127203
0.0142264
0.0155450
0.0170290
0.0181168
0.0180650
0.0175299
0.0174177
0.0177708
0.0179103
0.0177796
0.0171997
0.0157774
0.0140056
0.0127105
0.0120225
0.0112785
0.0102736
0.0096146
0.0098712
0.0108222
0.0117757
0.0119620
0.0110043
0.0097730
0.0090992
0.0087362
0.0082055
0.0076561
0.0072521
0.0067651
0.0066169
0.0073273
0.0086985
0.0100248
0.0108255
0.0117038
0.0127956
0.0134254
0.0135015
0.0133106
0.0133424
0.0136020
0.0135259
0.0128792
0.0113692
0.0092390
0.0074397
0.0063162
0.0055798
0.0045868
0.0030967
0.0013442
-0.0002403
-0.0012232
-0.0017885
-0.0019036
-0.0012015
-0.0002741
0.0000362
-0.0002056
-0.0002352
0.0007428
0.0020362
0.0023603
0.0018974
0.0015934
0.0018745
0.0025887
0.0034878
0.0041142
0.0040380
0.0034501
0.0027041
0.0019946
0.0016082
0.0009095
-0.0007261
-0.0022764
-0.0034414
-0.0046658
-0.0059123
-0.0073476
-0.0087631
-0.0095607
-0.0095440
-0.0092757
-0.0086306
-0.0072953
-0.0061159
-0.0055614
-0.0052143
-0.0044678
-0.0032768
-0.0023150
-0.0019015
-0.0014013
-0.0003598
0.0012233
0.0030332
0.0042347
0.0054051
0.0077078
0.0104227
0.0126142
0.0143488
0.0163101
0.0182012
0.0189902
0.0191662
0.0188138
0.0175862
0.0167620
0.0168915
0.0168913
0.0161555
0.0153852
0.0150698
0.0144489
0.0132293
0.0121236
0.0116619
0.0119134
0.0128224
0.0137512
0.0134407
0.0119903
0.0112864
0.0117896
0.0123853
0.0124819
0.0121440
0.0119041
0.0119926
0.0122146
0.0119279
0.0105386
0.0087219
0.0074080
0.0064464
0.0057248
0.0053535
0.0049614
0.0042933
0.0032120
0.0016076
-0.0001081
-0.0017381
-0.0030804
-0.0040118
-0.0057096
-0.0084700
-0.0113200
-0.0134337
-0.0147290
-0.0156719
-0.0161271
-0.0160217
-0.0154361
-0.0146074
-0.0137613
-0.0126999
-0.0113314
-0.0100095
-0.0093863
-0.0100280
-0.0114048
-0.0119368
-0.0115618
-0.0111447
-0.0109494
-0.0112964
-0.0116340
-0.0112856
-0.0105945
-0.0096798
-0.0090788
-0.0093372
-0.0097715
-0.0099158
-0.0095654
-0.0086658
-0.0078826
-0.0075471
-0.0071742
-0.0062914
-0.0050569
-0.0042111
-0.0040886
-0.0043790
-0.0045673
-0.0044075
-0.0041770
-0.0043554
-0.0052533
-0.0064697
-0.0074421
-0.0078458
-0.0077245
-0.0077577
-0.0085897
-0.0100045
-0.0107787
-0.0102639
-0.0093141
-0.0089841
-0.0094544
-0.0102921
-0.0108475
-0.0107847
-0.0108550
-0.0112857
-0.0111117
-0.0096807
-0.0075896
-0.0057864
-0.0046268
-0.0044586
-0.0043995
-0.0033173
-0.0018681
-0.0013926
-0.0020528
-0.0024730
-0.0021288
-0.0017964
-0.0017734
-0.0018815
-0.0017671
-0.0011721
-0.0008612
-0.0012652
-0.0011545
-0.0001833
0.0002680
-0.0005241
-0.0015327
-0.0011328
0.0003927
0.0010818
0.0005353
-0.0000190
-0.0000314
0.0002127
0.0006942
0.0016288
0.0026204
0.0033921
0.0039249
0.0039121
0.0036526
0.0035739
0.0037380
0.0038491
0.0037028
0.0035936
0.0035832
0.0036546
0.0035918
0.0035898
0.0037481
0.0037040
0.0037106
0.0035302
0.0025091
0.0006552
-0.0012159
-0.0020477
-0.0014666
-0.0001485
0.0006820
0.0004250
-0.0000726
-0.0000502
0.0002148
0.0003889
-0.0003546
-0.0021582
-0.0037766
-0.0046796
-0.0057005
-0.0072380
-0.0089666
-0.0106320
-0.0114819
-0.0116402
-0.0122038
-0.0131387
-0.0139564
-0.0141605
-0.0135235
-0.0129391
-0.0128206
-0.0125461
-0.0117226
-0.0110454
-0.0110482
-0.0107665
-0.0095337
-0.0073541
-0.0054440
-0.0047499
-0.0037749
-0.0018540
0.0004255
0.0021947
0.0029180
0.0033572
0.0039900
0.0044369
0.0044332
0.0043236
0.0036598
0.0019005
0.0002906
-0.0000193
0.0006640
0.0012316
0.0012862
0.0008595
-0.0000611
-0.0005399
-0.0001510
0.0011257
0.0028481
0.0036380
0.0032656
0.0027113
0.0024997
0.0021542
0.0013653
0.0002142
-0.0007697
-0.0008270
-0.0004354
-0.0002327
-0.0003217
-0.0005135
-0.0004935
-0.0002161
0.0005211
0.0016635
0.0027598
0.0035276
0.0039857
0.0045195
0.0052131
0.0048218
0.0029426
0.0014184
0.0012814
0.0010908
0.0000035
0.0000828
0.0031317
0.0075401
0.0107099
0.0120908
0.0122938
0.0117330
0.0116500
0.0125181
0.0128095
0.0122692
0.0116764
0.0112981
0.0111324
0.0111397
0.0106531
0.0096224
0.0085926
0.0072346
0.0057018
0.0039128
0.0019889
0.0004613
-0.0007444
-0.0020309
-0.0034865
-0.0042228
-0.0039365
-0.0036252
-0.0037643
-0.0039593
-0.0041660
-0.0041238
-0.0038060
-0.0037474
-0.0033760
-0.0020472
-0.0001981
0.0017518
0.0032682
0.0038991
0.0046084
0.0064767
0.0087689
0.0104121
0.0112707
0.0113268
0.0115470
0.0131469
0.0149712
0.0155829
0.0151208
0.0145163
0.0146341
0.0151452
0.0149903
0.0138253
0.0129299
0.0126896
0.0124218
0.0122935
0.0121099
0.0115541
0.0111592
0.0119414
0.0139888
0.0165656
0.0193379
0.0214767
0.0231667
0.0253926
0.0271226
0.0275762
0.0270477
0.0263728
0.0263616
0.0265595
0.0257563
0.0239507
0.0223096
0.0207950
0.0193081
0.0181359
0.0166392
0.0142065
0.0112575
0.0086964
0.0064450
0.0035966
-0.0000295
-0.0040186
-0.0071113
-0.0082711
-0.0078961
-0.0074255
-0.0076911
-0.0074611
-0.0057038
-0.0026273
0.0004748
0.0022338
0.0028231
0.0029709
0.0036368
0.0050189
0.0058339
0.0058881
0.0054874
0.0046730
0.0040557
0.0032427
0.0016712
0.0002508
-0.0003498
-0.0002441
0.0000524
-0.0000427
-0.0000189
0.0010050
0.0028292
0.0041873
0.0049236
0.0058927
0.0072509
0.0084726
0.0090330
0.0088234
0.0080161
0.0067702
0.0049101
0.0030527
0.0013927
-0.0004938
-0.0023534
-0.0044487
-0.0063387
-0.0073080
-0.0078182
-0.0078656
-0.0073862
-0.0064893
-0.0052088
-0.0043280
-0.0039845
-0.0035346
-0.0023935
-0.0007016
0.0001391
-0.0002766
-0.0011178
-0.0022221
-0.0036544
-0.0047091
-0.0055232
-0.0074049
-0.0102279
-0.0127612
-0.0145062
-0.0156756
-0.0166860
-0.0173855
-0.0169728
-0.0159697
-0.0152585
-0.0142088
-0.0125011
-0.0112180
-0.0106151
-0.0098418
-0.0090940
-0.0086487
-0.0085165
-0.0081745
-0.0067040
-0.0047011
-0.0035064
-0.0033544
-0.0036593
-0.0037469
-0.0037190
-0.0047323
-0.0068374
-0.0085090
-0.0084095
-0.0072432
-0.0060763
-0.0043945
-0.0020064
0.0001733
0.0018569
0.0033406
0.0043288
0.0044771
0.0034600
0.0016015
-0.0002921
-0.0022702
-0.0052662
-0.0090205
-0.0121933
-0.0142453
-0.0158008
-0.0175068
-0.0188658
-0.0193321
-0.0182183
-0.0163104
-0.0149965
-0.0137898
-0.0123176
-0.0109737
-0.0100213
-0.0092489
-0.0083874
-0.0072366
-0.0057610
-0.0043350
-0.0040756
-0.0046421
-0.0046644
-0.0044744
-0.0042539
-0.0048720
-0.0068205
-0.0083920
-0.0090319
-0.0094769
-0.0103701
-0.0114144
-0.0118754
-0.0118049
-0.0114875
-0.0114806
-0.0118001
-0.0121165
-0.0130112
-0.0146704
-0.0158842
-0.0160159
-0.0162749
-0.0170407
-0.0175173
-0.0176547
-0.0171532
-0.0162961
-0.0155449
-0.0145399
-0.0138202
-0.0136345
-0.0131577
-0.0122489
-0.0117219
-0.0119540
-0.0124813
-0.0135204
-0.0151471
-0.0166272
-0.0185271
-0.0210073
-0.0227627
-0.0232463
-0.0232399
-0.0239022
-0.0250221
-0.0255438
-0.0250702
-0.0238562
-0.0228314
-0.0221755
-0.0214438
-0.0206027
-0.0191562
-0.0171472
-0.0151264
-0.0129075
-0.0103636
-0.0078855
-0.0052962
-0.0026235
-0.0009048
-0.0004517
-0.0006806
-0.0007792
-0.0004780
-0.0002042
-0.0001969
-0.0002976
-0.0003739
-0.0004888
-0.0004504
-0.0003513
-0.0004257
-0.0005117
-0.0008709
-0.0013621
-0.0011129
-0.0003693
0.0002450
0.0010606
0.0019587
0.0028058
0.0038345
0.0051062
0.0071554
0.0095819
0.0119895
0.0143031
0.0156616
0.0162346
0.0170455
0.0179400
0.0174644
0.0154748
0.0140914
0.0145143
0.0153722
0.0154877
0.0149495
0.0144893
0.0144456
0.0137562
0.0121420
0.0108228
0.0104611
0.0100756
0.0086283
0.0069946
0.0065042
0.0070033
0.0074518
0.0074424
0.0077084
0.0087182
0.0100194
0.0111217
0.0119658
0.0124671
0.0128814
0.0137887
0.0145975
0.0147094
0.0144026
0.0135261
0.0124004
0.0113651
0.0096993
0.0078418
0.0066469
0.0056383
0.0042979
0.0030789
0.0025663
0.0021213
0.0010365
-0.0003368
-0.0011950
-0.0010733
-0.0010027
-0.0021705
-0.0040053
-0.0050612
-0.0053948
-0.0064744
-0.0080537
-0.0086793
-0.0082179
-0.0077348
-0.0075425
-0.0069576
-0.0059239
-0.0048079
-0.0041463
-0.0043655
-0.0046259
-0.0039841
-0.0023959
-0.0005938
-0.0000071
-0.0005435
-0.0004322
0.0010532
0.0031418
0.0036038
0.0018308
0.0004374
0.0001438
0.0005100
0.0016860
0.0024190
0.0019846
0.0014636
0.0019653
0.0031013
0.0040463
0.0050666
0.0062472
0.0073370
0.0085508
0.0097686
0.0103037
0.0102386
0.0105020
0.0109185
0.0107154
0.0101691
0.0100213
0.0103186
0.0106123
0.0109338
0.0116298
0.0123741
0.0125854
0.0123133
0.0121012
0.0122714
0.0125121
0.0124812
0.0123112
0.0121944
0.0123389
0.0124353
0.0122719
0.0123716
0.0124463
0.0126590
0.0136084
0.0145207
0.0145984
0.0142635
0.0140325
0.0138022
0.0131384
0.0119371
0.0109689
0.0107698
0.0108324
0.0103329
0.0092741
0.0083646
0.0078031
0.0071277
0.0058425
0.0040828
0.0030307
0.0031103
0.0035400
0.0035990
0.0032743
0.0034332
0.0039976
0.0043114
0.0047506
0.0050729
0.0049111
0.0048423
0.0048129
0.0049624
0.0055818
0.0058133
0.0053256
0.0053820
0.0063872
0.0073002
0.0082917
0.0096676
0.0106104
0.0110773
0.0116185
0.0123085
0.0125557
0.0120398
0.0120342
0.0129325
0.0132653
0.0122313
0.0106351
0.0095498
0.0088541
0.0082037
0.0075697
0.0071401
0.0069647
0.0063014
0.0049857
0.0035265
0.0021667
0.0005615
-0.0008932
-0.0013301
-0.0017936
-0.0023436
-0.0018551
-0.0006321
0.0005084
0.0013133
0.0024220
0.0041171
0.0059308
0.0070182
0.0071054
0.0075059
0.0084708
0.0089129
0.0087195
0.0083826
0.0081874
0.0074388
0.0055208
0.0031444
0.0010069
-0.0005015
-0.0009447
-0.0006909
-0.0005490
-0.0008242
-0.0012130
-0.0010621
0.0001041
0.0019406
0.0034165
0.0042728
0.0045750
0.0049825
0.0061765
0.0075895
0.0087044
0.0088181
0.0083045
0.0082721
0.0086319
0.0088625
0.0092935
0.0097272
0.0092612
0.0086891
0.0085714
0.0087515
0.0090315
0.0090029
0.0087865
0.0084962
0.0084977
0.0085329
0.0072677
0.0052030
0.0041680
0.0041768
0.0037685
0.0021148
0.0004557
-0.0002303
-0.0009770
-0.0023007
-0.0032440
-0.0031921
-0.0029656
-0.0036075
-0.0047475
-0.0056602
-0.0063593
-0.0067682
-0.0070337
-0.0070047
-0.0062128
-0.0053211
-0.0048356
-0.0042627
-0.0032987
-0.0017751
-0.0000407
0.0009332
0.0009849
0.0015693
0.0035847
0.0053118
0.0053049
0.0044179
0.0041205
0.0049105
0.0061656
0.0068961
0.0066197
0.0051661
0.0030842
0.0019815
0.0024232
0.0028657
0.0020742
0.0007676
0.0001408
0.0006042
0.0015236
0.0023690
0.0028789
0.0027402
0.0024896
0.0028451
0.0039198
0.0053109
0.0065007
0.0068966
0.0067308
0.0066194
0.0061054
0.0049071
0.0031801
0.0013124
-0.0003975
-0.0018869
-0.0033585
-0.0054091
-0.0074219
-0.0085675
-0.0089816
-0.0095663
-0.0112789
-0.0129199
-0.0133506
-0.0137676
-0.0145682
-0.0149182
-0.0153170
-0.0161230
-0.0167205
-0.0163123
-0.0148714
-0.0137511
-0.0132083
-0.0129951
-0.0132093
-0.0129798
-0.0119264
-0.0108793
-0.0102576
-0.0097807
-0.0091947
-0.0087301
-0.0088203
-0.0089652
-0.0087580
-0.0085321
-0.0084455
-0.0085092
-0.0085122
-0.0084860
-0.0087341
-0.0099547
-0.0118192
-0.0129482
-0.0138759
-0.0154830
-0.0174699
-0.0192228
-0.0200221
-0.0198531
-0.0196485
-0.0199225
-0.0202343
-0.0204508
-0.0204947
-0.0202741
-0.0203228
-0.0204726
-0.0203168
-0.0203372
-0.0204135
-0.0204147
-0.0214116
-0.0233003
-0.0244565
-0.0243095
-0.0245050
-0.0261984
-0.0281774
-0.0294680
-0.0305249
-0.0316415
-0.0320593
-0.0316865
-0.0314601
-0.0317880
-0.0320232
-0.0312217
-0.0291454
-0.0268808
-0.0255330
-0.0249628
-0.0241250
-0.0221903
-0.0203275
-0.0197227
-0.0198689
-0.0190240
-0.0169527
-0.0157937
-0.0154580
-0.0144293
-0.0129128
-0.0119670
-0.0121765
-0.0127823
-0.0126391
-0.0121921
-0.0121074
-0.0121279
-0.0122877
-0.0123135
-0.0121149
-0.0121093
-0.0120567
-0.0114184
-0.0104442
-0.0102920
-0.0105005
-0.0095110
-0.0076650
-0.0058918
-0.0046509
-0.0040303
-0.0029620
-0.0012468
0.0003938
0.0021956
0.0041352
0.0058002
0.0065730
0.0064219
0.0064464
0.0072858
0.0084854
0.0091291
0.0093888
0.0098838
0.0101340
0.0100706
0.0107539
0.0125949
0.0142883
0.0145821
0.0138657
0.0134835
0.0138888
0.0142442
0.0143323
0.0145012
0.0148108
0.0149254
0.0143873
0.0142756
0.0159931
0.0181447
0.0186518
0.0178391
0.0172193
0.0173724
0.0178588
0.0180827
0.0178092
0.0176086
0.0176787
0.0175167
0.0167009
0.0150397
0.0135481
0.0133512
0.0139364
0.0142198
0.0139012
0.0134280
0.0134104
0.0138368
0.0145065
0.0154286
0.0161307
0.0166243
0.0172428
0.0177697
0.0180524
0.0184048
0.0191029
0.0192478
0.0182771
0.0174201
0.0173367
0.0165983
0.0147504
0.0135134
0.0136774
0.0141999
0.0133397
0.0110264
0.0093278
0.0089346
0.0084698
0.0074175
0.0071460
0.0079461
0.0083563
0.0079802
0.0072314
0.0063151
0.0056991
0.0058940
0.0062766
0.0059394
0.0048673
0.0038348
0.0039781
0.0051647
0.0067967
0.0085910
0.0100441
0.0109614
0.0114119
0.0118594
0.0128792
0.0145392
0.0160921
0.0168559
0.0172325
0.0174906
0.0175167
0.0174979
0.0175260
0.0170584
0.0156849
0.0140512
0.0133541
0.0136894
0.0137403
0.0123520
0.0101854
0.0090708
0.0087430
0.0075578
0.0062212
0.0061730
0.0067016
0.0065075
0.0055020
0.0041947
0.0027702
0.0019156
0.0020084
0.0023836
0.0024662
0.0022055
0.0019817
0.0020741
0.0027328
0.0038590
0.0044956
0.0042813
0.0040247
0.0045541
0.0057050
0.0064046
0.0063220
0.0063604
0.0068964
0.0072701
0.0072131
0.0066441
0.0063358
0.0071984
0.0083480
0.0086492
0.0082067
0.0078859
0.0078730
0.0073731
0.0064983
0.0062401
0.0061161
0.0049506
0.0030099
0.0019040
0.0024128
0.0031686
0.0030921
0.0025240
0.0020925
0.0021655
0.0023091
0.0022265
0.0015848
0.0001003
-0.0011654
-0.0013316
-0.0012294
-0.0016566
-0.0021859
-0.0024186
-0.0022249
-0.0020130
-0.0025985
-0.0042089
-0.0058882
-0.0065207
-0.0068790
-0.0080094
-0.0093702
-0.0098169
-0.0094702
-0.0097583
-0.0109241
-0.0118381
-0.0121696
-0.0126830
-0.0131937
-0.0131318
-0.0129600
-0.0128281
-0.0118660
-0.0098213
-0.0080903
-0.0074170
-0.0074289
-0.0075541
-0.0070860
-0.0063741
-0.0064904
-0.0072711
-0.0072218
-0.0059633
-0.0048615
-0.0049213
-0.0058476
-0.0072541
-0.0086941
-0.0093702
-0.0095212
-0.0103492
-0.0120369
-0.0133102
-0.0133026
-0.0126099
-0.0126618
-0.0138963
-0.0148137
-0.0141448
-0.0128467
-0.0119697
-0.0110243
-0.0094686
-0.0077123
-0.0061718
-0.0043426
-0.0023489
-0.0012914
-0.0012134
-0.0007870
0.0007277
0.0024992
0.0031122
0.0024911
0.0019890
0.0020180
0.0018721
0.0014689
0.0008091
-0.0004335
-0.0016873
-0.0027936
-0.0041504
-0.0053082
-0.0062861
-0.0077550
-0.0090276
-0.0091610
-0.0090174
-0.0096646
-0.0111303
-0.0121216
-0.0113159
-0.0094057
-0.0080172
-0.0073882
-0.0065492
-0.0055327
-0.0051636
-0.0054117
-0.0056468
-0.0053341
-0.0043564
-0.0032542
-0.0025440
-0.0018882
-0.0011039
-0.0009464
-0.0016230
-0.0022348
-0.0020829
-0.0015627
-0.0014047
-0.0016006
-0.0017712
-0.0018578
-0.0022528
-0.0031683
-0.0037392
-0.0035957
-0.0038050
-0.0047573
-0.0053699
-0.0047867
-0.0033934
-0.0020937
-0.0015742
-0.0014062
-0.0004017
0.0014672
0.0027421
0.0028170
0.0032569
0.0050721
0.0072203
0.0087144
0.0095168
0.0098150
0.0097337
0.0096585
0.0098876
0.0099504
0.0088938
0.0067423
0.0048722
0.0037402
0.0028853
0.0024614
0.0018003
0.0004238
-0.0001491
0.0005133
0.0005216
-0.0009260
-0.0022189
-0.0020637
-0.0012442
-0.0010405
-0.0012622
-0.0009769
0.0004452
0.0022223
0.0030058
0.0035861
0.0050572
0.0065939
0.0069834
0.0064459
0.0061333
0.0064152
0.0067966
0.0068516
0.0065917
0.0064414
0.0064912
0.0060134
0.0045488
0.0028872
0.0021025
0.0016591
0.0002572
-0.0013836
-0.0020917
-0.0028986
-0.0042767
-0.0051316
-0.0050662
-0.0046819
-0.0046422
-0.0049225
-0.0051277
-0.0050520
-0.0049303
-0.0043868
-0.0028678
-0.0012518
-0.0006829
-0.0010368
-0.0013976
-0.0012777
-0.0009836
-0.0006937
0.0001838
0.0019032
0.0028347
0.0012871
-0.0011121
-0.0019797
-0.0016158
-0.0017478
-0.0031034
-0.0046156
-0.0052530
-0.0050518
-0.0046853
-0.0047526
-0.0052416
-0.0059146
-0.0067905
-0.0076430
-0.0081324
-0.0086745
-0.0093292
-0.0094864
-0.0093385
-0.0099451
-0.0116965
-0.0133104
-0.0136280
-0.0131000
-0.0126318
-0.0128706
-0.0133528
-0.0133045
-0.0132355
-0.0140453
-0.0157535
-0.0171230
-0.0174326
-0.0175592
-0.0182112
-0.0188877
-0.0189392
-0.0187255
-0.0184740
-0.0177492
-0.0170222
-0.0168749
-0.0168562
-0.0162061
-0.0148287
-0.0136340
-0.0128957
-0.0118078
-0.0103409
-0.0094490
-0.0091055
-0.0081228
-0.0064421
-0.0053327
-0.0049873
-0.0040690
-0.0020773
-0.0001006
0.0006227
0.0005135
0.0009991
0.0019322
0.0024053
0.0022717
0.0019707
0.0020492
0.0023058
0.0023698
0.0022705
0.0021920
0.0021967
0.0021781
0.0021802
0.0023400
0.0030383
0.0040210
0.0043809
0.0040316
0.0036954
0.0037304
0.0039709
0.0041024
0.0039867
0.0041357
0.0048843
0.0060032
0.0071262
0.0079501
0.0087344
0.0095292
0.0098540
0.0097989
0.0096575
0.0098127
0.0101932
0.0097520
0.0086977
0.0080025
0.0078511
0.0081607
0.0080002
0.0067987
0.0054209
0.0045582
0.0043278
0.0045042
0.0041475
0.0030111
0.0021265
0.0020431
0.0024618
0.0026901
0.0024526
0.0022090
0.0027962
0.0045210
0.0061231
0.0070209
0.0079567
0.0092806
0.0110537
0.0127718
0.0136741
0.0141166
0.0152671
0.0169104
0.0176643
0.0173719
0.0171146
0.0178066
0.0192445
0.0201596
0.0197698
0.0187051
0.0178606
0.0173211
0.0159719
0.0129223
0.0098890
0.0088049
0.0087436
0.0081815
0.0070182
0.0060446
0.0054373
0.0047677
0.0043672
0.0044429
0.0045565
0.0046071
0.0050950
0.0059811
0.0064174
0.0061523
0.0058285
0.0059426
0.0061501
0.0062250
0.0062880
0.0061823
0.0059980
0.0054624
0.0045764
0.0040219
0.0035750
0.0028663
0.0024109
0.0025011
0.0026922
0.0024121
0.0014693
0.0002543
-0.0008076
-0.0013984
-0.0014436
-0.0014993
-0.0022093
-0.0035398
-0.0048330
-0.0053427
-0.0052300
-0.0051933
-0.0052226
-0.0054357
-0.0057405
-0.0056949
-0.0053918
-0.0043309
-0.0026819
-0.0017250
-0.0017533
-0.0022907
-0.0022629
-0.0008606
0.0011533
0.0023204
0.0023187
0.0024968
0.0030672
0.0028172
0.0020027
0.0015776
0.0012030
0.0000878
-0.0011220
-0.0018312
-0.0027230
-0.0039759
-0.0053296
-0.0063691
-0.0063284
-0.0053490
-0.0048120
-0.0052100
-0.0055824
-0.0055084
-0.0049937
-0.0041075
-0.0032844
-0.0031258
-0.0037911
-0.0047400
-0.0054419
-0.0057307
-0.0062168
-0.0072788
-0.0084941
-0.0092576
-0.0091755
-0.0092505
-0.0106234
-0.0126347
-0.0139548
-0.0147442
-0.0159586
-0.0168356
-0.0167012
-0.0164036
-0.0164073
-0.0166539
-0.0169144
-0.0168649
-0.0168175
-0.0173939
-0.0183579
-0.0188338
-0.0182113
-0.0168838
-0.0162570
-0.0167243
-0.0171056
-0.0166143
-0.0157957
-0.0154140
-0.0148403
-0.0135762
-0.0126757
-0.0127682
-0.0132433
-0.0132975
-0.0130965
-0.0137188
-0.0152316
-0.0162866
-0.0165097
-0.0165752
-0.0167213
-0.0167990
-0.0162389
-0.0148559
-0.0137356
-0.0135808
-0.0136402
-0.0141038
-0.0132865
-0.0114051
-0.0094087
-0.0080920
-0.0071650
-0.0065280
-0.0058590
-0.0043419
-0.0025630
-0.0016630
-0.0009986
0.0002627
0.0015780
0.0019934
0.0018196
0.0024057
0.0038467
0.0050068
0.0049689
0.0040424
0.0035095
0.0036128
0.0035122
0.0033579
0.0037308
0.0042430
0.0043157
0.0041492
0.0045786
0.0056189
0.0062750
0.0061542
0.0064118
0.0079517
0.0099285
0.0115107
0.0129861
0.0147904
0.0168022
0.0187713
0.0205561
0.0220335
0.0233311
0.0245071
0.0250641
0.0248789
0.0245965
0.0247871
0.0249650
0.0244006
0.0239202
0.0242484
0.0249182
0.0250427
0.0240714
0.0226416
0.0215569
0.0209941
0.0208168
0.0209171
0.0209671
0.0207486
0.0205941
0.0205754
0.0205811
0.0205521
0.0205434
0.0205147
0.0204024
0.0204376
0.0208811
0.0217223
0.0219141
0.0209405
0.0198883
0.0192595
0.0184346
0.0171298
0.0161880
0.0158235
0.0148024
0.0130840
0.0119935
0.0113422
0.0098701
0.0076104
0.0054217
0.0040052
0.0030365
0.0017846
0.0008820
0.0003989
-0.0007142
-0.0023740
-0.0033493
-0.0030292
-0.0025637
-0.0027023
-0.0030113
-0.0032257
-0.0032478
-0.0031021
-0.0029668
-0.0025435
-0.0012159
0.0003868
0.0010437
0.0005875
-0.0003535
-0.0015233
-0.0027005
-0.0032846
-0.0038165
-0.0051881
-0.0067293
-0.0078146
-0.0090521
-0.0101948
-0.0106386
-0.0112271
-0.0122469
-0.0132606
-0.0139671
-0.0137779
-0.0125730
-0.0108194
-0.0096470
-0.0099550
-0.0106674
-0.0104969
-0.0096700
-0.0088734
-0.0086590
-0.0086738
-0.0082663
-0.0075060
-0.0065676
-0.0059686
-0.0060296
-0.0062437
-0.0062752
-0.0060543
-0.0058494
-0.0058666
-0.0059693
-0.0063567
-0.0068333
-0.0070279
-0.0072232
-0.0080537
-0.0091763
-0.0096437
-0.0094622
-0.0087404
-0.0079039
-0.0075669
-0.0077422
-0.0080978
-0.0080988
-0.0073485
-0.0062485
-0.0057274
-0.0058716
-0.0061439
-0.0056108
-0.0039639
-0.0024285
-0.0020605
-0.0027021
-0.0029543
-0.0019787
-0.0007368
-0.0002101
-0.0004254
-0.0008882
-0.0013872
-0.0020086
-0.0023529
-0.0021593
-0.0019771
-0.0020407
-0.0021925
-0.0022671
-0.0027700
-0.0041640
-0.0053518
-0.0056591
-0.0053425
-0.0050415
-0.0052051
-0.0054737
-0.0055453
-0.0053177
-0.0053258
-0.0061354
-0.0068860
-0.0064808
-0.0053939
-0.0048553
-0.0051183
-0.0055465
-0.0055341
-0.0051398
-0.0049407
-0.0051619
-0.0059336
-0.0073472
-0.0084688
-0.0083653
-0.0078770
-0.0084347
-0.0100460
-0.0113529
-0.0114628
-0.0114486
-0.0125166
-0.0138953
-0.0142851
-0.0136980
-0.0133489
-0.0134507
-0.0135067
-0.0136603
-0.0134814
-0.0131756
-0.0131457
-0.0130534
-0.0129873
-0.0130807
-0.0138109
-0.0150163
-0.0156524
-0.0155028
-0.0150030
-0.0145926
-0.0140741
-0.0132008
-0.0122429
-0.0115313
-0.0113245
-0.0113864
-0.0113514
-0.0110599
-0.0106926
-0.0103438
-0.0095828
-0.0085879
-0.0076978
-0.0074471
-0.0085080
-0.0096402
-0.0093707
-0.0079905
-0.0067215
-0.0066259
-0.0076502
-0.0087505
-0.0093527
-0.0094018
-0.0090013
-0.0089195
-0.0088161
-0.0081464
-0.0072862
-0.0063548
-0.0058863
-0.0060134
-0.0060422
-0.0054560
-0.0045600
-0.0036375
-0.0028979
-0.0026767
-0.0023190
-0.0012964
0.0000266
0.0006942
0.0004671
0.0001721
0.0002659
0.0006298
0.0007809
0.0006859
0.0012821
0.0026158
0.0036085
0.0037034
0.0030683
0.0024207
0.0021119
0.0019725
0.0017117
0.0011443
0.0006947
0.0007375
0.0009601
0.0010430
0.0010213
0.0009718
0.0013665
0.0025667
0.0037365
0.0039322
0.0035380
0.0033958
0.0036012
0.0038335
0.0039428
0.0039134
0.0038075
0.0037673
0.0038041
0.0039797
0.0043711
0.0050307
0.0058452
0.0063083
0.0062791
0.0061154
0.0060864
0.0061304
0.0062348
0.0064943
0.0072589
0.0084421
0.0089206
0.0084666
0.0080098
0.0080858
0.0083896
0.0084645
0.0081846
0.0076132
0.0069217
0.0062027
0.0057212
0.0057001
0.0058322
0.0057903
0.0056676
0.0055426
0.0054693
0.0055462
0.0055892
0.0055456
0.0055320
0.0054874
0.0052373
0.0044525
0.0035653
0.0036338
0.0042639
0.0046957
0.0050542
0.0052443
0.0052143
0.0051424
0.0051505
0.0051921
0.0052361
0.0052976
0.0052095
0.0051647
0.0052451
0.0051756
0.0048446
0.0040505
0.0030807
0.0027529
0.0030428
0.0032626
0.0031888
0.0029174
0.0024736
0.0019213
0.0014300
0.0012887
0.0014918
0.0016963
0.0018360
0.0020642
0.0024028
0.0027971
0.0030504
0.0030198
0.0028521
0.0029126
0.0033940
0.0039156
0.0041083
0.0040382
0.0042377
0.0048299
0.0050679
0.0048327
0.0047076
0.0047211
0.0047406
0.0048125
0.0048230
0.0046618
0.0045569
0.0046428
0.0046138
0.0045120
0.0045006
0.0044425
0.0044087
0.0045792
0.0050773
0.0058526
0.0063005
0.0060978
0.0057750
0.0059660
0.0065624
0.0068800
0.0065846
0.0058875
0.0054504
0.0055623
0.0057678
0.0057895
0.0059003
0.0064414
0.0070477
0.0071866
0.0069878
0.0066951
0.0063517
0.0058172
0.0051486
0.0048858
0.0049701
0.0046713
0.0037910
0.0030346
0.0029594
0.0032172
0.0033170
0.0031353
0.0029087
0.0028799
0.0029341
0.0029504
0.0029295
0.0028468
0.0029097
0.0031311
0.0032206
0.0032436
0.0034621
0.0038866
0.0041742
0.0041074
0.0038794
0.0037746
0.0038210
0.0038486
0.0037880
0.0036764
0.0035923
0.0035671
0.0035242
0.0034574
0.0034067
0.0033274
0.0033030
0.0032845
0.0031909
0.0031437
0.0030871
0.0030472
0.0030107
0.0029075
0.0028722
0.0028475
0.0027522
0.0027034
0.0026757
0.0025969
0.0025320
0.0025140
0.0023750
0.0018788
0.0012542
0.0009913
0.0011001
0.0010026
0.0004332
-0.0001398
-0.0002613
-0.0000105
0.0001301
-0.0000124
-0.0001579
-0.0001629
-0.0001309
-0.0001061
-0.0001281
-0.0001911
-0.0002014
-0.0002051
-0.0002245
-0.0002274
-0.0002396
-0.0002627
-0.0002746
-0.0002842
-0.0004013
-0.0007502
-0.0011396
-0.0011585
-0.0007128
-0.0001962
-0.0000723
-0.0002666
-0.0002866
0.0001264
0.0006116
0.0007080
0.0005415
0.0003691
0.0002500
0.0001240
-0.0000912
-0.0002956
-0.0003749
-0.0004151
-0.0006642
-0.0010730
-0.0012638
-0.0012165
-0.0013277
-0.0017064
-0.0019332
-0.0018226
-0.0017056
-0.0018555
-0.0021925
-0.0024164
-0.0023401
-0.0021336
-0.0020757
-0.0021859
-0.0023872
-0.0026067
-0.0026730
-0.0025371
-0.0024028
-0.0023629
-0.0023502
-0.0023406
-0.0022746
-0.0021721
-0.0021231
-0.0020827
-0.0020233
-0.0019650
-0.0019107
-0.0018607
-0.0017863
-0.0017357
-0.0016843
-0.0015412
-0.0013698
-0.0012741
-0.0013046
-0.0014140
-0.0014495
-0.0013369
-0.0011199
-0.0008814
-0.0007313
-0.0007158
-0.0007362
-0.0006975
-0.0005358
-0.0002882
-0.0001336
-0.0001443
-0.0002025
-0.0001962
-0.0001202
-0.0000549
-0.0000881
-0.0001621
-0.0001982
-0.0001482
-0.0000588
-0.0000147
0.0000116
0.0000211
0.0000251
0.0000422
0.0000547
0.0000676
0.0001168
0.0002317
0.0003590
0.0004046
0.0003715
0.0003387
0.0003510
0.0003869
0.0004027
0.0003976
0.0003818
0.0003334
0.0002423
0.0001636
0.0001495
0.0001876
0.0002183
0.0002121
0.0001895
0.0001918
0.0002203
0.0002211
0.0002172
0.0002014
0.0001273
0.0000455
0.0000321
0.0000837
0.0000922
0.0000033
-0.0000832
-0.0000966
-0.0000896
-0.0001159
-0.0001504
-0.0001400
-0.0000997
-0.0000662
-0.0000380
0.0000032
0.0000673
0.0001244
0.0001509
0.0001599
0.0001680
0.0001969
0.0002666
0.0003322
0.0003454
0.0003394
0.0003703
0.0004330
0.0004680
0.0004721
0.0004810
0.0005232
0.0005943
0.0006244
0.0006128
0.0006102
0.0006215
0.0006491
0.0006740
0.0006740
0.0006767
0.0006931
0.0006986
0.0006865
0.0006706
0.0006710
0.0006770
0.0006665
0.0006413
0.0006190
0.0006097
0.0005996
0.0005841
0.0005642
0.0005327
0.0004866
0.0004415
0.0004132
0.0003949
0.0003670
0.0003202
0.0002795
0.0002623
0.0002478
0.0002158
0.0001802
0.0001575
0.0001464
0.0001376
0.0001249
0.0001083
0.0000900
0.0000807
0.0000711
0.0000568
0.0000458
0.0000378
0.0000318
0.0000258
0.0000178
0.0000032
-0.0000137
-0.0000239
-0.0000342
-0.0000481
-0.0000592
-0.0000715
-0.0000822
-0.0000895
-0.0000982
-0.0001095
-0.0001206
-0.0001280
-0.0001375
-0.0001486
-0.0001586
-0.0001708
-0.0001816
-0.0001901
-0.0002017
-0.0002149
-0.0002260
-0.0002361
-0.0002458
-0.0002535
-0.0002605
-0.0002681
-0.0002776
-0.0002877
-0.0002966
-0.0003041
-0.0003097
-0.0003150
-0.0003211
-0.0003276
-0.0003346
-0.0003415
-0.0003471
-0.0003528
-0.0003568
-0.0003610
-0.0003676
-0.0003732
-0.0003773
-0.0003804
-0.0003836
-0.0003880
-0.0003927
-0.0003967
-0.0003999
-0.0004036
-0.0004075
-0.0004117
-0.0004151
-0.0004179
-0.0004214
-0.0004254
-0.0004286
-0.0004315
-0.0004347
-0.0004377
-0.0004407
-0.0004440
-0.0004471
-0.0004498
-0.0004522
-0.0004548
-0.0004578
-0.0004603
-0.0004627
-0.0004652
-0.0004673
-0.0004694
-0.0004715
-0.0004734
-0.0004752
-0.0004769
-0.0004785
-0.0004799
-0.0004813
-0.0004826
-0.0004837
-0.0004847
-0.0004857
-0.0004865
-0.0004872
-0.0004878
-0.0004883
-0.0004887
-0.0004890
-0.0004892
-0.0004893
-0.0004892
-0.0004891
-0.0004889
-0.0004885
