-0.0069516
-0.0072106
-0.0018976
0.0045801
0.0033562
0.0032104
0.0031547
0.0031928
0.0032762
0.0033777
0.0035002
0.0036769
0.0038937
0.0040952
0.0042081
0.0041821
0.0040175
0.0038006
0.0036162
0.0034786
0.0033717
0.0033910
0.0037788
0.0046911
0.0058657
0.0067051
0.0067540
0.0061121
0.0052636
0.0045529
0.0040373
0.0037175
0.0035761
0.0035159
0.0034336
0.0032922
0.0030782
0.0028137
0.0025485
0.0023227
0.0021676
0.0020874
0.0020437
0.0020009
0.0019426
0.0018862
0.0018530
0.0018435
0.0019107
0.0021304
0.0024542
0.0027711
0.0030226
0.0031766
0.0031937
0.0030790
0.0028674
0.0025860
0.0022714
0.0019457
0.0016274
0.0013820
0.0012150
0.0010386
0.0007803
0.0004760
0.0002317
0.0000823
-0.0000503
-0.0002475
-0.0004760
-0.0006374
-0.0007202
-0.0007929
-0.0009109
-0.0011101
-0.0014177
-0.0017996
-0.0021752
-0.0024557
-0.0025983
-0.0026589
-0.0027251
-0.0027862
-0.0027463
-0.0025901
-0.0024231
-0.0022505
-0.0019029
-0.0013416
-0.0008047
-0.0005379
-0.0005576
-0.0006855
-0.0007159
-0.0005540
-0.0003904
-0.0005458
-0.0009531
-0.0012331
-0.0013014
-0.0014237
-0.0016494
-0.0017525
-0.0017559
-0.0017662
-0.0016675
-0.0014564
-0.0012596
-0.0010593
-0.0007739
-0.0004465
-0.0002122
-0.0000466
0.0001872
0.0004817
0.0008253
0.0012543
0.0016277
0.0018278
0.0019846
0.0021184
0.0019939
0.0015753
0.0011979
0.0011403
0.0012170
0.0011226
0.0009353
0.0008543
0.0008724
0.0008916
0.0008520
0.0006609
0.0002142
-0.0003988
-0.0010400
-0.0017264
-0.0023186
-0.0024569
-0.0021431
-0.0018591
-0.0018479
-0.0017617
-0.0013983
-0.0011662
-0.0013638
-0.0016461
-0.0015698
-0.0013040
-0.0011717
-0.0009378
-0.0003710
0.0002845
0.0008008
0.0013675
0.0020776
0.0025023
0.0023080
0.0016995
0.0012393
0.0012709
0.0015241
0.0017658
0.0022443
0.0030030
0.0036971
0.0039764
0.0034901
0.0022936
0.0009776
0.0001020
0.0000371
0.0008778
0.0019809
0.0024273
0.0021440
0.0017571
0.0017331
0.0019859
0.0019371
0.0012617
0.0004913
0.0003344
0.0007211
0.0010133
0.0007558
0.0000788
-0.0004599
-0.0006209
-0.0007159
-0.0009565
-0.0009968
-0.0002655
0.0010899
0.0019291
0.0012662
-0.0004604
-0.0017828
-0.0018624
-0.0009790
0.0001345
0.0009117
0.0012768
0.0013905
0.0011202
0.0002891
-0.0007776
-0.0017512
-0.0026907
-0.0038076
-0.0052381
-0.0065988
-0.0072760
-0.0074551
-0.0077613
-0.0084500
-0.0092542
-0.0096933
-0.0097851
-0.0095865
-0.0089149
-0.0080437
-0.0073087
-0.0067022
-0.0060123
-0.0046742
-0.0023394
0.0004741
0.0026983
0.0036542
0.0034461
0.0025453
0.0015509
0.0007877
0.0003245
0.0002577
0.0005814
0.0011884
0.0017736
0.0019357
0.0012012
-0.0004169
-0.0017402
-0.0019584
-0.0016063
-0.0014719
-0.0019649
-0.0028780
-0.0037628
-0.0049701
-0.0069986
-0.0088249
-0.0091666
-0.0085381
-0.0079809
-0.0077561
-0.0074887
-0.0070822
-0.0070569
-0.0068148
-0.0051201
-0.0021128
0.0011156
0.0035620
0.0049712
0.0057439
0.0061047
0.0062967
0.0070528
0.0083134
0.0087654
0.0080974
0.0074481
0.0072371
0.0069338
0.0065143
0.0063248
0.0061535
0.0057912
0.0056065
0.0055296
0.0052070
0.0046842
0.0036885
0.0015851
-0.0013641
-0.0037991
-0.0053393
-0.0068199
-0.0084031
-0.0096251
-0.0100821
-0.0094483
-0.0082353
-0.0081019
-0.0098523
-0.0116940
-0.0119931
-0.0117909
-0.0115656
-0.0097492
-0.0062257
-0.0029137
-0.0010182
0.0000061
0.0014979
0.0037200
0.0057485
0.0079183
0.0113013
0.0153534
0.0183054
0.0179889
0.0129122
0.0041883
-0.0040134
-0.0078868
-0.0073725
-0.0046947
-0.0023038
-0.0026164
-0.0069398
-0.0134412
-0.0177121
-0.0175404
-0.0155930
-0.0155596
-0.0171582
-0.0173802
-0.0153617
-0.0134632
-0.0139958
-0.0165934
-0.0186921
-0.0169633
-0.0099661
0.0001534
0.0088981
0.0123346
0.0110139
0.0098124
0.0119354
0.0154921
0.0176852
0.0177174
0.0147800
0.0093077
0.0037519
-0.0003421
-0.0028508
-0.0045147
-0.0065156
-0.0090667
-0.0106746
-0.0093001
-0.0042604
0.0028688
0.0086250
0.0103280
0.0091231
0.0080626
0.0073542
0.0050387
0.0012161
-0.0031258
-0.0088019
-0.0155905
-0.0213205
-0.0249263
-0.0271121
-0.0291985
-0.0319765
-0.0351755
-0.0367835
-0.0334835
-0.0238689
-0.0111507
-0.0006863
0.0048565
0.0062545
0.0057746
0.0057601
0.0074041
0.0096158
0.0102791
0.0088597
0.0067392
0.0058746
0.0075635
0.0108028
0.0122906
0.0095573
0.0029604
-0.0047998
-0.0106717
-0.0125779
-0.0096440
-0.0035024
0.0025826
0.0062219
0.0071935
0.0056047
-0.0000796
-0.0093379
-0.0184904
-0.0249916
-0.0289147
-0.0295901
-0.0246516
-0.0151703
-0.0064820
-0.0026209
-0.0052215
-0.0150435
-0.0287512
-0.0393169
-0.0436799
-0.0443927
-0.0428346
-0.0378726
-0.0289630
-0.0162246
-0.0019971
0.0087594
0.0141691
0.0175352
0.0211034
0.0235417
0.0257922
0.0320778
0.0415407
0.0463982
0.0401116
0.0216590
-0.0045409
-0.0274096
-0.0354785
-0.0283940
-0.0171731
-0.0120779
-0.0134270
-0.0152014
-0.0131016
-0.0073419
-0.0013832
0.0007199
-0.0017071
-0.0053592
-0.0078931
-0.0100396
-0.0127866
-0.0166461
-0.0216250
-0.0258008
-0.0250978
-0.0162857
-0.0009189
0.0156454
0.0283886
0.0353612
0.0370547
0.0345398
0.0295203
0.0239815
0.0200166
0.0195682
0.0219131
0.0240777
0.0239384
0.0214636
0.0181845
0.0156048
0.0137567
0.0095908
-0.0014878
-0.0192806
-0.0366680
-0.0471660
-0.0524814
-0.0583458
-0.0663284
-0.0738901
-0.0782290
-0.0780021
-0.0737281
-0.0661511
-0.0546223
-0.0401425
-0.0276030
-0.0207313
-0.0155790
-0.0033778
0.0196780
0.0485539
0.0743611
0.0921263
0.1026934
0.1072056
0.1030022
0.0872633
0.0618714
0.0309344
-0.0020627
-0.0314425
-0.0506334
-0.0580861
-0.0583101
-0.0575201
-0.0576442
-0.0558832
-0.0491642
-0.0377798
-0.0262049
-0.0182558
-0.0135447
-0.0090657
-0.0019453
0.0081149
0.0189796
0.0283496
0.0364503
0.0459656
0.0586648
0.0744396
0.0933005
0.1138573
0.1313100
0.1401744
0.1368662
0.1224964
0.1016556
0.0781067
0.0543901
0.0322144
0.0124729
-0.0064950
-0.0272987
-0.0493303
-0.0696759
-0.0870588
-0.1044222
-0.1248659
-0.1452673
-0.1588546
-0.1621203
-0.1573186
-0.1486096
-0.1357173
-0.1126207
-0.0756859
-0.0352961
-0.0091419
-0.0031427
-0.0089316
-0.0144392
-0.0120137
-0.0014436
0.0133820
0.0320286
0.0565960
0.0828215
0.1016566
0.1079204
0.1025855
0.0902911
0.0757310
0.0607533
0.0451275
0.0285229
0.0105839
-0.0068174
-0.0202653
-0.0288504
-0.0313844
-0.0237480
-0.0044458
0.0198410
0.0373535
0.0403467
0.0326424
0.0259558
0.0268991
0.0334601
0.0410324
0.0466082
0.0489332
0.0477432
0.0457584
0.0483048
0.0575072
0.0691576
0.0770306
0.0778803
0.0729757
0.0666947
0.0633041
0.0629542
0.0606958
0.0521882
0.0373748
0.0180105
-0.0039318
-0.0253215
-0.0446106
-0.0650467
-0.0887999
-0.1119401
-0.1284930
-0.1337989
-0.1254793
-0.1045554
-0.0724602
-0.0299718
0.0154807
0.0504227
0.0679014
0.0725251
0.0743286
0.0792252
0.0835813
0.0804538
0.0689258
0.0542014
0.0408314
0.0265345
0.0036046
-0.0320602
-0.0759885
-0.1181582
-0.1482050
-0.1623674
-0.1654352
-0.1654597
-0.1669192
-0.1649222
-0.1491182
-0.1144025
-0.0635458
-0.0066629
0.0407256
0.0708017
0.0906646
0.1109594
0.1347568
0.1581654
0.1766065
0.1889280
0.1956227
0.1946892
0.1811466
0.1492974
0.0995966
0.0474496
0.0130375
0.0014478
0.0019223
0.0028047
0.0013015
-0.0017066
-0.0076723
-0.0175995
-0.0294146
-0.0393799
-0.0419861
-0.0305297
-0.0054110
0.0215288
0.0382876
0.0431551
0.0401006
0.0316910
0.0197413
0.0073125
-0.0019665
-0.0041141
0.0054263
0.0280774
0.0565613
0.0767987
0.0769224
0.0568467
0.0301600
0.0104218
-0.0011931
-0.0097768
-0.0146461
-0.0095707
0.0064372
0.0256014
0.0382189
0.0382197
0.0246731
0.0006107
-0.0308942
-0.0658942
-0.0968634
-0.1150126
-0.1131325
-0.0912374
-0.0592368
-0.0292309
-0.0085242
-0.0000758
-0.0041660
-0.0182953
-0.0388511
-0.0621902
-0.0823037
-0.0914831
-0.0881128
-0.0806009
-0.0756775
-0.0686528
-0.0529611
-0.0312837
-0.0114328
0.0032776
0.0157569
0.0296343
0.0458970
0.0650983
0.0878612
0.1108192
0.1264868
0.1292506
0.1187696
0.0989286
0.0747354
0.0495236
0.0243675
-0.0016907
-0.0319436
-0.0690375
-0.1056133
-0.1245116
-0.1187969
-0.1047050
-0.1045468
-0.1208585
-0.1343434
-0.1274884
-0.1027318
-0.0744214
-0.0525152
-0.0381142
-0.0276965
-0.0147806
0.0101623
0.0561468
0.1260858
0.2095192
0.2847257
0.3347169
0.3556709
0.3510599
0.3272246
0.2920244
0.2498333
0.2018130
0.1479608
0.0863892
0.0164846
-0.0593762
-0.1370869
-0.2097938
-0.2675822
-0.3037896
-0.3181673
-0.3132413
-0.2941948
-0.2687382
-0.2397096
-0.2006238
-0.1415753
-0.0628446
0.0126289
0.0542147
0.0572340
0.0464206
0.0456753
0.0564132
0.0656529
0.0639381
0.0498149
0.0259982
-0.0019608
-0.0263632
-0.0415195
-0.0505085
-0.0648130
-0.0926322
-0.1310813
-0.1724839
-0.2129684
-0.2479331
-0.2613991
-0.2338082
-0.1637850
-0.0701789
0.0227254
0.0943059
0.1393607
0.1729549
0.2132025
0.2652615
0.3211195
0.3691137
0.4011161
0.4117484
0.3991466
0.3642079
0.3070755
0.2315945
0.1465346
0.0612793
-0.0131466
-0.0691268
-0.1099636
-0.1462022
-0.1849614
-0.2251541
-0.2633859
-0.2948725
-0.3084483
-0.2912036
-0.2398021
-0.1670102
-0.0962825
-0.0445511
-0.0117688
0.0132250
0.0426784
0.0821620
0.1270155
0.1662935
0.1921677
0.2048923
0.2061813
0.1923309
0.1598329
0.1126538
0.0609010
0.0150666
-0.0210807
-0.0528013
-0.0874887
-0.1257328
-0.1617013
-0.1936517
-0.2275817
-0.2646474
-0.2900028
-0.2824975
-0.2348515
-0.1576668
-0.0663236
0.0236919
0.0948154
0.1378062
0.1566842
0.1575455
0.1423491
0.1132672
0.0759544
0.0360181
-0.0042601
-0.0405565
-0.0646135
-0.0741812
-0.0778881
-0.0871091
-0.1061155
-0.1241378
-0.1137053
-0.0487997
0.0647174
0.1857244
0.2763100
0.3316116
0.3651790
0.3819641
0.3757462
0.3453189
0.3017073
0.2567447
0.2101420
0.1529908
0.0837746
0.0142945
-0.0444702
-0.0964981
-0.1547985
-0.2213032
-0.2769140
-0.2962698
-0.2703219
-0.2135320
-0.1525371
-0.1061630
-0.0757218
-0.0531058
-0.0315634
-0.0093200
0.0111410
0.0257888
0.0319196
0.0278621
0.0135472
-0.0061051
-0.0224495
-0.0301639
-0.0330875
-0.0416073
-0.0622677
-0.0903307
-0.1131496
-0.1195855
-0.1074540
-0.0832288
-0.0557277
-0.0332883
-0.0240682
-0.0268696
-0.0213161
0.0170224
0.0914662
0.1814111
0.2565178
0.2907990
0.2770282
0.2315309
0.1764952
0.1210456
0.0633606
0.0052711
-0.0428671
-0.0696887
-0.0708835
-0.0549324
-0.0401685
-0.0395627
-0.0483500
-0.0524214
-0.0469755
-0.0401295
-0.0429927
-0.0605068
-0.0885971
-0.1168355
-0.1342513
-0.1364960
-0.1273938
-0.1125528
-0.0918743
-0.0601395
-0.0186713
0.0180424
0.0358028
0.0339607
0.0210077
0.0051203
-0.0100897
-0.0214302
-0.0215630
-0.0069804
0.0145682
0.0331976
0.0485534
0.0667477
0.0899105
0.1134753
0.1306971
0.1381046
0.1366168
0.1282640
0.1142137
0.0947661
0.0696913
0.0354999
-0.0144256
-0.0816296
-0.1621160
-0.2476325
-0.3176211
-0.3454533
-0.3206267
-0.2597691
-0.1907805
-0.1263793
-0.0637446
-0.0031324
0.0505445
0.0986165
0.1503537
0.2081421
0.2571262
0.2823660
0.2840003
0.2713363
0.2542868
0.2377285
0.2194594
0.1927428
0.1516195
0.0963964
0.0355560
-0.0182238
-0.0586786
-0.0932963
-0.1341220
-0.1825830
-0.2295744
-0.2644321
-0.2749416
-0.2495226
-0.1917659
-0.1248893
-0.0735157
-0.0454434
-0.0331341
-0.0224432
0.0008196
0.0419491
0.0924924
0.1366444
0.1634136
0.1711256
0.1615033
0.1349672
0.0931633
0.0442452
0.0010882
-0.0287254
-0.0473722
-0.0630939
-0.0841364
-0.1103799
-0.1307235
-0.1358952
-0.1327250
-0.1361781
-0.1501514
-0.1646650
-0.1693294
-0.1653947
-0.1610091
-0.1558967
-0.1371279
-0.0861810
0.0058683
0.1190739
0.2124728
0.2554876
0.2456370
0.2055325
0.1653456
0.1429210
0.1373480
0.1350954
0.1224729
0.0974492
0.0676566
0.0351256
-0.0071810
-0.0611913
-0.1168046
-0.1591537
-0.1786771
-0.1740734
-0.1499852
-0.1146589
-0.0750994
-0.0359169
-0.0026799
0.0183577
0.0213142
0.0026601
-0.0348241
-0.0844665
-0.1365898
-0.1796164
-0.2113414
-0.2404668
-0.2738448
-0.3078731
-0.3286624
-0.3172541
-0.2623397
-0.1723524
-0.0755512
-0.0075213
0.0173391
0.0224582
0.0431497
0.0896371
0.1430192
0.1803374
0.1954059
0.1965056
0.1905146
0.1747164
0.1450144
0.1062594
0.0696218
0.0446759
0.0334012
0.0262451
0.0093083
-0.0211490
-0.0557540
-0.0828884
-0.0984022
-0.1066683
-0.1157503
-0.1309462
-0.1517814
-0.1731977
-0.1888759
-0.1914336
-0.1724954
-0.1294987
-0.0695399
-0.0081851
0.0364123
0.0560378
0.0558019
0.0466735
0.0386621
0.0363550
0.0390219
0.0424829
0.0422067
0.0384616
0.0365664
0.0418479
0.0546651
0.0705042
0.0835859
0.0877192
0.0778054
0.0564423
0.0356067
0.0279323
0.0375847
0.0578264
0.0774718
0.0893994
0.0923861
0.0893472
0.0845241
0.0810447
0.0825607
0.0955499
0.1234968
0.1581350
0.1831104
0.1887098
0.1784792
0.1613025
0.1415986
0.1172118
0.0859551
0.0521597
0.0240458
0.0053500
-0.0077676
-0.0208852
-0.0367264
-0.0555965
-0.0764029
-0.0974056
-0.1159540
-0.1286768
-0.1334103
-0.1331883
-0.1364096
-0.1488393
-0.1667631
-0.1792060
-0.1767278
-0.1596942
-0.1365716
-0.1135480
-0.0926283
-0.0788285
-0.0787736
-0.0918754
-0.1103262
-0.1269547
-0.1381316
-0.1402117
-0.1284180
-0.1016935
-0.0653547
-0.0273322
0.0074667
0.0385699
0.0644032
0.0798143
0.0833889
0.0847935
0.1030367
0.1512294
0.2229028
0.3002305
0.3686571
0.4209762
0.4560536
0.4732895
0.4668983
0.4303730
0.3609234
0.2644104
0.1633356
0.0668684
-0.0447488
-0.1410313
-0.1538116
-0.1160508
-0.1254127
-0.1919321
-0.2437860
-0.2386056
-0.1992164
-0.1623414
-0.1399643
-0.1255443
-0.1099973
-0.0887101
-0.0636231
-0.0418862
-0.0300846
-0.0291428
-0.0359026
-0.0481751
-0.0676384
-0.0978550
-0.1364443
-0.1642026
-0.1543217
-0.1035915
-0.0417563
-0.0075947
-0.0190591
-0.0620490
-0.1101581
-0.1503884
-0.1815859
-0.2009894
-0.2037609
-0.1909481
-0.1724029
-0.1581972
-0.1520140
-0.1549083
-0.1670882
-0.1835179
-0.1946690
-0.1970315
-0.1987598
-0.2099166
-0.2284661
-0.2378398
-0.2219245
-0.1833272
-0.1374685
-0.0906657
-0.0384000
0.0235799
0.0925413
0.1546526
0.1960677
0.2177918
0.2312910
0.2452931
0.2611260
0.2770831
0.2928321
0.3109741
0.3354394
0.3665185
0.3966178
0.4159360
0.4233518
0.4244890
0.4224501
0.4187191
0.4194893
0.4311403
0.4514729
0.4723329
0.4867367
0.4916222
0.4834797
0.4549337
0.4024498
0.3358772
0.2741916
0.2296062
0.2014749
0.1818027
0.1613212
0.1357751
0.1082600
0.0857769
0.0745321
0.0746054
0.0785683
0.0788778
0.0735972
0.0620695
0.0407214
0.0052804
-0.0447125
-0.1016633
-0.1537538
-0.1966992
-0.2381403
-0.2882443
-0.3480774
-0.4092370
-0.4608264
-0.4948966
-0.5183981
-0.5576905
-0.6147565
-0.6247804
-0.5162797
-0.3219995
-0.1690881
-0.1381754
-0.1828387
-0.2076060
-0.1791078
-0.1339330
-0.1129713
-0.1210117
-0.1390242
-0.1526382
-0.1611334
-0.1668195
-0.1699002
-0.1750690
-0.1893297
-0.2100206
-0.2245617
-0.2247524
-0.2166821
-0.2113312
-0.2067101
-0.1883211
-0.1477325
-0.0928050
-0.0375856
0.0118751
0.0579436
0.1020962
0.1402271
0.1698294
0.1960735
0.2253232
0.2595596
0.2982697
0.3369509
0.3655951
0.3770453
0.3723100
0.3541984
0.3244271
0.2871562
0.2493131
0.2141100
0.1786959
0.1406044
0.1017972
0.0668899
0.0407899
0.0303438
0.0410656
0.0661521
0.0886981
0.0977558
0.0947585
0.0872449
0.0795077
0.0689649
0.0514706
0.0269224
-0.0018374
-0.0337624
-0.0693143
-0.1057293
-0.1381446
-0.1643456
-0.1856825
-0.2056986
-0.2275918
-0.2544284
-0.2932700
-0.3542461
-0.4276189
-0.4666396
-0.4315796
-0.3369249
-0.2289805
-0.1430745
-0.0892861
-0.0609894
-0.0479665
-0.0390422
-0.0225619
0.0057987
0.0404359
0.0728979
0.0979304
0.1155272
0.1306722
0.1501095
0.1757987
0.2017047
0.2175592
0.2138557
0.1916012
0.1665839
0.1553982
0.1594312
0.1615655
0.1402057
0.0905476
0.0295669
-0.0199891
-0.0484722
-0.0614978
-0.0681598
-0.0731981
-0.0778845
-0.0826092
-0.0869339
-0.0873719
-0.0780322
-0.0577634
-0.0326956
-0.0089937
0.0116248
0.0286623
0.0403260
0.0443839
0.0399025
0.0283516
0.0129556
-0.0030614
-0.0185051
-0.0344495
-0.0519197
-0.0682127
-0.0754874
-0.0676166
-0.0496344
-0.0318991
-0.0174660
-0.0036868
0.0117641
0.0302388
0.0507792
0.0698228
0.0837721
0.0910549
0.0931422
0.0933925
0.0937363
0.0940207
0.0947073
0.0959792
0.0942803
0.0844585
0.0649054
0.0390302
0.0127462
-0.0089072
-0.0232944
-0.0306378
-0.0336143
-0.0363881
-0.0430760
-0.0567334
-0.0801468
-0.1199208
-0.1880942
-0.2898627
-0.3982637
-0.4600186
-0.4536404
-0.4100477
-0.3543819
-0.2780310
-0.1860799
-0.1121084
-0.0759621
-0.0678386
-0.0702822
-0.0764175
-0.0867198
-0.0956834
-0.0902108
-0.0671249
-0.0413014
-0.0304720
-0.0407681
-0.0642373
-0.0878729
-0.1056367
-0.1188916
-0.1308488
-0.1434466
-0.1571120
-0.1697817
-0.1731702
-0.1589673
-0.1303910
-0.0978194
-0.0674736
-0.0399638
-0.0142189
0.0103351
0.0326816
0.0516109
0.0699679
0.0920286
0.1157344
0.1343721
0.1462094
0.1550268
0.1642604
0.1751629
0.1871853
0.2001860
0.2168801
0.2419754
0.2764545
0.3122847
0.3366128
0.3417150
0.3290901
0.3055048
0.2789731
0.2580221
0.2520990
0.2667629
0.2938624
0.3170344
0.3288661
0.3330017
0.3330739
0.3264428
0.3104308
0.2913597
0.2799890
0.2802390
0.2854742
0.2863036
0.2816984
0.2759401
0.2687830
0.2543518
0.2288447
0.1968668
0.1666114
0.1408426
0.1158220
0.0886638
0.0596151
0.0280930
-0.0050339
-0.0345085
-0.0546450
-0.0635453
-0.0627569
-0.0550466
-0.0411415
-0.0190543
0.0078573
0.0288082
0.0374801
0.0389773
0.0432380
0.0520125
0.0548896
0.0419426
0.0157463
-0.0120404
-0.0327408
-0.0450885
-0.0518025
-0.0515774
-0.0384900
-0.0150624
0.0079131
0.0211727
0.0200309
0.0063804
-0.0140066
-0.0371588
-0.0642294
-0.0983886
-0.1375867
-0.1730994
-0.1938814
-0.1933771
-0.1740531
-0.1483784
-0.1286758
-0.1158633
-0.1100133
-0.1279891
-0.2028245
-0.3497579
-0.5247272
-0.6405584
-0.6392073
-0.5435194
-0.4252780
-0.3305784
-0.2656300
-0.2283461
-0.2138383
-0.2099802
-0.2050065
-0.1899033
-0.1612085
-0.1245165
-0.0892582
-0.0628179
-0.0468121
-0.0384412
-0.0325251
-0.0238055
-0.0126152
-0.0035672
-0.0007149
-0.0059976
-0.0220497
-0.0526896
-0.0974226
-0.1477021
-0.1898441
-0.2150810
-0.2255862
-0.2265688
-0.2166517
-0.1946690
-0.1646187
-0.1301334
-0.0925975
-0.0527928
-0.0149724
0.0180343
0.0477269
0.0743179
0.0975865
0.1189326
0.1404802
0.1622894
0.1818128
0.1962613
0.2062058
0.2161171
0.2293490
0.2472222
0.2696095
0.2935359
0.3182280
0.3452856
0.3724618
0.3937943
0.4024961
0.3980137
0.3868540
0.3740440
0.3569771
0.3268937
0.2804788
0.2279661
0.1883297
0.1716255
0.1714810
0.1767278
0.1834341
0.1974621
0.2236817
0.2579166
0.2897514
0.3100103
0.3183566
0.3182454
0.3088283
0.2887500
0.2604454
0.2309760
0.2060440
0.1844167
0.1627937
0.1391523
0.1122394
0.0830142
0.0538770
0.0251768
-0.0029511
-0.0296218
-0.0550692
-0.0783687
-0.0991776
-0.1198490
-0.1413691
-0.1629700
-0.1828720
-0.1969347
-0.2027176
-0.2023390
-0.1992626
-0.1968682
-0.1977150
-0.2005559
-0.2019720
-0.1998782
-0.1952397
-0.1904626
-0.1864223
-0.1828734
-0.1784546
-0.1734506
-0.1692875
-0.1653875
-0.1614744
-0.1599369
-0.1633529
-0.1707195
-0.1789488
-0.1876867
-0.2009562
-0.2216673
-0.2510442
-0.2914421
-0.3413263
-0.3846287
-0.3910777
-0.3473549
-0.2792477
-0.2254778
-0.2013044
-0.1962671
-0.1963784
-0.1954276
-0.1924335
-0.1885046
-0.1825454
-0.1709262
-0.1528044
-0.1333960
-0.1186695
-0.1106210
-0.1070650
-0.1036455
-0.1001511
-0.1001321
-0.1064423
-0.1189231
-0.1351498
-0.1536194
-0.1735589
-0.1936069
-0.2128890
-0.2323257
-0.2529949
-0.2736035
-0.2928162
-0.3112458
-0.3285309
-0.3423191
-0.3494891
-0.3450978
-0.3234878
-0.2835856
-0.2347981
-0.1947528
-0.1734665
-0.1621232
-0.1402354
-0.0985103
-0.0471954
-0.0008427
0.0337019
0.0590639
0.0791658
0.0948325
0.1070931
0.1191242
0.1345253
0.1553202
0.1800138
0.2043562
0.2256974
0.2418092
0.2530209
0.2638295
0.2797679
0.3049196
0.3382586
0.3716887
0.3964329
0.4110967
0.4206756
0.4323411
0.4510611
0.4752417
0.4967592
0.5069277
0.5016390
0.4860691
0.4751608
0.4787444
0.4921800
0.5048758
0.5104405
0.5112815
0.5148434
0.5237807
0.5320808
0.5306300
0.5123724
0.4760249
0.4271304
0.3732334
0.3193392
0.2657326
0.2126289
0.1672385
0.1401991
0.1327386
0.1312281
0.1225220
0.1093690
0.1022833
0.1035749
0.1038474
0.0911726
0.0622239
0.0244744
-0.0115745
-0.0414478
-0.0665719
-0.0875893
-0.1014419
-0.1061007
-0.1069177
-0.1126688
-0.1267856
-0.1459175
-0.1639497
-0.1759316
-0.1800224
-0.1794430
-0.1800340
-0.1837924
-0.1876130
-0.1893514
-0.1913556
-0.1965301
-0.2049559
-0.2133629
-0.2185042
-0.2223725
-0.2286091
-0.2387776
-0.2508462
-0.2589874
-0.2604670
-0.2590090
-0.2584599
-0.2566132
-0.2544761
-0.2559384
-0.2501309
-0.2266295
-0.2000328
-0.1866391
-0.1794835
-0.1647358
-0.1436797
-0.1310601
-0.1381666
-0.1632127
-0.1976283
-0.2345394
-0.2689651
-0.2967828
-0.3158365
-0.3247739
-0.3205704
-0.3011553
-0.2677758
-0.2228493
-0.1712036
-0.1238663
-0.0940650
-0.0838464
-0.0788256
-0.0645590
-0.0415516
-0.0186951
-0.0006049
0.0145403
0.0311934
0.0518402
0.0726289
0.0880022
0.0960229
0.0961042
0.0877293
0.0727857
0.0556988
0.0394796
0.0241751
0.0103518
0.0041415
0.0119807
0.0298765
0.0465907
0.0542767
0.0539059
0.0518089
0.0518472
0.0529494
0.0540109
0.0547300
0.0545876
0.0551743
0.0573860
0.0600627
0.0607053
0.0554243
0.0420311
0.0208645
-0.0052503
-0.0300350
-0.0449024
-0.0419710
-0.0207847
0.0086108
0.0347030
0.0553178
0.0745733
0.0940183
0.1117583
0.1259033
0.1349912
0.1372071
0.1328469
0.1242563
0.1139692
0.1040581
0.0939850
0.0813320
0.0644549
0.0440052
0.0218444
-0.0002371
-0.0186526
-0.0292154
-0.0318673
-0.0312952
-0.0317962
-0.0356354
-0.0444975
-0.0579800
-0.0738340
-0.0897328
-0.1029912
-0.1098931
-0.1067196
-0.0934068
-0.0753518
-0.0595849
-0.0487513
-0.0410971
-0.0384779
-0.0452554
-0.0606358
-0.0802975
-0.1015821
-0.1260891
-0.1562695
-0.1882864
-0.2141028
-0.2295209
-0.2344050
-0.2298431
-0.2171719
-0.1974593
-0.1701343
-0.1319104
-0.0846897
-0.0416302
-0.0155284
-0.0084903
-0.0154677
-0.0276249
-0.0355136
-0.0362998
-0.0333022
-0.0289210
-0.0209885
-0.0065602
0.0131768
0.0361288
0.0605481
0.0822774
0.0944914
0.0932776
0.0814694
0.0649559
0.0484802
0.0308474
0.0081637
-0.0196868
-0.0485865
-0.0725269
-0.0883515
-0.0965641
-0.0996985
-0.1009480
-0.1018161
-0.0998460
-0.0903041
-0.0715282
-0.0473720
-0.0236652
-0.0033411
0.0133139
0.0262960
0.0347855
0.0390962
0.0427208
0.0496943
0.0593957
0.0673318
0.0713717
0.0728552
0.0735853
0.0731684
0.0710397
0.0686810
0.0667677
0.0642070
0.0592290
0.0512260
0.0418219
0.0341146
0.0310728
0.0310645
0.0280852
0.0198365
0.0118857
0.0124290
0.0244608
0.0452755
0.0708339
0.0985671
0.1244824
0.1415227
0.1457861
0.1406060
0.1332939
0.1283004
0.1255061
0.1226554
0.1171061
0.1093469
0.1021869
0.0955743
0.0878531
0.0804882
0.0762584
0.0757184
0.0773591
0.0779982
0.0762784
0.0741161
0.0735541
0.0754338
0.0776000
0.0761899
0.0709939
0.0657640
0.0632942
0.0633823
0.0646002
0.0664762
0.0690344
0.0702949
0.0679552
0.0622305
0.0545443
0.0447993
0.0319361
0.0152478
-0.0088262
-0.0471969
-0.1048872
-0.1743855
-0.2306003
-0.2486108
-0.2258651
-0.1837809
-0.1473943
-0.1252462
-0.1100447
-0.0930856
-0.0751432
-0.0627212
-0.0579504
-0.0566170
-0.0533256
-0.0439316
-0.0258879
-0.0012768
0.0245261
0.0462683
0.0607130
0.0684512
0.0721925
0.0747126
0.0782407
0.0841741
0.0930888
0.1050609
0.1191801
0.1328732
0.1432372
0.1481183
0.1460736
0.1362008
0.1186318
0.0951144
0.0689938
0.0456801
0.0325764
0.0355578
0.0517843
0.0716561
0.0888247
0.1015533
0.1093267
0.1127295
0.1128275
0.1107363
0.1075178
0.1033705
0.0986647
0.0942565
0.0907531
0.0885522
0.0883534
0.0903063
0.0929423
0.0938554
0.0915824
0.0876706
0.0851027
0.0840626
0.0817266
0.0763610
0.0700014
0.0656341
0.0634664
0.0612307
0.0571753
0.0509861
0.0425008
0.0327417
0.0235321
0.0145825
0.0035010
-0.0103972
-0.0256606
-0.0401525
-0.0523895
-0.0633716
-0.0739433
-0.0834662
-0.0925645
-0.1022949
-0.1123113
-0.1204397
-0.1236137
-0.1240245
-0.1284183
-0.1398834
-0.1553361
-0.1696430
-0.1805961
-0.1871448
-0.1844051
-0.1672833
-0.1373928
-0.1016549
-0.0677367
-0.0434328
-0.0327621
-0.0302103
-0.0275488
-0.0221186
-0.0153411
-0.0088983
-0.0027491
0.0052476
0.0167395
0.0310392
0.0470284
0.0625990
0.0754933
0.0847757
0.0901661
0.0926205
0.0938715
0.0949514
0.0949118
0.0924520
0.0891487
0.0864721
0.0832459
0.0774809
0.0658871
0.0473235
0.0272807
0.0130701
0.0069097
0.0057130
0.0045792
-0.0014674
-0.0135192
-0.0272159
-0.0388998
-0.0475824
-0.0532539
-0.0563199
-0.0569125
-0.0562891
-0.0575941
-0.0623905
-0.0703362
-0.0837909
-0.1086910
-0.1492237
-0.1973408
-0.2347056
-0.2509951
-0.2510081
-0.2453856
-0.2401951
-0.2355639
-0.2314283
-0.2291134
-0.2286857
-0.2271829
-0.2214477
-0.2115509
-0.2013131
-0.1959550
-0.1960359
-0.1955432
-0.1866160
-0.1676691
-0.1448352
-0.1247674
-0.1100969
-0.0996442
-0.0920420
-0.0866630
-0.0833366
-0.0820695
-0.0813233
-0.0799381
-0.0775599
-0.0743828
-0.0712369
-0.0673822
-0.0621798
-0.0564511
-0.0502298
-0.0425567
-0.0330607
-0.0213724
-0.0065008
0.0111833
0.0311698
0.0524635
0.0706208
0.0823289
0.0884795
0.0904308
0.0922128
0.1006262
0.1168859
0.1344694
0.1470909
0.1542220
0.1579977
0.1603011
0.1611291
0.1578099
0.1502627
0.1434918
0.1409863
0.1432337
0.1496052
0.1573229
0.1636419
0.1690867
0.1753825
0.1812117
0.1846175
0.1844080
0.1795254
0.1708481
0.1603372
0.1485446
0.1340902
0.1161854
0.0972930
0.0815247
0.0717557
0.0672766
0.0638241
0.0589333
0.0542918
0.0515430
0.0485875
0.0410790
0.0273463
0.0104822
-0.0048362
-0.0153757
-0.0205190
-0.0218761
-0.0213107
-0.0196316
-0.0163255
-0.0111751
-0.0051685
-0.0001456
0.0024783
0.0027409
0.0009217
-0.0019036
-0.0033621
-0.0009287
0.0066930
0.0186193
0.0329250
0.0479269
0.0628446
0.0766473
0.0874121
0.0937798
0.0943732
0.0891496
0.0802978
0.0703849
0.0626912
0.0588362
0.0565843
0.0535241
0.0504208
0.0501791
0.0535274
0.0563275
0.0560673
0.0536914
0.0483238
0.0389563
0.0268884
0.0150261
0.0053631
-0.0009067
-0.0030516
-0.0027633
-0.0027393
-0.0036348
-0.0055652
-0.0095819
-0.0146659
-0.0187109
-0.0216770
-0.0243955
-0.0269786
-0.0303460
-0.0361792
-0.0427765
-0.0466395
-0.0479215
-0.0502023
-0.0557240
-0.0622637
-0.0664739
-0.0677653
-0.0685553
-0.0707788
-0.0732161
-0.0726295
-0.0670947
-0.0572230
-0.0438883
-0.0290519
-0.0165507
-0.0084352
-0.0044174
-0.0056020
-0.0138750
-0.0275170
-0.0406804
-0.0474737
-0.0446436
-0.0336556
-0.0196861
-0.0064878
0.0044542
0.0123644
0.0162956
0.0152936
0.0116088
0.0094349
0.0105089
0.0140746
0.0193626
0.0262018
0.0332645
0.0391173
0.0429779
0.0446846
0.0458091
0.0466013
0.0450695
0.0400875
0.0305168
0.0172076
0.0044819
-0.0048415
-0.0118608
-0.0190685
-0.0263752
-0.0309960
-0.0323108
-0.0337620
-0.0376863
-0.0428492
-0.0485409
-0.0545837
-0.0593190
-0.0630786
-0.0670292
-0.0692788
-0.0654630
-0.0531306
-0.0356750
-0.0163405
0.0048788
0.0260994
0.0435162
0.0539933
0.0575889
0.0587452
0.0606727
0.0619406
0.0606086
0.0578767
0.0566264
0.0577257
0.0591514
0.0585056
0.0552854
0.0509797
0.0471901
0.0422098
0.0333327
0.0217350
0.0105909
0.0011993
-0.0064887
-0.0123031
-0.0170526
-0.0223388
-0.0284740
-0.0338448
-0.0370525
-0.0383348
-0.0380902
-0.0355207
-0.0301936
-0.0244360
-0.0211604
-0.0195256
-0.0156028
-0.0076032
0.0026812
0.0120181
0.0181989
0.0210052
0.0223862
0.0247595
0.0269234
0.0269458
0.0264129
0.0273887
0.0290618
0.0308015
0.0335793
0.0368445
0.0388549
0.0393794
0.0405363
0.0439898
0.0485517
0.0515787
0.0510943
0.0477684
0.0445376
0.0426656
0.0416189
0.0409536
0.0402301
0.0389393
0.0364030
0.0326817
0.0275323
0.0202895
0.0121043
0.0045900
-0.0020564
-0.0081013
-0.0137879
-0.0195517
-0.0242514
-0.0264889
-0.0266157
-0.0255123
-0.0232755
-0.0190055
-0.0127989
-0.0059674
0.0008180
0.0063461
0.0076481
0.0041522
-0.0030682
-0.0152846
-0.0348573
-0.0626279
-0.0951647
-0.1251331
-0.1443493
-0.1461126
-0.1283778
-0.0946443
-0.0498003
-0.0034782
0.0283432
0.0349631
0.0205480
0.0058517
0.0102253
0.0294586
0.0450412
0.0457168
0.0349304
0.0233016
0.0169857
0.0147565
0.0123803
0.0093578
0.0074725
0.0074523
0.0099197
0.0123121
0.0093429
-0.0017979
-0.0181355
-0.0327248
-0.0397914
-0.0379402
-0.0313592
-0.0261528
-0.0242715
-0.0240892
-0.0230213
-0.0213627
-0.0240272
-0.0332214
-0.0452151
-0.0548565
-0.0599239
-0.0622029
-0.0644746
-0.0682440
-0.0737803
-0.0813828
-0.0909983
-0.0999950
-0.1064101
-0.1118287
-0.1171557
-0.1211137
-0.1235576
-0.1259878
-0.1286007
-0.1293120
-0.1253562
-0.1148646
-0.0985322
-0.0799439
-0.0635468
-0.0527653
-0.0486664
-0.0482266
-0.0481711
-0.0486248
-0.0503746
-0.0546323
-0.0618989
-0.0693789
-0.0738632
-0.0752266
-0.0758462
-0.0776401
-0.0801266
-0.0796181
-0.0724679
-0.0592464
-0.0433098
-0.0282482
-0.0165364
-0.0091864
-0.0051967
-0.0023879
0.0004403
0.0041654
0.0091721
0.0145033
0.0198438
0.0270961
0.0385731
0.0543532
0.0718242
0.0869845
0.0968813
0.1005370
0.0990152
0.0953915
0.0915214
0.0868039
0.0811568
0.0762499
0.0738256
0.0728511
0.0707989
0.0673234
0.0634417
0.0590743
0.0534284
0.0468190
0.0398265
0.0322962
0.0241578
0.0159557
0.0074990
-0.0012616
-0.0085885
-0.0142161
-0.0195909
-0.0253176
-0.0309168
-0.0343445
-0.0339048
-0.0297065
-0.0225187
-0.0127799
-0.0007451
0.0115926
0.0218699
0.0301558
0.0376907
0.0447638
0.0520084
0.0620223
0.0771121
0.0964590
0.1166265
0.1338699
0.1455129
0.1503046
0.1493566
0.1458699
0.1426281
0.1405934
0.1394562
0.1396718
0.1429598
0.1499765
0.1584255
0.1641159
0.1650855
0.1634208
0.1618154
0.1608458
0.1594355
0.1567131
0.1530847
0.1487353
0.1426982
0.1340551
0.1227944
0.1097424
0.0948353
0.0756520
0.0503159
0.0219420
-0.0024171
-0.0169577
-0.0206141
-0.0178378
-0.0155969
-0.0187609
-0.0274268
-0.0396056
-0.0544674
-0.0716460
-0.0909090
-0.1125708
-0.1364807
-0.1595930
-0.1774836
-0.1872778
-0.1874743
-0.1791713
-0.1668166
-0.1550297
-0.1463799
-0.1423880
-0.1434814
-0.1478582
-0.1515054
-0.1503624
-0.1435755
-0.1331992
-0.1218980
-0.1106221
-0.0980395
-0.0840211
-0.0710913
-0.0610939
-0.0541527
-0.0512151
-0.0526120
-0.0556718
-0.0571750
-0.0561981
-0.0538079
-0.0504477
-0.0453353
-0.0392102
-0.0330896
-0.0254996
-0.0162682
-0.0077862
-0.0011552
0.0033220
0.0044972
0.0031256
0.0032381
0.0069755
0.0121225
0.0159522
0.0181374
0.0200267
0.0218828
0.0225249
0.0217636
0.0214314
0.0217168
0.0186469
0.0091013
-0.0044536
-0.0170562
-0.0249523
-0.0275440
-0.0277988
-0.0283258
-0.0288653
-0.0273229
-0.0235149
-0.0192811
-0.0150741
-0.0116252
-0.0101694
-0.0101941
-0.0110264
-0.0127012
-0.0149582
-0.0167819
-0.0178025
-0.0195433
-0.0218010
-0.0194955
-0.0072838
0.0130426
0.0341452
0.0511607
0.0643016
0.0752277
0.0847832
0.0940851
0.1041105
0.1147970
0.1265245
0.1398029
0.1537408
0.1679047
0.1827795
0.1986022
0.2151359
0.2307521
0.2429825
0.2505327
0.2541408
0.2547766
0.2529848
0.2502465
0.2481657
0.2467236
0.2449983
0.2420534
0.2356231
0.2234548
0.2064240
0.1871766
0.1669958
0.1441688
0.1166596
0.0877845
0.0645090
0.0490546
0.0381382
0.0293393
0.0231671
0.0200846
0.0175346
0.0134064
0.0089493
0.0058937
0.0036530
-0.0000750
-0.0058174
-0.0121030
-0.0177592
-0.0244611
-0.0350233
-0.0484186
-0.0609281
-0.0705646
-0.0783953
-0.0858915
-0.0932232
-0.0994193
-0.1029697
-0.1038809
-0.1044109
-0.1072316
-0.1113114
-0.1132016
-0.1130954
-0.1132984
-0.1148817
-0.1188015
-0.1253358
-0.1324779
-0.1379267
-0.1434592
-0.1537018
-0.1696965
-0.1876448
-0.2021150
-0.2103761
-0.2155723
-0.2237163
-0.2361448
-0.2471282
-0.2500052
-0.2443871
-0.2359728
-0.2289675
-0.2234953
-0.2184985
-0.2130436
-0.2052883
-0.1926575
-0.1754331
-0.1562652
-0.1377581
-0.1216200
-0.1082370
-0.0966228
-0.0840642
-0.0693312
-0.0549214
-0.0448792
-0.0417112
-0.0437984
-0.0484017
-0.0550747
-0.0641136
-0.0744857
-0.0836693
-0.0909890
-0.0987110
-0.1083166
-0.1179699
-0.1246830
-0.1268671
-0.1251925
-0.1223266
-0.1197642
-0.1160266
-0.1075574
-0.0924891
-0.0734324
-0.0545792
-0.0380875
-0.0233602
-0.0091348
0.0045973
0.0168487
0.0272885
0.0375259
0.0483949
0.0572061
0.0618925
0.0637082
0.0645083
0.0651100
0.0656419
0.0662048
0.0666258
0.0666041
0.0659314
0.0652598
0.0665658
0.0699431
0.0735323
0.0764815
0.0789512
0.0819104
0.0865713
0.0932339
0.1010311
0.1089495
0.1158334
0.1204920
0.1234916
0.1264592
0.1293924
0.1303569
0.1287229
0.1257140
0.1222834
0.1184779
0.1143147
0.1112396
0.1097135
0.1078128
0.1049410
0.1017800
0.0978327
0.0927033
0.0875437
0.0836372
0.0812477
0.0798740
0.0791759
0.0794305
0.0805259
0.0824430
0.0854153
0.0891381
0.0926061
0.0948330
0.0956425
0.0952385
0.0939808
0.0924062
0.0909247
0.0897663
0.0894877
0.0905542
0.0919982
0.0918647
0.0899559
0.0877362
0.0852449
0.0814447
0.0767519
0.0718477
0.0660085
0.0583370
0.0498899
0.0435694
0.0402895
0.0385431
0.0364429
0.0332544
0.0301061
0.0276142
0.0251261
0.0220196
0.0188505
0.0165548
0.0147754
0.0128029
0.0112364
0.0106003
0.0109205
0.0123418
0.0149644
0.0185772
0.0221521
0.0258817
0.0311299
0.0388861
0.0487072
0.0581443
0.0649327
0.0690076
0.0719848
0.0741052
0.0744393
0.0736462
0.0727828
0.0714891
0.0691003
0.0661002
0.0632401
0.0606066
0.0576165
0.0542417
0.0515099
0.0493670
0.0466234
0.0427505
0.0384552
0.0338852
0.0278765
0.0203079
0.0126855
0.0067950
0.0026748
-0.0009020
-0.0049234
-0.0095332
-0.0135695
-0.0164052
-0.0191334
-0.0232881
-0.0281037
-0.0323973
-0.0366862
-0.0413724
-0.0472045
-0.0539086
-0.0594509
-0.0636780
-0.0686619
-0.0750662
-0.0809486
-0.0849137
-0.0883524
-0.0931813
-0.0992186
-0.1046949
-0.1091726
-0.1137903
-0.1181855
-0.1204633
-0.1208675
-0.1205251
-0.1183980
-0.1134786
-0.1067750
-0.1006818
-0.0972388
-0.0963431
-0.0962356
-0.0958944
-0.0953784
-0.0949205
-0.0951486
-0.0966526
-0.0989308
-0.1009659
-0.1022270
-0.1027818
-0.1037449
-0.1063266
-0.1103759
-0.1155062
-0.1217138
-0.1284241
-0.1350955
-0.1420029
-0.1509433
-0.1638962
-0.1794603
-0.1944927
-0.2065844
-0.2143108
-0.2173150
-0.2148195
-0.2066625
-0.1951415
-0.1827939
-0.1692976
-0.1530096
-0.1337579
-0.1134688
-0.0958924
-0.0848690
-0.0821786
-0.0853861
-0.0882014
-0.0851111
-0.0752313
-0.0623533
-0.0505756
-0.0413758
-0.0348953
-0.0301164
-0.0255365
-0.0201862
-0.0138279
-0.0075307
-0.0028095
0.0001796
0.0027610
0.0053792
0.0077265
0.0099163
0.0114267
0.0123070
0.0127642
0.0127255
0.0124894
0.0120396
0.0122043
0.0139461
0.0161275
0.0168991
0.0161048
0.0143502
0.0116633
0.0087253
0.0072811
0.0075400
0.0077458
0.0069294
0.0066923
0.0085175
0.0111541
0.0130089
0.0138708
0.0148141
0.0169280
0.0203876
0.0245303
0.0287061
0.0327673
0.0366628
0.0404181
0.0427496
0.0421723
0.0384738
0.0326410
0.0270309
0.0230577
0.0202128
0.0173495
0.0145751
0.0125253
0.0107328
0.0088541
0.0064510
0.0030998
-0.0006391
-0.0037033
-0.0054991
-0.0060867
-0.0058445
-0.0053728
-0.0047319
-0.0030204
0.0006058
0.0063576
0.0140884
0.0229009
0.0316118
0.0393893
0.0461261
0.0518259
0.0558112
0.0579189
0.0590534
0.0605059
0.0625551
0.0642870
0.0650264
0.0647636
0.0641008
0.0639554
0.0644995
0.0652091
0.0663973
0.0683365
0.0697562
0.0693094
0.0671166
0.0643253
0.0612171
0.0572708
0.0511950
0.0419719
0.0307859
0.0199631
0.0119136
0.0076003
0.0062393
0.0060267
0.0053336
0.0042319
0.0031005
0.0014869
-0.0007809
-0.0031601
-0.0055113
-0.0079623
-0.0104878
-0.0131426
-0.0148455
-0.0147254
-0.0139285
-0.0129539
-0.0109664
-0.0075911
-0.0025988
0.0037216
0.0104017
0.0166571
0.0217243
0.0251512
0.0283828
0.0334714
0.0399251
0.0453648
0.0486297
0.0516653
0.0560531
0.0601062
0.0623431
0.0633407
0.0641603
0.0653760
0.0658684
0.0638764
0.0604162
0.0570594
0.0531069
0.0478999
0.0423690
0.0371647
0.0319789
0.0281276
0.0272988
0.0284126
0.0301454
0.0323988
0.0346007
0.0357942
0.0359939
0.0371297
0.0402448
0.0448795
0.0505942
0.0570550
0.0641872
0.0708121
0.0758924
0.0798052
0.0833129
0.0864539
0.0882120
0.0886262
0.0891428
0.0896964
0.0892251
0.0882454
0.0876687
0.0884258
0.0907957
0.0931826
0.0949869
0.0971729
0.0999875
0.1034506
0.1076379
0.1114235
0.1139936
0.1161945
0.1188359
0.1209508
0.1210770
0.1199666
0.1189215
0.1183256
0.1169381
0.1129311
0.1078636
0.1028078
0.0956499
0.0860974
0.0764782
0.0688951
0.0645555
0.0632344
0.0626611
0.0611411
0.0594889
0.0576610
0.0548324
0.0516655
0.0479185
0.0434168
0.0389686
0.0349118
0.0317228
0.0291855
0.0255501
0.0212593
0.0186597
0.0172870
0.0153039
0.0115206
0.0072152
0.0046418
0.0026495
-0.0007333
-0.0052853
-0.0097123
-0.0139714
-0.0191123
-0.0255261
-0.0326866
-0.0396423
-0.0456892
-0.0503178
-0.0534456
-0.0560687
-0.0592347
-0.0627965
-0.0670958
-0.0723866
-0.0771256
-0.0811171
-0.0849729
-0.0883362
-0.0917995
-0.0959200
-0.0997998
-0.1033798
-0.1080367
-0.1149775
-0.1247977
-0.1354180
-0.1436480
-0.1493465
-0.1525819
-0.1526296
-0.1511918
-0.1503320
-0.1499491
-0.1492757
-0.1480966
-0.1467701
-0.1461040
-0.1458699
-0.1444955
-0.1416208
-0.1389951
-0.1386229
-0.1414334
-0.1466733
-0.1528752
-0.1594153
-0.1657473
-0.1705909
-0.1728509
-0.1730431
-0.1734795
-0.1755993
-0.1778390
-0.1775789
-0.1725951
-0.1621160
-0.1480793
-0.1334637
-0.1210936
-0.1123736
-0.1058785
-0.0987964
-0.0892373
-0.0777156
-0.0653504
-0.0536604
-0.0453629
-0.0407130
-0.0379729
-0.0359337
-0.0331927
-0.0298988
-0.0275291
-0.0255392
-0.0226602
-0.0183496
-0.0131928
-0.0087290
-0.0049527
-0.0009540
0.0032594
0.0069190
0.0095154
0.0111606
0.0122474
0.0128643
0.0134485
0.0146576
0.0160159
0.0170085
0.0174927
0.0183203
0.0202485
0.0225595
0.0243007
0.0247963
0.0253339
0.0270102
0.0284804
0.0292059
0.0301200
0.0312590
0.0315819
0.0310633
0.0306912
0.0309106
0.0316667
0.0323589
0.0317886
0.0298985
0.0276751
0.0255391
0.0226664
0.0175760
0.0106862
0.0037359
-0.0015699
-0.0038147
-0.0038831
-0.0031551
-0.0009673
0.0032883
0.0078530
0.0102118
0.0098765
0.0082188
0.0069081
0.0066956
0.0075369
0.0090838
0.0104736
0.0108034
0.0102029
0.0094927
0.0089469
0.0085656
0.0088304
0.0105923
0.0141036
0.0189487
0.0242850
0.0283259
0.0301220
0.0302769
0.0296979
0.0297617
0.0310194
0.0326936
0.0349371
0.0383476
0.0422272
0.0457422
0.0489635
0.0520609
0.0547586
0.0567131
0.0574851
0.0572323
0.0568892
0.0563895
0.0557971
0.0561030
0.0569287
0.0574110
0.0573094
0.0566322
0.0557582
0.0543431
0.0516606
0.0474242
0.0409958
0.0328619
0.0259607
0.0224361
0.0213140
0.0203167
0.0182097
0.0157147
0.0143630
0.0144660
0.0151945
0.0163450
0.0181963
0.0204134
0.0229333
0.0256516
0.0272774
0.0278969
0.0289328
0.0299966
0.0301057
0.0296961
0.0297895
0.0306431
0.0313845
0.0315160
0.0314480
0.0314179
0.0316982
0.0321952
0.0331135
0.0346257
0.0353303
0.0344845
0.0324872
0.0302362
0.0284922
0.0271489
0.0259399
0.0241142
0.0215146
0.0187778
0.0162789
0.0142514
0.0117373
0.0073717
0.0022499
-0.0017339
-0.0046719
-0.0072539
-0.0099907
-0.0136203
-0.0181894
-0.0226330
-0.0260994
-0.0287353
-0.0308658
-0.0333873
-0.0366516
-0.0393156
-0.0412598
-0.0439257
-0.0472921
-0.0505867
-0.0538083
-0.0571175
-0.0601777
-0.0625254
-0.0645674
-0.0665300
-0.0679500
-0.0679757
-0.0658258
-0.0616300
-0.0563589
-0.0508858
-0.0450638
-0.0389669
-0.0329331
-0.0263358
-0.0188132
-0.0113721
-0.0052128
-0.0002446
0.0047200
0.0113136
0.0194435
0.0267646
0.0324374
0.0370410
0.0404831
0.0426797
0.0435602
0.0433477
0.0429337
0.0433915
0.0449875
0.0462255
0.0456000
0.0440459
0.0432811
0.0432515
0.0427873
0.0414832
0.0405377
0.0409023
0.0415958
0.0417770
0.0421882
0.0431692
0.0444621
0.0458454
0.0464273
0.0458938
0.0454458
0.0458998
0.0461506
0.0455004
0.0450324
0.0451568
0.0455321
0.0459426
0.0459926
0.0457783
0.0454256
0.0445606
0.0433639
0.0418929
0.0391709
0.0342912
0.0279181
0.0227707
0.0204482
0.0195319
0.0183901
0.0171029
0.0164782
0.0164019
0.0159175
0.0143748
0.0119182
0.0094924
0.0078653
0.0070762
0.0070910
0.0076035
0.0078555
0.0074366
0.0068513
0.0067273
0.0065763
0.0051773
0.0030871
0.0019014
0.0013579
0.0005704
-0.0003342
-0.0008309
-0.0009356
-0.0005147
0.0006033
0.0017135
0.0022652
0.0022167
0.0014555
-0.0002003
-0.0022910
-0.0045135
-0.0076983
-0.0120888
-0.0167124
-0.0210054
-0.0251073
-0.0291682
-0.0331750
-0.0373868
-0.0419462
-0.0458380
-0.0486498
-0.0522421
-0.0574276
-0.0616555
-0.0634478
-0.0649545
-0.0677903
-0.0708544
-0.0723525
-0.0722684
-0.0721780
-0.0724951
-0.0721101
-0.0700792
-0.0670822
-0.0645468
-0.0625776
-0.0602273
-0.0571471
-0.0538044
-0.0505181
-0.0477200
-0.0460321
-0.0461001
-0.0477425
-0.0494728
-0.0503006
-0.0502054
-0.0501656
-0.0512763
-0.0523577
-0.0519764
-0.0511926
-0.0516632
-0.0529679
-0.0534887
-0.0530237
-0.0523019
-0.0518316
-0.0521495
-0.0531118
-0.0535472
-0.0528919
-0.0516574
-0.0500877
-0.0476875
-0.0439939
-0.0399608
-0.0364836
-0.0331521
-0.0304794
-0.0294504
-0.0291455
-0.0285385
-0.0281717
-0.0282203
-0.0283003
-0.0283997
-0.0289257
-0.0297869
-0.0300145
-0.0295377
-0.0292712
-0.0290146
-0.0281385
-0.0272804
-0.0268417
-0.0259473
-0.0238145
-0.0208963
-0.0177458
-0.0136430
-0.0074953
0.0008817
0.0102360
0.0188934
0.0262815
0.0325992
0.0381276
0.0428934
0.0471025
0.0506630
0.0527033
0.0534997
0.0542246
0.0547411
0.0543333
0.0526928
0.0500291
0.0470408
0.0432964
0.0380440
0.0328212
0.0304201
0.0313945
0.0341335
0.0367738
0.0379078
0.0375376
0.0372076
0.0383395
0.0398756
0.0391887
0.0362689
0.0341962
0.0343761
0.0351069
0.0343657
0.0314996
0.0278343
0.0251846
0.0236539
0.0224790
0.0216158
0.0205943
0.0188078
0.0171050
0.0159996
0.0144977
0.0119333
0.0095060
0.0087070
0.0084711
0.0073227
0.0064731
0.0072067
0.0087684
0.0101705
0.0115722
0.0132712
0.0151320
0.0165007
0.0169097
0.0174456
0.0195167
0.0230946
0.0267935
0.0296190
0.0316156
0.0335233
0.0360751
0.0390377
0.0417612
0.0437589
0.0447889
0.0455002
0.0467463
0.0479955
0.0487735
0.0496615
0.0505199
0.0507201
0.0507809
0.0511978
0.0509059
0.0490273
0.0468439
0.0460150
0.0457545
0.0441800
0.0416624
0.0395728
0.0378869
0.0365280
0.0355383
0.0340185
0.0311434
0.0278925
0.0253074
0.0223946
0.0185233
0.0144121
0.0107258
0.0076531
0.0052230
0.0030013
0.0001933
-0.0026665
-0.0051433
-0.0079976
-0.0106422
-0.0120878
-0.0129618
-0.0142181
-0.0161372
-0.0180085
-0.0186132
-0.0180414
-0.0175407
-0.0176606
-0.0179891
-0.0173049
-0.0145516
-0.0107101
-0.0069902
-0.0033945
-0.0004893
0.0011150
0.0016008
0.0015443
0.0015696
0.0011698
-0.0004289
-0.0027988
-0.0049329
-0.0058802
-0.0056099
-0.0051540
-0.0051700
-0.0054876
-0.0056345
-0.0054199
-0.0051108
-0.0049274
-0.0049066
-0.0049526
-0.0049046
-0.0047842
-0.0048125
-0.0057076
-0.0075834
-0.0089037
-0.0086180
-0.0077234
-0.0082564
-0.0106108
-0.0131626
-0.0148344
-0.0157768
-0.0168022
-0.0180251
-0.0187482
-0.0195750
-0.0211370
-0.0223348
-0.0233035
-0.0256651
-0.0291620
-0.0323544
-0.0350258
-0.0375576
-0.0397376
-0.0413517
-0.0421566
-0.0418632
-0.0407727
-0.0392608
-0.0372694
-0.0344585
-0.0306385
-0.0260349
-0.0214146
-0.0172179
-0.0127668
-0.0077537
-0.0030944
0.0010212
0.0059371
0.0118268
0.0172686
0.0210138
0.0228139
0.0242683
0.0264383
0.0281752
0.0285935
0.0280050
0.0267760
0.0253595
0.0241582
0.0226405
0.0204384
0.0180878
0.0159693
0.0134676
0.0104142
0.0084126
0.0081082
0.0075733
0.0057616
0.0040537
0.0030351
0.0016913
-0.0003899
-0.0025663
-0.0044127
-0.0059906
-0.0073245
-0.0086599
-0.0104194
-0.0124062
-0.0139406
-0.0151039
-0.0166214
-0.0187133
-0.0209333
-0.0228326
-0.0244797
-0.0261078
-0.0276962
-0.0289575
-0.0299457
-0.0307609
-0.0308591
-0.0305418
-0.0311237
-0.0323226
-0.0325168
-0.0322413
-0.0331503
-0.0344281
-0.0338746
-0.0311486
-0.0279288
-0.0248508
-0.0207149
-0.0147088
-0.0078081
-0.0016648
0.0033368
0.0075745
0.0112834
0.0148860
0.0188464
0.0234801
0.0286432
0.0333989
0.0371864
0.0405999
0.0439903
0.0467186
0.0487128
0.0505071
0.0516686
0.0514842
0.0498826
0.0467478
0.0426250
0.0388339
0.0351197
0.0305113
0.0259599
0.0230651
0.0219760
0.0216796
0.0212906
0.0205278
0.0192012
0.0171718
0.0147308
0.0125881
0.0110922
0.0096452
0.0076720
0.0052148
0.0024857
-0.0002227
-0.0027855
-0.0048283
-0.0059522
-0.0066430
-0.0075660
-0.0087825
-0.0099161
-0.0105714
-0.0107616
-0.0111685
-0.0121845
-0.0135649
-0.0149283
-0.0156147
-0.0153774
-0.0148358
-0.0146381
-0.0141997
-0.0125332
-0.0105273
-0.0092802
-0.0080370
-0.0060245
-0.0037275
-0.0019767
-0.0007271
0.0011955
0.0040347
0.0066413
0.0087261
0.0107187
0.0129628
0.0152333
0.0168095
0.0178726
0.0188957
0.0195201
0.0193272
0.0181840
0.0163635
0.0148847
0.0145032
0.0150378
0.0162171
0.0179009
0.0196373
0.0209473
0.0213204
0.0208226
0.0202570
0.0194085
0.0166746
0.0110237
0.0039216
-0.0016361
-0.0048450
-0.0082813
-0.0140526
-0.0205846
-0.0249137
-0.0260846
-0.0255976
-0.0259730
-0.0277193
-0.0290835
-0.0291510
-0.0288358
-0.0294783
-0.0306674
-0.0302622
-0.0276911
-0.0252772
-0.0249851
-0.0262072
-0.0276460
-0.0286850
-0.0292287
-0.0295354
-0.0296543
-0.0294034
-0.0285872
-0.0267962
-0.0238244
-0.0204100
-0.0180371
-0.0174005
-0.0172426
-0.0160951
-0.0142702
-0.0130265
-0.0130053
-0.0136234
-0.0138829
-0.0135029
-0.0129271
-0.0126278
-0.0126349
-0.0127218
-0.0126472
-0.0124056
-0.0121325
-0.0120517
-0.0125933
-0.0135896
-0.0146023
-0.0159408
-0.0180538
-0.0206057
-0.0222456
-0.0220614
-0.0210667
-0.0206411
-0.0208103
-0.0209256
-0.0206482
-0.0201774
-0.0201875
-0.0212665
-0.0228572
-0.0235562
-0.0229798
-0.0221206
-0.0211953
-0.0194779
-0.0170487
-0.0138734
-0.0091473
-0.0027487
0.0039701
0.0097306
0.0147449
0.0193670
0.0236817
0.0278946
0.0323577
0.0378752
0.0442390
0.0493993
0.0516914
0.0522643
0.0538903
0.0575425
0.0612651
0.0625003
0.0612553
0.0595453
0.0580813
0.0557312
0.0522058
0.0482718
0.0434361
0.0364381
0.0273501
0.0181602
0.0111265
0.0072285
0.0063309
0.0071737
0.0083120
0.0090974
0.0095456
0.0100867
0.0109405
0.0124492
0.0149637
0.0177410
0.0199381
0.0217140
0.0234034
0.0253722
0.0277245
0.0298221
0.0313439
0.0327749
0.0348504
0.0372624
0.0385068
0.0385892
0.0398219
0.0427765
0.0447246
0.0446886
0.0448953
0.0459481
0.0463504
0.0457510
0.0449274
0.0444600
0.0443082
0.0439845
0.0434068
0.0428713
0.0423713
0.0414920
0.0397217
0.0376460
0.0364639
0.0356065
0.0338234
0.0319488
0.0312964
0.0315449
0.0320443
0.0328162
0.0338835
0.0351184
0.0364020
0.0369946
0.0364098
0.0355880
0.0358554
0.0373095
0.0384983
0.0382649
0.0370699
0.0360828
0.0359357
0.0357171
0.0341400
0.0314603
0.0289942
0.0269269
0.0242676
0.0212484
0.0186220
0.0161054
0.0137807
0.0120943
0.0102493
0.0075610
0.0048886
0.0032101
0.0018209
-0.0006113
-0.0034205
-0.0051904
-0.0064789
-0.0080178
-0.0091767
-0.0100934
-0.0119202
-0.0147770
-0.0173370
-0.0189223
-0.0197641
-0.0198536
-0.0198118
-0.0206992
-0.0224605
-0.0236560
-0.0233060
-0.0222279
-0.0217373
-0.0219657
-0.0228246
-0.0248206
-0.0273713
-0.0292877
-0.0308337
-0.0329622
-0.0354207
-0.0376509
-0.0398301
-0.0418963
-0.0438117
-0.0456692
-0.0479065
-0.0511183
-0.0542696
-0.0566521
-0.0594768
-0.0629182
-0.0655218
-0.0663417
-0.0660339
-0.0661004
-0.0669103
-0.0672775
-0.0662585
-0.0647359
-0.0643609
-0.0652383
-0.0662538
-0.0670610
-0.0680469
-0.0692825
-0.0702205
-0.0699562
-0.0682508
-0.0658271
-0.0636283
-0.0618115
-0.0598022
-0.0574932
-0.0547898
-0.0519345
-0.0498159
-0.0481884
-0.0466719
-0.0456165
-0.0445073
-0.0426379
-0.0406005
-0.0394989
-0.0394141
-0.0397576
-0.0406175
-0.0417608
-0.0423099
-0.0427703
-0.0437875
-0.0444183
-0.0447940
-0.0464316
-0.0491028
-0.0513656
-0.0531669
-0.0555066
-0.0581425
-0.0598428
-0.0609326
-0.0625903
-0.0643958
-0.0652055
-0.0648502
-0.0639836
-0.0630588
-0.0616063
-0.0589798
-0.0551565
-0.0503822
-0.0445391
-0.0378346
-0.0313945
-0.0256368
-0.0201732
-0.0157108
-0.0128484
-0.0108236
-0.0094541
-0.0090143
-0.0090141
-0.0085718
-0.0069997
-0.0049691
-0.0039797
-0.0039558
-0.0032326
-0.0013773
0.0000083
0.0000228
-0.0002396
0.0007755
0.0028624
0.0040734
0.0040593
0.0045881
0.0063059
0.0080194
0.0088652
0.0090517
0.0093009
0.0102246
0.0116257
0.0132296
0.0154475
0.0183264
0.0207960
0.0219654
0.0219795
0.0217459
0.0218721
0.0222494
0.0225430
0.0225599
0.0224351
0.0223611
0.0227943
0.0241392
0.0256934
0.0261934
0.0255787
0.0249325
0.0250116
0.0259509
0.0275325
0.0287698
0.0288895
0.0289566
0.0306083
0.0333227
0.0351563
0.0360415
0.0371985
0.0390625
0.0410056
0.0421202
0.0426609
0.0435337
0.0446219
0.0452265
0.0461120
0.0480957
0.0498418
0.0503217
0.0503389
0.0508987
0.0522586
0.0534594
0.0531773
0.0513109
0.0489556
0.0475226
0.0474899
0.0478389
0.0475484
0.0467499
0.0461683
0.0466554
0.0483347
0.0502970
0.0519727
0.0537849
0.0561556
0.0585978
0.0603863
0.0621963
0.0644575
0.0663972
0.0687311
0.0716950
0.0739013
0.0758005
0.0782126
0.0800305
0.0805537
0.0804502
0.0804192
0.0807098
0.0811002
0.0809345
0.0799995
0.0789308
0.0778937
0.0762544
0.0734632
0.0696874
0.0660234
0.0629134
0.0592729
0.0545691
0.0500304
0.0465887
0.0432858
0.0389708
0.0340491
0.0293621
0.0252346
0.0222916
0.0206337
0.0187237
0.0152196
0.0104890
0.0056299
0.0020730
0.0005077
-0.0011237
-0.0047821
-0.0091258
-0.0122955
-0.0139380
-0.0145108
-0.0150253
-0.0158749
-0.0164195
-0.0167406
-0.0180551
-0.0198289
-0.0203972
-0.0200768
-0.0204787
-0.0222875
-0.0240512
-0.0244743
-0.0240610
-0.0237779
-0.0239208
-0.0241123
-0.0243955
-0.0243339
-0.0238713
-0.0243441
-0.0253613
-0.0256993
-0.0256606
-0.0259317
-0.0263520
-0.0265754
-0.0273069
-0.0289970
-0.0309603
-0.0321317
-0.0324439
-0.0331255
-0.0345794
-0.0362156
-0.0377912
-0.0392884
-0.0405966
-0.0416062
-0.0421361
-0.0425232
-0.0431610
-0.0433259
-0.0424479
-0.0413584
-0.0413598
-0.0419041
-0.0411884
-0.0389014
-0.0359688
-0.0329795
-0.0295568
-0.0255359
-0.0219277
-0.0194331
-0.0173124
-0.0150270
-0.0136385
-0.0136475
-0.0140522
-0.0142946
-0.0142795
-0.0140716
-0.0143459
-0.0153814
-0.0165393
-0.0174628
-0.0185016
-0.0193472
-0.0191736
-0.0189584
-0.0200041
-0.0212340
-0.0214650
-0.0212997
-0.0216519
-0.0223448
-0.0228024
-0.0229148
-0.0231764
-0.0235315
-0.0223359
-0.0196144
-0.0179317
-0.0182034
-0.0184956
-0.0173114
-0.0154796
-0.0146627
-0.0154846
-0.0169407
-0.0177702
-0.0175549
-0.0169163
-0.0167106
-0.0174274
-0.0184226
-0.0176218
-0.0151140
-0.0133069
-0.0128156
-0.0122372
-0.0111519
-0.0103977
-0.0100110
-0.0095561
-0.0092007
-0.0089004
-0.0082891
-0.0077331
-0.0075866
-0.0078170
-0.0081908
-0.0077216
-0.0065628
-0.0064166
-0.0075170
-0.0083186
-0.0080279
-0.0071580
-0.0063094
-0.0063769
-0.0078003
-0.0093517
-0.0094482
-0.0078759
-0.0062634
-0.0060330
-0.0068051
-0.0076730
-0.0078617
-0.0072876
-0.0066137
-0.0061134
-0.0055293
-0.0042019
-0.0021353
-0.0003126
0.0010028
0.0018789
0.0022269
0.0027976
0.0038981
0.0053445
0.0068193
0.0072860
0.0070687
0.0072084
0.0077739
0.0086232
0.0094216
0.0096873
0.0090097
0.0072519
0.0052578
0.0045341
0.0052280
0.0054756
0.0041495
0.0026796
0.0023798
0.0025124
0.0020663
0.0013256
0.0009667
0.0006009
-0.0007047
-0.0029722
-0.0052056
-0.0065746
-0.0072350
-0.0078814
-0.0087446
-0.0097161
-0.0109080
-0.0123748
-0.0141376
-0.0159707
-0.0175549
-0.0191522
-0.0209528
-0.0225593
-0.0233213
-0.0228785
-0.0218951
-0.0214841
-0.0213188
-0.0200489
-0.0173617
-0.0138083
-0.0093518
-0.0040116
0.0009766
0.0049776
0.0086908
0.0126115
0.0173471
0.0239437
0.0314717
0.0369501
0.0402638
0.0442995
0.0495775
0.0539550
0.0563619
0.0576094
0.0585758
0.0593281
0.0598622
0.0603250
0.0604526
0.0599848
0.0591275
0.0583948
0.0577104
0.0561258
0.0531816
0.0497165
0.0467186
0.0438695
0.0405752
0.0368700
0.0332107
0.0305334
0.0286491
0.0263103
0.0233317
0.0208698
0.0193594
0.0173672
0.0140003
0.0101423
0.0070007
0.0048345
0.0029242
0.0007456
-0.0016069
-0.0041791
-0.0066877
-0.0083654
-0.0094935
-0.0106339
-0.0114017
-0.0119417
-0.0131135
-0.0146748
-0.0154278
-0.0151056
-0.0148725
-0.0157501
-0.0172034
-0.0182241
-0.0183464
-0.0177718
-0.0174459
-0.0179774
-0.0190506
-0.0197594
-0.0198362
-0.0197735
-0.0197533
-0.0200322
-0.0205199
-0.0207220
-0.0212854
-0.0228453
-0.0241815
-0.0240007
-0.0226586
-0.0218420
-0.0224780
-0.0234103
-0.0233336
-0.0225939
-0.0226076
-0.0236679
-0.0248079
-0.0256125
-0.0266029
-0.0280742
-0.0295255
-0.0306418
-0.0314337
-0.0315585
-0.0312944
-0.0319695
-0.0337665
-0.0353131
-0.0357815
-0.0357892
-0.0360360
-0.0362049
-0.0359046
-0.0352772
-0.0348615
-0.0352573
-0.0366414
-0.0384272
-0.0399060
-0.0412334
-0.0429609
-0.0448816
-0.0460834
-0.0461835
-0.0455952
-0.0450240
-0.0446976
-0.0447362
-0.0457432
-0.0473347
-0.0482734
-0.0481559
-0.0475074
-0.0467786
-0.0454799
-0.0427430
-0.0391721
-0.0358872
-0.0320465
-0.0271913
-0.0230183
-0.0197221
-0.0152760
-0.0097811
-0.0052036
-0.0013529
0.0030160
0.0072175
0.0101873
0.0127945
0.0155213
0.0176193
0.0197854
0.0232524
0.0273673
0.0307714
0.0336448
0.0367479
0.0398347
0.0424976
0.0449343
0.0475437
0.0501262
0.0518571
0.0526526
0.0535331
0.0551246
0.0567349
0.0577236
0.0585578
0.0595563
0.0605821
0.0614008
0.0613485
0.0602194
0.0594638
0.0598178
0.0591290
0.0562203
0.0531987
0.0515563
0.0499346
0.0468440
0.0432561
0.0410387
0.0404575
0.0409581
0.0421187
0.0435000
0.0445693
0.0446467
0.0441715
0.0445317
0.0458773
0.0468546
0.0466945
0.0462951
0.0464307
0.0463140
0.0450165
0.0430932
0.0412563
0.0391289
0.0363055
0.0326715
0.0286617
0.0252301
0.0221234
0.0186294
0.0151773
0.0121441
0.0098758
0.0086158
0.0074815
0.0057489
0.0040381
0.0029928
0.0021781
0.0008902
-0.0011003
-0.0030654
-0.0044380
-0.0057975
-0.0073974
-0.0089648
-0.0107509
-0.0128049
-0.0143589
-0.0147572
-0.0142376
-0.0140079
-0.0151323
-0.0172310
-0.0187246
-0.0191720
-0.0200096
-0.0215860
-0.0228228
-0.0234180
-0.0238171
-0.0241814
-0.0246086
-0.0256417
-0.0270721
-0.0277040
-0.0270692
-0.0258798
-0.0251900
-0.0255740
-0.0262555
-0.0253577
-0.0226991
-0.0206301
-0.0206730
-0.0220277
-0.0235242
-0.0245716
-0.0250504
-0.0254217
-0.0261046
-0.0269032
-0.0272443
-0.0274952
-0.0285516
-0.0298252
-0.0301306
-0.0296911
-0.0302024
-0.0320864
-0.0333129
-0.0327824
-0.0316521
-0.0311760
-0.0315076
-0.0322200
-0.0329054
-0.0335691
-0.0347138
-0.0362754
-0.0375157
-0.0386364
-0.0403428
-0.0421957
-0.0437653
-0.0455158
-0.0472057
-0.0480471
-0.0482614
-0.0484348
-0.0483880
-0.0481471
-0.0480799
-0.0471506
-0.0446295
-0.0419697
-0.0399462
-0.0377541
-0.0349473
-0.0317354
-0.0284577
-0.0253031
-0.0224670
-0.0203053
-0.0191863
-0.0189833
-0.0187704
-0.0176926
-0.0166788
-0.0175141
-0.0195022
-0.0202575
-0.0191129
-0.0172942
-0.0162742
-0.0164324
-0.0168993
-0.0168658
-0.0160870
-0.0147767
-0.0136822
-0.0133790
-0.0133929
-0.0126907
-0.0111383
-0.0093780
-0.0078423
-0.0066434
-0.0053439
-0.0031131
-0.0002048
0.0019122
0.0029110
0.0035109
0.0039322
0.0049849
0.0070747
0.0086558
0.0091354
0.0097735
0.0110750
0.0126808
0.0141619
0.0148527
0.0149427
0.0157343
0.0174656
0.0186522
0.0184665
0.0177640
0.0175342
0.0178257
0.0180917
0.0184051
0.0192223
0.0201748
0.0209616
0.0221468
0.0241981
0.0262465
0.0267640
0.0263046
0.0266052
0.0275197
0.0286539
0.0306025
0.0325941
0.0334807
0.0341202
0.0356229
0.0375635
0.0388507
0.0393841
0.0401194
0.0410293
0.0408415
0.0399035
0.0401808
0.0416029
0.0421927
0.0415933
0.0416586
0.0431429
0.0443576
0.0444910
0.0447957
0.0457968
0.0469702
0.0480788
0.0486594
0.0483183
0.0474724
0.0466868
0.0457536
0.0446600
0.0444875
0.0452726
0.0453286
0.0437533
0.0417047
0.0409731
0.0415513
0.0411819
0.0390037
0.0371303
0.0367400
0.0363429
0.0345391
0.0321294
0.0305113
0.0296224
0.0287301
0.0277037
0.0267092
0.0254220
0.0235750
0.0215692
0.0196383
0.0180284
0.0168909
0.0157106
0.0144446
0.0135096
0.0129755
0.0126163
0.0125819
0.0133943
0.0145777
0.0152747
0.0162587
0.0179573
0.0189457
0.0189045
0.0186620
0.0180186
0.0165675
0.0146130
0.0122445
0.0099773
0.0085740
0.0074421
0.0056310
0.0038033
0.0032339
0.0029405
0.0009757
-0.0025939
-0.0055842
-0.0065849
-0.0066831
-0.0078213
-0.0106552
-0.0137956
-0.0162482
-0.0183391
-0.0200384
-0.0214587
-0.0233615
-0.0259395
-0.0285717
-0.0309151
-0.0329709
-0.0342828
-0.0351938
-0.0369761
-0.0390293
-0.0392609
-0.0379184
-0.0373345
-0.0379363
-0.0384766
-0.0385575
-0.0383760
-0.0379350
-0.0372296
-0.0357880
-0.0335471
-0.0316456
-0.0305016
-0.0290902
-0.0267881
-0.0242841
-0.0228278
-0.0230937
-0.0236809
-0.0223495
-0.0193853
-0.0171513
-0.0163461
-0.0155469
-0.0142153
-0.0133964
-0.0134322
-0.0135832
-0.0134807
-0.0129992
-0.0120868
-0.0109205
-0.0098075
-0.0089138
-0.0080440
-0.0071986
-0.0067244
-0.0067947
-0.0065762
-0.0049935
-0.0030285
-0.0028247
-0.0039148
-0.0036196
-0.0022543
-0.0025332
-0.0042739
-0.0050927
-0.0044559
-0.0037553
-0.0039893
-0.0054409
-0.0073868
-0.0083624
-0.0079958
-0.0073195
-0.0072590
-0.0075925
-0.0078476
-0.0077509
-0.0067564
-0.0048412
-0.0029478
-0.0015902
-0.0001811
0.0017088
0.0031585
0.0033326
0.0031311
0.0034983
0.0037784
0.0033732
0.0025239
0.0011273
-0.0008869
-0.0032993
-0.0057642
-0.0080935
-0.0105239
-0.0129817
-0.0153686
-0.0178599
-0.0198706
-0.0211310
-0.0228684
-0.0255898
-0.0278524
-0.0286124
-0.0290111
-0.0301845
-0.0314548
-0.0317523
-0.0311457
-0.0303284
-0.0290212
-0.0270829
-0.0257893
-0.0257696
-0.0261094
-0.0257035
-0.0245458
-0.0233333
-0.0219504
-0.0202343
-0.0188080
-0.0176448
-0.0164058
-0.0156897
-0.0156794
-0.0156634
-0.0151445
-0.0139867
-0.0127827
-0.0121434
-0.0115899
-0.0107781
-0.0097814
-0.0082563
-0.0062849
-0.0046010
-0.0028156
0.0000418
0.0032357
0.0058651
0.0083019
0.0106075
0.0122653
0.0131857
0.0141198
0.0160178
0.0187414
0.0208891
0.0218689
0.0225125
0.0231278
0.0233220
0.0230758
0.0227862
0.0230239
0.0239176
0.0248959
0.0255144
0.0253554
0.0244874
0.0238240
0.0235607
0.0235557
0.0240632
0.0246753
0.0249306
0.0248657
0.0247271
0.0253389
0.0266194
0.0272614
0.0267964
0.0259580
0.0256748
0.0257893
0.0253518
0.0244815
0.0242718
0.0247537
0.0247893
0.0237497
0.0221140
0.0207303
0.0197588
0.0187229
0.0171149
0.0153215
0.0139464
0.0125884
0.0111665
0.0098314
0.0083375
0.0067292
0.0045400
0.0013235
-0.0013971
-0.0019652
-0.0018260
-0.0031185
-0.0050773
-0.0058338
-0.0052599
-0.0047054
-0.0048234
-0.0050359
-0.0046738
-0.0042303
-0.0046328
-0.0058276
-0.0075140
-0.0089770
-0.0092508
-0.0088958
-0.0095621
-0.0115011
-0.0130127
-0.0128716
-0.0124354
-0.0136961
-0.0158460
-0.0168695
-0.0165984
-0.0163875
-0.0173819
-0.0189194
-0.0196599
-0.0194889
-0.0194029
-0.0204171
-0.0218438
-0.0221653
-0.0214005
-0.0207862
-0.0212272
-0.0224075
-0.0234087
-0.0240217
-0.0249005
-0.0264432
-0.0280057
-0.0291493
-0.0304866
-0.0326680
-0.0353821
-0.0372150
-0.0372098
-0.0367164
-0.0376097
-0.0393994
-0.0406477
-0.0412617
-0.0417024
-0.0417453
-0.0413318
-0.0412293
-0.0413289
-0.0407292
-0.0394202
-0.0375966
-0.0353831
-0.0334450
-0.0322301
-0.0310811
-0.0292718
-0.0272797
-0.0256631
-0.0239934
-0.0218100
-0.0193675
-0.0171192
-0.0149589
-0.0124310
-0.0098672
-0.0075696
-0.0047735
-0.0015135
0.0009985
0.0023406
0.0031576
0.0045871
0.0071412
0.0099149
0.0119221
0.0133500
0.0147153
0.0160745
0.0177173
0.0195705
0.0211523
0.0224104
0.0236578
0.0252501
0.0265071
0.0265163
0.0258646
0.0261717
0.0284220
0.0311769
0.0323064
0.0321468
0.0325985
0.0344656
0.0368404
0.0386981
0.0396809
0.0397639
0.0396855
0.0405692
0.0418167
0.0418275
0.0404362
0.0386777
0.0374294
0.0365357
0.0353615
0.0335980
0.0317052
0.0305048
0.0296112
0.0282651
0.0267254
0.0248498
0.0223362
0.0197091
0.0171946
0.0147035
0.0121454
0.0098072
0.0080946
0.0061113
0.0031581
0.0003186
-0.0012130
-0.0018784
-0.0032161
-0.0054556
-0.0070239
-0.0073587
-0.0080294
-0.0095502
-0.0101793
-0.0092600
-0.0077049
-0.0063348
-0.0055088
-0.0042653
-0.0016348
0.0014026
0.0037475
0.0059614
0.0084583
0.0109491
0.0138188
0.0169436
0.0190795
0.0200004
0.0209867
0.0226774
0.0239023
0.0235310
0.0220000
0.0204538
0.0191548
0.0168095
0.0128200
0.0089010
0.0063846
0.0046682
0.0027895
0.0009190
-0.0000582
-0.0003075
-0.0005932
-0.0012922
-0.0026133
-0.0039449
-0.0047137
-0.0058320
-0.0073022
-0.0078556
-0.0076527
-0.0073145
-0.0066436
-0.0055887
-0.0046029
-0.0044861
-0.0051600
-0.0051883
-0.0042452
-0.0035683
-0.0037224
-0.0041475
-0.0041591
-0.0034527
-0.0022404
-0.0011660
-0.0008721
-0.0010136
-0.0001418
0.0020417
0.0040064
0.0048691
0.0056972
0.0075611
0.0098774
0.0114354
0.0122092
0.0131887
0.0143589
0.0149478
0.0154410
0.0167159
0.0181762
0.0191929
0.0201855
0.0210714
0.0212440
0.0208148
0.0204469
0.0200527
0.0188770
0.0175685
0.0174530
0.0177991
0.0170597
0.0155859
0.0148066
0.0147894
0.0143338
0.0130241
0.0115125
0.0106040
0.0105403
0.0103139
0.0092028
0.0080511
0.0072530
0.0064621
0.0057144
0.0052149
0.0053427
0.0052549
0.0036049
0.0015329
0.0010029
0.0014332
0.0007060
-0.0013530
-0.0032348
-0.0044865
-0.0056064
-0.0071504
-0.0095459
-0.0122259
-0.0142817
-0.0157558
-0.0169065
-0.0178725
-0.0191080
-0.0206080
-0.0216879
-0.0218225
-0.0210310
-0.0202705
-0.0207102
-0.0221244
-0.0233185
-0.0236838
-0.0234346
-0.0230404
-0.0228371
-0.0227953
-0.0227439
-0.0224237
-0.0216321
-0.0208605
-0.0204748
-0.0198829
-0.0186427
-0.0173164
-0.0166067
-0.0159162
-0.0143472
-0.0127109
-0.0118874
-0.0108706
-0.0089606
-0.0069666
-0.0054658
-0.0042239
-0.0026452
-0.0005197
0.0017073
0.0035740
0.0052739
0.0078290
0.0112228
0.0136375
0.0144990
0.0153757
0.0175904
0.0206125
0.0224658
0.0224488
0.0223887
0.0237221
0.0252910
0.0254739
0.0245683
0.0236247
0.0230399
0.0228534
0.0222484
0.0205684
0.0186708
0.0171263
0.0154865
0.0140419
0.0133169
0.0123562
0.0108413
0.0100872
0.0106208
0.0113390
0.0109053
0.0096818
0.0090907
0.0094117
0.0101244
0.0105144
0.0098691
0.0088477
0.0084265
0.0078310
0.0061214
0.0040231
0.0023713
0.0012869
0.0007558
0.0003826
-0.0001682
-0.0011270
-0.0025288
-0.0036037
-0.0041779
-0.0051531
-0.0064805
-0.0071745
-0.0074908
-0.0085522
-0.0100907
-0.0107146
-0.0103276
-0.0105888
-0.0122675
-0.0140858
-0.0150793
-0.0158330
-0.0170222
-0.0187184
-0.0204365
-0.0216952
-0.0228665
-0.0244789
-0.0264302
-0.0280813
-0.0289384
-0.0294839
-0.0306151
-0.0320141
-0.0328863
-0.0330925
-0.0330051
-0.0331177
-0.0329706
-0.0321919
-0.0314478
-0.0309721
-0.0301171
-0.0286847
-0.0270008
-0.0252468
-0.0237892
-0.0227696
-0.0220014
-0.0215283
-0.0213396
-0.0210857
-0.0206528
-0.0202651
-0.0201189
-0.0203900
-0.0213701
-0.0227624
-0.0234172
-0.0232761
-0.0230735
-0.0227836
-0.0228570
-0.0237626
-0.0243701
-0.0239967
-0.0234870
-0.0234784
-0.0238408
-0.0236636
-0.0220789
-0.0199203
-0.0188870
-0.0186870
-0.0175852
-0.0155981
-0.0142909
-0.0143016
-0.0147179
-0.0145715
-0.0139824
-0.0134853
-0.0130014
-0.0125138
-0.0125885
-0.0125976
-0.0111806
-0.0090236
-0.0075368
-0.0063931
-0.0046161
-0.0017076
0.0021187
0.0052995
0.0062554
0.0062096
0.0075970
0.0103268
0.0132236
0.0154907
0.0164268
0.0171334
0.0193431
0.0222688
0.0238853
0.0241043
0.0243141
0.0254420
0.0272414
0.0285119
0.0285909
0.0285877
0.0298504
0.0313867
0.0315514
0.0308529
0.0308561
0.0316381
0.0316652
0.0307328
0.0299885
0.0302538
0.0311413
0.0306875
0.0287145
0.0268368
0.0252804
0.0237216
0.0223641
0.0212499
0.0196838
0.0171143
0.0143099
0.0121779
0.0107548
0.0094735
0.0079087
0.0064100
0.0053071
0.0044552
0.0034730
0.0017204
-0.0004552
-0.0007337
0.0014710
0.0027320
0.0010131
-0.0009720
-0.0010120
-0.0005450
-0.0012462
-0.0030708
-0.0048830
-0.0055613
-0.0051448
-0.0046003
-0.0046468
-0.0053583
-0.0063352
-0.0069551
-0.0071472
-0.0072954
-0.0074528
-0.0074675
-0.0073087
-0.0067276
-0.0053614
-0.0041099
-0.0038941
-0.0034725
-0.0016049
0.0010316
0.0035684
0.0056642
0.0068042
0.0070937
0.0077854
0.0095924
0.0113319
0.0113646
0.0099840
0.0091411
0.0098222
0.0108520
0.0104367
0.0088988
0.0083493
0.0089190
0.0085402
0.0067331
0.0051029
0.0049505
0.0059571
0.0067604
0.0065549
0.0058420
0.0055472
0.0058152
0.0068637
0.0091314
0.0115681
0.0127453
0.0127976
0.0129282
0.0143262
0.0168032
0.0189110
0.0196052
0.0190955
0.0182730
0.0177186
0.0175698
0.0175161
0.0168314
0.0156095
0.0149348
0.0150199
0.0151956
0.0150307
0.0149768
0.0157505
0.0165685
0.0167543
0.0173845
0.0185459
0.0189114
0.0187786
0.0195256
0.0213470
0.0234058
0.0245308
0.0242955
0.0239935
0.0251930
0.0271744
0.0277745
0.0269923
0.0270404
0.0286707
0.0300801
0.0296660
0.0277723
0.0259312
0.0250229
0.0246527
0.0238720
0.0217131
0.0189412
0.0176560
0.0178864
0.0176000
0.0160252
0.0144241
0.0134641
0.0121851
0.0104958
0.0096581
0.0096077
0.0090492
0.0078406
0.0067946
0.0058032
0.0046203
0.0039396
0.0038273
0.0032994
0.0019910
0.0007644
-0.0001145
-0.0011711
-0.0020464
-0.0024938
-0.0031751
-0.0046506
-0.0067444
-0.0085088
-0.0093532
-0.0097892
-0.0101799
-0.0107356
-0.0120022
-0.0135959
-0.0144476
-0.0148036
-0.0159303
-0.0174517
-0.0179336
-0.0176946
-0.0184122
-0.0205480
-0.0223552
-0.0225911
-0.0227145
-0.0236568
-0.0246266
-0.0256362
-0.0268211
-0.0277626
-0.0283924
-0.0289318
-0.0296276
-0.0307440
-0.0324307
-0.0342781
-0.0358064
-0.0369179
-0.0379427
-0.0394557
-0.0414328
-0.0436087
-0.0455424
-0.0469796
-0.0481701
-0.0487433
-0.0487997
-0.0495394
-0.0513238
-0.0531777
-0.0540785
-0.0541777
-0.0545953
-0.0556400
-0.0561489
-0.0554642
-0.0544467
-0.0538634
-0.0540732
-0.0550409
-0.0552217
-0.0533920
-0.0517777
-0.0528143
-0.0545490
-0.0540067
-0.0514143
-0.0489393
-0.0478519
-0.0476119
-0.0468615
-0.0448112
-0.0423324
-0.0409919
-0.0400155
-0.0372572
-0.0332467
-0.0300686
-0.0280249
-0.0263665
-0.0244571
-0.0216421
-0.0181150
-0.0151020
-0.0131330
-0.0114906
-0.0094744
-0.0070770
-0.0047724
-0.0028085
-0.0012558
0.0000643
0.0015154
0.0032507
0.0051560
0.0067964
0.0081822
0.0093523
0.0098917
0.0099090
0.0106005
0.0125481
0.0141825
0.0141850
0.0137682
0.0148032
0.0168723
0.0183369
0.0191851
0.0200329
0.0206375
0.0213792
0.0229189
0.0243136
0.0250978
0.0261799
0.0271644
0.0272716
0.0275166
0.0290110
0.0306028
0.0313129
0.0318414
0.0322573
0.0324385
0.0326833
0.0334799
0.0350196
0.0361682
0.0362605
0.0366281
0.0378654
0.0385847
0.0382532
0.0383426
0.0398882
0.0417471
0.0429817
0.0444595
0.0468177
0.0492173
0.0507579
0.0518788
0.0535692
0.0558032
0.0576739
0.0587702
0.0590756
0.0593511
0.0604626
0.0615160
0.0615970
0.0613970
0.0617303
0.0623434
0.0624094
0.0616486
0.0607138
0.0601666
0.0596944
0.0582935
0.0557835
0.0535901
0.0521249
0.0500039
0.0472398
0.0452799
0.0442111
0.0431084
0.0419060
0.0407155
0.0389082
0.0364170
0.0338681
0.0319322
0.0304986
0.0285392
0.0260263
0.0237854
0.0218595
0.0198651
0.0175174
0.0146438
0.0114567
0.0084357
0.0060625
0.0041305
0.0018028
-0.0008902
-0.0031205
-0.0047771
-0.0060427
-0.0067933
-0.0068396
-0.0069541
-0.0082939
-0.0095839
-0.0091891
-0.0078934
-0.0067903
-0.0059107
-0.0052009
-0.0046466
-0.0039518
-0.0032193
-0.0026906
-0.0025901
-0.0036001
-0.0051755
-0.0058866
-0.0061144
-0.0071614
-0.0087530
-0.0097080
-0.0106037
-0.0127591
-0.0154609
-0.0168884
-0.0169418
-0.0176401
-0.0195530
-0.0207318
-0.0204874
-0.0203106
-0.0212289
-0.0226169
-0.0234234
-0.0232415
-0.0226297
-0.0224154
-0.0221552
-0.0208011
-0.0186682
-0.0175393
-0.0176404
-0.0167399
-0.0144514
-0.0130134
-0.0133090
-0.0137942
-0.0130354
-0.0112712
-0.0098593
-0.0098839
-0.0110645
-0.0123379
-0.0128958
-0.0129283
-0.0139132
-0.0165419
-0.0191259
-0.0201712
-0.0203676
-0.0212820
-0.0226726
-0.0232362
-0.0236336
-0.0248611
-0.0265366
-0.0281810
-0.0297417
-0.0311853
-0.0322501
-0.0328514
-0.0337410
-0.0350261
-0.0357080
-0.0358116
-0.0361734
-0.0369570
-0.0375735
-0.0374126
-0.0366906
-0.0362147
-0.0360769
-0.0356503
-0.0345258
-0.0329279
-0.0315156
-0.0301902
-0.0282687
-0.0257781
-0.0233076
-0.0214552
-0.0200546
-0.0185778
-0.0168111
-0.0149819
-0.0139201
-0.0139213
-0.0144590
-0.0144893
-0.0133769
-0.0124151
-0.0130238
-0.0145981
-0.0158012
-0.0162613
-0.0166338
-0.0173829
-0.0183707
-0.0189964
-0.0188088
-0.0186447
-0.0196377
-0.0213614
-0.0219311
-0.0205548
-0.0192579
-0.0199715
-0.0217446
-0.0225140
-0.0217842
-0.0207430
-0.0205021
-0.0212073
-0.0223026
-0.0230324
-0.0230167
-0.0225359
-0.0220274
-0.0214627
-0.0205018
-0.0191630
-0.0179522
-0.0172296
-0.0167000
-0.0157246
-0.0142765
-0.0129247
-0.0122414
-0.0122726
-0.0123411
-0.0121187
-0.0116710
-0.0107518
-0.0091233
-0.0074309
-0.0067818
-0.0065716
-0.0052996
-0.0033992
-0.0022385
-0.0014014
0.0000402
0.0014663
0.0026657
0.0042474
0.0059436
0.0074345
0.0085316
0.0087892
0.0085921
0.0091437
0.0108393
0.0125141
0.0127910
0.0119888
0.0116226
0.0123446
0.0136365
0.0142740
0.0137810
0.0131298
0.0131329
0.0138183
0.0144212
0.0144244
0.0144466
0.0146897
0.0148651
0.0155112
0.0170259
0.0183521
0.0183935
0.0176329
0.0175378
0.0190929
0.0212649
0.0219561
0.0214023
0.0218737
0.0237272
0.0248747
0.0246566
0.0250812
0.0267961
0.0278294
0.0274232
0.0273062
0.0286489
0.0301651
0.0305990
0.0310405
0.0324920
0.0339428
0.0343871
0.0340991
0.0341438
0.0349980
0.0360468
0.0367481
0.0371280
0.0373822
0.0373615
0.0369397
0.0366003
0.0369817
0.0377329
0.0375488
0.0359981
0.0343188
0.0337965
0.0340731
0.0340494
0.0332481
0.0320351
0.0314799
0.0318988
0.0322573
0.0318318
0.0310554
0.0303388
0.0294309
0.0286441
0.0283700
0.0275770
0.0258655
0.0246429
0.0243750
0.0238603
0.0224778
0.0208288
0.0197550
0.0191179
0.0177196
0.0157345
0.0147855
0.0150361
0.0150792
0.0139564
0.0124269
0.0118431
0.0121703
0.0121648
0.0110260
0.0096823
0.0092724
0.0095573
0.0097960
0.0095782
0.0091076
0.0085583
0.0079501
0.0076097
0.0073356
0.0068036
0.0063531
0.0059368
0.0050416
0.0040766
0.0038512
0.0041346
0.0042134
0.0039245
0.0035797
0.0034358
0.0031526
0.0019599
0.0004251
-0.0000827
-0.0002798
-0.0017657
-0.0039818
-0.0051764
-0.0055363
-0.0067942
-0.0089916
-0.0109192
-0.0120494
-0.0122883
-0.0119894
-0.0119107
-0.0125649
-0.0137697
-0.0149501
-0.0157579
-0.0163808
-0.0170753
-0.0171536
-0.0161420
-0.0151023
-0.0150277
-0.0155238
-0.0156914
-0.0153284
-0.0149487
-0.0148536
-0.0149336
-0.0153486
-0.0162148
-0.0172053
-0.0179911
-0.0183761
-0.0187467
-0.0199193
-0.0215588
-0.0227054
-0.0236328
-0.0245919
-0.0249153
-0.0245375
-0.0241565
-0.0240971
-0.0241118
-0.0240013
-0.0235564
-0.0221280
-0.0199406
-0.0185753
-0.0181436
-0.0171182
-0.0154002
-0.0142581
-0.0137683
-0.0132365
-0.0131668
-0.0140480
-0.0151086
-0.0154895
-0.0158308
-0.0171214
-0.0186918
-0.0196130
-0.0200122
-0.0207765
-0.0224653
-0.0242591
-0.0247703
-0.0241399
-0.0240916
-0.0252209
-0.0265688
-0.0272274
-0.0269258
-0.0261961
-0.0258457
-0.0258883
-0.0258249
-0.0255126
-0.0251486
-0.0246841
-0.0239159
-0.0234688
-0.0240215
-0.0249161
-0.0250575
-0.0246391
-0.0247904
-0.0257941
-0.0266523
-0.0265105
-0.0260138
-0.0265555
-0.0282313
-0.0293735
-0.0289363
-0.0279236
-0.0272575
-0.0268007
-0.0262614
-0.0252752
-0.0240760
-0.0232274
-0.0226894
-0.0222492
-0.0219432
-0.0217383
-0.0214549
-0.0211049
-0.0208201
-0.0206035
-0.0203879
-0.0201200
-0.0198897
-0.0203122
-0.0218610
-0.0233347
-0.0232068
-0.0224894
-0.0231323
-0.0246401
-0.0252268
-0.0248001
-0.0244251
-0.0244364
-0.0244289
-0.0241279
-0.0237130
-0.0229967
-0.0212882
-0.0187957
-0.0164502
-0.0149134
-0.0141142
-0.0132100
-0.0118216
-0.0104488
-0.0096659
-0.0091190
-0.0078518
-0.0059340
-0.0039788
-0.0018013
0.0006810
0.0028728
0.0046242
0.0063927
0.0083617
0.0100543
0.0114361
0.0131061
0.0151611
0.0173010
0.0193351
0.0210489
0.0222703
0.0233511
0.0246552
0.0262724
0.0278765
0.0286252
0.0288007
0.0296216
0.0309820
0.0316555
0.0317056
0.0324573
0.0339037
0.0348189
0.0347775
0.0346274
0.0350975
0.0357279
0.0359548
0.0357675
0.0352768
0.0347892
0.0347067
0.0354091
0.0368846
0.0379656
0.0376613
0.0366409
0.0360318
0.0363387
0.0377625
0.0394546
0.0397030
0.0385595
0.0377557
0.0383068
0.0396355
0.0405341
0.0405796
0.0400395
0.0395911
0.0400068
0.0408548
0.0411522
0.0411198
0.0412033
0.0410666
0.0406046
0.0400925
0.0394601
0.0384108
0.0371590
0.0362121
0.0352843
0.0341651
0.0331892
0.0319565
0.0300710
0.0279655
0.0259500
0.0243277
0.0236935
0.0235864
0.0224338
0.0200721
0.0183245
0.0182394
0.0187823
0.0183654
0.0164802
0.0141846
0.0130072
0.0126234
0.0113009
0.0093966
0.0089325
0.0097970
0.0097002
0.0080134
0.0064050
0.0053793
0.0045464
0.0042002
0.0039401
0.0029914
0.0015698
0.0003662
-0.0002180
-0.0004900
-0.0012547
-0.0027023
-0.0043977
-0.0058442
-0.0067428
-0.0073565
-0.0077779
-0.0078817
-0.0083374
-0.0097912
-0.0115073
-0.0121534
-0.0116860
-0.0115250
-0.0124833
-0.0135952
-0.0137315
-0.0131363
-0.0127048
-0.0127470
-0.0130109
-0.0134041
-0.0136650
-0.0132714
-0.0130034
-0.0137114
-0.0145977
-0.0152274
-0.0161690
-0.0174661
-0.0186226
-0.0196884
-0.0206748
-0.0212494
-0.0220004
-0.0237205
-0.0258370
-0.0269748
-0.0268097
-0.0267290
-0.0281086
-0.0302446
-0.0311756
-0.0304131
-0.0293520
-0.0291201
-0.0293978
-0.0294225
-0.0290247
-0.0285117
-0.0283401
-0.0286554
-0.0290681
-0.0294566
-0.0299017
-0.0298998
-0.0289224
-0.0272031
-0.0257818
-0.0253090
-0.0243799
-0.0215221
-0.0178629
-0.0150060
-0.0124643
-0.0092245
-0.0059185
-0.0035634
-0.0016132
0.0008298
0.0028485
0.0032019
0.0025770
0.0020027
0.0011288
-0.0005164
-0.0025806
-0.0045478
-0.0062477
-0.0075702
-0.0082041
-0.0087272
-0.0102191
-0.0119378
-0.0122935
-0.0114014
-0.0099840
-0.0082245
-0.0065655
-0.0047812
-0.0021097
0.0011074
0.0037117
0.0050491
0.0059463
0.0073581
0.0092666
0.0112207
0.0123549
0.0131355
0.0150952
0.0177486
0.0193850
0.0197546
0.0197533
0.0194920
0.0185600
0.0171511
0.0155147
0.0135654
0.0115107
0.0101576
0.0097647
0.0090958
0.0073263
0.0051872
0.0032947
0.0018872
0.0012640
0.0007498
-0.0008498
-0.0034062
-0.0056012
-0.0064371
-0.0061067
-0.0056300
-0.0058997
-0.0070410
-0.0083882
-0.0093766
-0.0100645
-0.0109951
-0.0124340
-0.0135217
-0.0137513
-0.0139552
-0.0145682
-0.0150081
-0.0151183
-0.0155515
-0.0162339
-0.0164117
-0.0160999
-0.0157999
-0.0160038
-0.0165343
-0.0163879
-0.0157899
-0.0163041
-0.0177330
-0.0182959
-0.0179492
-0.0178051
-0.0179809
-0.0180258
-0.0177800
-0.0170662
-0.0154839
-0.0136505
-0.0128591
-0.0131174
-0.0134052
-0.0131095
-0.0125755
-0.0127476
-0.0141117
-0.0157295
-0.0162971
-0.0165497
-0.0180171
-0.0204038
-0.0224059
-0.0233950
-0.0241621
-0.0257263
-0.0277037
-0.0288870
-0.0287221
-0.0278514
-0.0267799
-0.0253362
-0.0234755
-0.0206840
-0.0167932
-0.0128051
-0.0094876
-0.0073340
-0.0063032
-0.0056419
-0.0048963
-0.0039490
-0.0036126
-0.0047706
-0.0066560
-0.0084705
-0.0104655
-0.0128872
-0.0153825
-0.0171266
-0.0180897
-0.0193189
-0.0210087
-0.0220954
-0.0221591
-0.0217094
-0.0206632
-0.0187026
-0.0158936
-0.0120812
-0.0072276
-0.0019917
0.0028989
0.0070954
0.0104379
0.0131704
0.0159594
0.0193610
0.0229502
0.0256499
0.0275356
0.0296854
0.0321643
0.0339641
0.0347485
0.0355038
0.0366114
0.0367966
0.0354622
0.0336012
0.0318909
0.0300668
0.0279508
0.0257368
0.0235518
0.0214717
0.0198644
0.0189130
0.0177166
0.0157226
0.0142591
0.0141974
0.0147571
0.0154160
0.0164064
0.0176498
0.0192488
0.0218831
0.0245758
0.0253099
0.0246661
0.0252202
0.0272583
0.0288029
0.0295687
0.0305843
0.0317809
0.0324287
0.0322497
0.0317115
0.0313689
0.0310513
0.0303980
0.0299663
0.0300125
0.0295105
0.0283042
0.0274338
0.0268821
0.0254450
0.0233613
0.0223929
0.0227053
0.0229703
0.0225705
0.0222466
0.0230372
0.0243279
0.0246570
0.0242004
0.0240185
0.0242140
0.0245238
0.0247284
0.0242051
0.0227839
0.0212432
0.0201741
0.0192419
0.0176973
0.0155587
0.0139771
0.0134416
0.0129019
0.0114651
0.0094228
0.0077082
0.0067600
0.0060747
0.0050974
0.0038628
0.0026708
0.0017434
0.0011203
0.0002496
-0.0010620
-0.0020311
-0.0023927
-0.0024886
-0.0026350
-0.0031626
-0.0035585
-0.0030682
-0.0025135
-0.0031271
-0.0046400
-0.0056955
-0.0056144
-0.0050812
-0.0044423
-0.0034030
-0.0026970
-0.0030996
-0.0035740
-0.0030404
-0.0022842
-0.0021835
-0.0025083
-0.0027095
-0.0026110
-0.0027720
-0.0035948
-0.0045142
-0.0050347
-0.0055424
-0.0061690
-0.0067237
-0.0077900
-0.0097804
-0.0117598
-0.0127319
-0.0130848
-0.0137959
-0.0152804
-0.0169529
-0.0180885
-0.0189760
-0.0196493
-0.0198245
-0.0199768
-0.0202674
-0.0203196
-0.0202085
-0.0203903
-0.0206092
-0.0201336
-0.0193153
-0.0186619
-0.0173945
-0.0155046
-0.0143267
-0.0137374
-0.0125037
-0.0109046
-0.0102487
-0.0105706
-0.0107952
-0.0105278
-0.0103565
-0.0106741
-0.0110364
-0.0114608
-0.0125167
-0.0135348
-0.0135416
-0.0129714
-0.0130065
-0.0143793
-0.0162708
-0.0170824
-0.0168392
-0.0169444
-0.0176251
-0.0179319
-0.0176417
-0.0171747
-0.0165413
-0.0155822
-0.0145406
-0.0132868
-0.0113589
-0.0088010
-0.0058076
-0.0029628
-0.0009885
0.0004860
0.0023046
0.0046054
0.0072034
0.0096702
0.0111524
0.0116316
0.0120951
0.0134945
0.0158440
0.0173793
0.0167464
0.0153614
0.0150322
0.0153531
0.0149245
0.0132297
0.0106768
0.0081603
0.0059753
0.0035572
0.0008180
-0.0021090
-0.0052964
-0.0084287
-0.0108996
-0.0123748
-0.0134322
-0.0147961
-0.0162032
-0.0171680
-0.0174085
-0.0167345
-0.0154579
-0.0141355
-0.0128465
-0.0113915
-0.0094248
-0.0063767
-0.0028086
-0.0000563
0.0018903
0.0036685
0.0053062
0.0070320
0.0091759
0.0112569
0.0123388
0.0122035
0.0115184
0.0105613
0.0090082
0.0069772
0.0049450
0.0030862
0.0014439
-0.0000079
-0.0016766
-0.0036063
-0.0052619
-0.0064913
-0.0076807
-0.0093386
-0.0109579
-0.0113753
-0.0110189
-0.0113682
-0.0124347
-0.0130162
-0.0129539
-0.0125855
-0.0114551
-0.0099933
-0.0095075
-0.0099467
-0.0102354
-0.0099480
-0.0094573
-0.0092278
-0.0092736
-0.0093549
-0.0096317
-0.0100013
-0.0100232
-0.0096994
-0.0091017
-0.0084684
-0.0078920
-0.0070794
-0.0063072
-0.0056621
-0.0043894
-0.0025995
-0.0012360
-0.0005795
-0.0003035
0.0002261
0.0013477
0.0026815
0.0036018
0.0037678
0.0035313
0.0032794
0.0027821
0.0020624
0.0015246
0.0008131
-0.0006228
-0.0020286
-0.0022898
-0.0017358
-0.0014030
-0.0016355
-0.0026239
-0.0035880
-0.0037736
-0.0033042
-0.0029519
-0.0030653
-0.0033220
-0.0031648
-0.0022061
-0.0008302
0.0000423
0.0000450
-0.0003688
-0.0007360
-0.0006455
0.0002532
0.0012855
0.0014579
0.0009921
0.0007967
0.0013409
0.0025486
0.0038938
0.0047896
0.0050418
0.0048992
0.0052720
0.0068244
0.0086125
0.0093404
0.0096763
0.0109833
0.0124504
0.0127661
0.0130081
0.0144952
0.0160750
0.0161632
0.0153531
0.0153729
0.0164908
0.0173748
0.0170341
0.0159584
0.0157285
0.0166137
0.0169722
0.0163010
0.0160638
0.0169464
0.0177216
0.0174487
0.0168629
0.0170478
0.0180897
0.0192595
0.0198504
0.0198313
0.0201267
0.0214239
0.0229479
0.0239227
0.0247011
0.0253505
0.0256946
0.0264061
0.0273710
0.0277152
0.0275588
0.0272998
0.0271789
0.0275968
0.0281857
0.0276314
0.0259902
0.0249245
0.0249966
0.0247601
0.0224423
0.0182252
0.0144415
0.0128032
0.0125078
0.0116041
0.0094893
0.0075943
0.0072130
0.0077091
0.0076111
0.0064303
0.0052706
0.0056092
0.0068527
0.0072274
0.0066471
0.0063508
0.0071014
0.0081101
0.0078863
0.0067074
0.0063365
0.0071160
0.0076868
0.0070812
0.0058741
0.0052782
0.0055341
0.0061014
0.0061341
0.0051364
0.0036440
0.0023920
0.0015365
0.0007694
-0.0002282
-0.0016977
-0.0032464
-0.0039338
-0.0041553
-0.0051650
-0.0069161
-0.0086877
-0.0101929
-0.0114366
-0.0125985
-0.0137989
-0.0151693
-0.0168078
-0.0185941
-0.0203848
-0.0221188
-0.0236185
-0.0245968
-0.0249656
-0.0250128
-0.0253333
-0.0260320
-0.0264143
-0.0260716
-0.0253300
-0.0245744
-0.0240926
-0.0236859
-0.0227352
-0.0215613
-0.0208671
-0.0204889
-0.0200848
-0.0197556
-0.0195300
-0.0192751
-0.0190071
-0.0187476
-0.0185105
-0.0183048
-0.0180887
-0.0178582
-0.0174855
-0.0166835
-0.0154637
-0.0142275
-0.0133750
-0.0130750
-0.0129020
-0.0119047
-0.0100407
-0.0084432
-0.0076801
-0.0073733
-0.0072083
-0.0070795
-0.0068714
-0.0064251
-0.0055683
-0.0046983
-0.0046411
-0.0053521
-0.0058466
-0.0055983
-0.0050844
-0.0048905
-0.0050415
-0.0054179
-0.0058497
-0.0061772
-0.0066428
-0.0074035
-0.0082279
-0.0089592
-0.0095796
-0.0101869
-0.0109102
-0.0117011
-0.0123717
-0.0126991
-0.0128484
-0.0129271
-0.0125353
-0.0118426
-0.0114409
-0.0110910
-0.0103846
-0.0099158
-0.0100431
-0.0099377
-0.0092460
-0.0086945
-0.0086558
-0.0086564
-0.0081841
-0.0074839
-0.0070317
-0.0066552
-0.0062587
-0.0059661
-0.0054566
-0.0046185
-0.0039211
-0.0033681
-0.0028012
-0.0027008
-0.0028960
-0.0026973
-0.0025265
-0.0028599
-0.0030075
-0.0027163
-0.0028711
-0.0036121
-0.0039962
-0.0038421
-0.0038127
-0.0040368
-0.0040847
-0.0038645
-0.0036518
-0.0035623
-0.0035047
-0.0034247
-0.0031835
-0.0023846
-0.0009631
0.0002346
0.0003898
0.0001059
0.0007094
0.0023567
0.0036955
0.0041005
0.0047246
0.0058972
0.0065328
0.0064946
0.0067282
0.0076085
0.0086321
0.0091641
0.0090343
0.0084737
0.0077350
0.0071533
0.0068536
0.0064347
0.0057944
0.0052688
0.0045758
0.0034328
0.0025018
0.0023959
0.0027900
0.0032147
0.0039245
0.0049436
0.0055364
0.0054148
0.0055362
0.0067632
0.0081815
0.0088693
0.0094760
0.0104766
0.0113738
0.0118903
0.0122525
0.0125469
0.0130244
0.0140448
0.0150053
0.0150190
0.0144093
0.0142206
0.0148336
0.0154277
0.0149849
0.0137214
0.0128275
0.0127838
0.0127206
0.0119545
0.0110612
0.0107248
0.0108300
0.0108168
0.0102289
0.0092621
0.0085583
0.0082209
0.0077203
0.0068377
0.0059294
0.0054452
0.0054755
0.0056198
0.0054590
0.0048504
0.0040876
0.0039230
0.0043015
0.0041667
0.0032090
0.0022038
0.0018773
0.0021375
0.0023628
0.0022288
0.0019485
0.0018383
0.0018819
0.0019054
0.0018415
0.0018772
0.0024539
0.0033367
0.0037332
0.0036589
0.0036564
0.0040329
0.0045613
0.0045664
0.0041025
0.0040176
0.0043726
0.0045787
0.0046919
0.0049586
0.0051688
0.0050641
0.0049145
0.0054534
0.0065800
0.0071280
0.0068385
0.0069098
0.0078460
0.0086906
0.0089318
0.0091395
0.0093250
0.0090728
0.0088328
0.0090407
0.0092878
0.0090884
0.0086170
0.0082977
0.0081653
0.0081385
0.0083165
0.0086042
0.0085962
0.0080997
0.0074151
0.0070948
0.0073056
0.0076179
0.0077663
0.0078132
0.0076071
0.0069555
0.0061722
0.0057155
0.0053985
0.0047338
0.0034760
0.0018169
0.0003045
-0.0009837
-0.0023163
-0.0034519
-0.0041771
-0.0049260
-0.0057845
-0.0063665
-0.0068951
-0.0076811
-0.0084285
-0.0088455
-0.0090724
-0.0092981
-0.0094025
-0.0092761
-0.0090897
-0.0090826
-0.0093870
-0.0097767
-0.0098862
-0.0098948
-0.0100565
-0.0102108
-0.0103857
-0.0107214
-0.0110938
-0.0112975
-0.0111828
-0.0108562
-0.0107777
-0.0113396
-0.0123025
-0.0131116
-0.0134166
-0.0133427
-0.0135408
-0.0141330
-0.0144443
-0.0144246
-0.0146308
-0.0149569
-0.0148834
-0.0144025
-0.0139317
-0.0136797
-0.0135841
-0.0135527
-0.0133083
-0.0127714
-0.0124093
-0.0122630
-0.0118843
-0.0113543
-0.0110010
-0.0108133
-0.0105274
-0.0100207
-0.0096150
-0.0095599
-0.0095562
-0.0093064
-0.0089189
-0.0085940
-0.0083847
-0.0082026
-0.0079643
-0.0075763
-0.0070076
-0.0064551
-0.0060635
-0.0056790
-0.0052186
-0.0048715
-0.0045495
-0.0038642
-0.0028311
-0.0017769
-0.0008641
-0.0001013
0.0005876
0.0013973
0.0023554
0.0030297
0.0031789
0.0032976
0.0037913
0.0042907
0.0044392
0.0045551
0.0049589
0.0053422
0.0053281
0.0051557
0.0051864
0.0053109
0.0053561
0.0054404
0.0055747
0.0055667
0.0054801
0.0054767
0.0054881
0.0054807
0.0055598
0.0056811
0.0056569
0.0055306
0.0054896
0.0054992
0.0054724
0.0054538
0.0054035
0.0052578
0.0051033
0.0049223
0.0046695
0.0045242
0.0045110
0.0043308
0.0039017
0.0034634
0.0031490
0.0028426
0.0024223
0.0020743
0.0018644
0.0015178
0.0010911
0.0008502
0.0006960
0.0004070
0.0001060
0.0000503
0.0001630
0.0002114
0.0001094
-0.0000527
-0.0001129
-0.0000826
-0.0000417
0.0000714
0.0002428
0.0003163
0.0002745
0.0002398
0.0002694
0.0003325
0.0003681
0.0003671
0.0003729
0.0004031
0.0004314
0.0004500
0.0005784
0.0008950
0.0011795
0.0012030
0.0010661
0.0009985
0.0010647
0.0011343
0.0011191
0.0010773
0.0011580
0.0014439
0.0016990
0.0016899
0.0015804
0.0016691
0.0019483
0.0021089
0.0020165
0.0018522
0.0017857
0.0017996
0.0018445
0.0019526
0.0020519
0.0019737
0.0017736
0.0016541
0.0016471
0.0016127
0.0014498
0.0012598
0.0011801
0.0011535
0.0010481
0.0008926
0.0007719
0.0006670
0.0005118
0.0002906
0.0001083
0.0000050
-0.0000838
-0.0001549
-0.0001910
-0.0001817
-0.0001436
-0.0001454
-0.0001220
0.0000269
0.0001870
0.0002781
0.0003671
0.0004388
0.0004415
0.0004394
0.0005296
0.0006622
0.0007384
0.0007799
0.0008287
0.0008435
0.0008009
0.0007739
0.0008332
0.0009284
0.0009389
0.0008508
0.0007535
0.0006886
0.0006419
0.0005739
0.0004553
0.0003410
0.0002985
0.0002988
0.0002605
0.0001607
0.0000549
-0.0000111
-0.0000384
-0.0000617
-0.0001115
-0.0001660
-0.0002078
-0.0002461
-0.0002726
-0.0002994
-0.0003564
-0.0004284
-0.0004940
-0.0005532
-0.0005801
-0.0005630
-0.0005502
-0.0005892
-0.0006544
-0.0007026
-0.0007305
-0.0007450
-0.0007616
-0.0007775
-0.0007682
-0.0007300
-0.0006894
-0.0006721
-0.0006621
-0.0006283
-0.0005907
-0.0005807
-0.0005724
-0.0005323
-0.0004790
-0.0004445
-0.0004180
-0.0003733
-0.0003094
-0.0002532
-0.0002304
-0.0002251
-0.0002008
-0.0001477
-0.0000953
-0.0000754
-0.0000813
-0.0000813
-0.0000552
-0.0000099
0.0000254
0.0000315
0.0000221
0.0000192
0.0000275
0.0000380
0.0000420
0.0000406
0.0000399
0.0000451
0.0000617
0.0000791
0.0000780
0.0000670
0.0000678
0.0000822
0.0000921
0.0000882
0.0000780
0.0000690
0.0000670
0.0000723
0.0000768
0.0000746
0.0000678
0.0000635
0.0000628
0.0000616
0.0000595
0.0000603
0.0000644
0.0000681
0.0000695
0.0000669
0.0000615
0.0000569
0.0000543
0.0000517
0.0000481
0.0000436
0.0000401
0.0000392
0.0000401
0.0000398
0.0000346
0.0000264
0.0000219
0.0000229
0.0000233
0.0000176
0.0000087
0.0000024
0.0000000
-0.0000008
-0.0000022
-0.0000049
-0.0000079
-0.0000098
-0.0000114
-0.0000131
-0.0000148
-0.0000165
-0.0000178
-0.0000194
-0.0000221
-0.0000253
-0.0000276
-0.0000274
-0.0000267
-0.0000275
-0.0000291
-0.0000313
-0.0000327
-0.0000329
-0.0000329
-0.0000331
-0.0000339
-0.0000345
-0.0000349
-0.0000357
-0.0000368
-0.0000379
-0.0000388
-0.0000393
-0.0000397
-0.0000406
-0.0000415
-0.0000421
-0.0000427
-0.0000434
-0.0000439
-0.0000443
-0.0000446
-0.0000452
-0.0000458
-0.0000463
-0.0000465
-0.0000468
-0.0000474
-0.0000480
-0.0000483
-0.0000487
-0.0000492
-0.0000497
-0.0000501
-0.0000506
-0.0000510
-0.0000515
-0.0000519
-0.0000524
-0.0000527
-0.0000531
-0.0000535
-0.0000538
-0.0000542
-0.0000545
-0.0000548
-0.0000551
-0.0000554
-0.0000557
-0.0000560
-0.0000563
-0.0000566
-0.0000569
-0.0000573
-0.0000576
-0.0000579
-0.0000582
-0.0000586
-0.0000589
-0.0000593
