0.0139390
0.0205821
0.0203679
0.0062414
-0.0131956
-0.0180569
-0.0070897
0.0164000
0.0378970
0.0257576
0.0074213
-0.0176595
-0.0270855
-0.0027140
0.0246761
0.0263353
0.0103004
0.0129001
-0.0135864
-0.0120884
0.0260338
-0.0059332
-0.0188687
0.0185779
-0.0142763
-0.0161493
0.0416455
0.0396839
0.0151839
-0.0395952
-0.0744374
-0.0253966
0.0211077
0.0081919
-0.0090574
0.0161678
-0.0079811
-0.0066277
0.0167140
-0.0483251
-0.0423060
-0.0083482
-0.0076727
0.0118364
-0.0011965
0.0374752
0.0499964
0.0067727
-0.0629623
-0.0650568
-0.0345952
-0.0008063
0.0655101
0.0251252
-0.0080657
-0.0501125
-0.0571203
0.0131561
0.0277933
-0.0074417
-0.0072229
-0.0274910
-0.0420022
0.0187308
0.0491167
0.0407123
0.0139067
-0.0415322
-0.0474287
0.0149404
0.0211698
-0.0325755
0.0188983
0.0290941
-0.0439540
-0.0263815
0.0076086
0.0055842
0.0154955
-0.0266545
-0.0772743
-0.0371696
0.0003928
0.1461126
0.1031487
-0.1255773
-0.2094961
-0.1612923
0.0270679
0.1564126
0.1466921
-0.0805733
-0.2014041
-0.0714772
0.0568199
0.0671629
0.0681614
0.0458858
-0.0960928
-0.1300254
-0.1640176
-0.0568907
0.0816291
0.1596812
0.0389602
-0.1625148
-0.0210009
0.0128631
-0.0624899
-0.0495155
-0.0443189
0.0710963
0.0498515
-0.0363874
0.0594385
0.1502236
0.0883578
-0.1195850
-0.1545875
0.0062410
0.1071447
0.1834081
0.1352563
-0.1190774
-0.1853184
0.0705518
0.1516788
-0.0951271
-0.1566525
-0.0719964
0.0085784
0.0907366
-0.0152254
-0.0096385
-0.0394904
0.0953162
0.2683134
0.0798186
0.0166890
0.1196732
0.1336533
0.0649186
-0.1124722
-0.1668874
-0.1026746
0.0852330
-0.0042408
-0.0649711
0.0473977
0.0038897
0.0373618
0.0304657
-0.1054587
-0.1029954
0.0008244
0.0442283
0.0794142
0.0123049
-0.0322371
-0.0234889
0.0859581
0.0654952
-0.0773475
-0.0200247
-0.0157478
0.0201875
0.0375784
0.0256548
0.0405125
-0.0289837
0.0270672
-0.0502957
-0.1214921
0.0410789
0.1245967
0.0587710
-0.0311461
0.0147344
-0.0410870
-0.0643522
0.0705296
0.0985184
0.0146837
-0.1104490
-0.1229500
0.0135928
0.0912548
0.1525472
0.1096141
-0.1153152
-0.1495604
0.0363462
0.1242658
0.0041356
-0.0781800
0.0096348
0.0932878
0.0354893
-0.0502361
-0.0684809
-0.0466265
-0.0175344
-0.0987149
-0.0040559
0.0400966
-0.0134057
0.1099860
0.0798139
-0.0988825
-0.1370588
-0.0334114
0.0696020
0.0161016
-0.0130959
0.0133784
-0.0083733
0.0007424
-0.0185577
0.0160061
0.0657849
0.0019753
-0.0478931
0.0101901
0.0562823
0.0326108
-0.0277978
-0.0145137
0.0650818
0.0819490
0.0816984
0.0199565
-0.0206639
0.0641580
0.1345418
0.1093064
0.0568217
0.1169791
0.0728176
-0.0571632
-0.0047131
0.0398431
0.0241818
0.0839561
0.0181678
-0.0630578
0.0157684
0.0494288
0.0662722
0.0980170
0.0834201
0.0593107
0.1040844
0.1022778
0.0403610
0.0954909
0.0739862
-0.0093429
-0.0184753
-0.0487478
0.0421939
0.0416047
-0.0205840
0.0481447
0.0136796
-0.0745720
-0.0442319
0.0166939
-0.0951613
-0.1823445
-0.1128775
-0.0165763
0.0738360
0.0797384
-0.0320914
-0.1728523
-0.1970734
-0.1417148
-0.1319133
-0.0498006
-0.0598752
-0.0888493
-0.0826277
0.0137909
0.3433985
0.4954370
0.2599396
-0.1496904
-0.3201354
-0.2257885
0.0410042
0.1726847
0.3702899
0.2926515
0.1354040
0.1977728
-0.2147415
-0.3944286
-0.4584075
-0.4477665
-0.0540439
0.2410260
0.4014297
0.3432843
0.0494943
-0.1461618
-0.4483170
-0.4281203
0.1508681
0.2542969
-0.2633787
-0.4500351
-0.0011130
0.2492365
0.3810190
0.3147311
-0.1729954
-0.2690156
0.1953423
0.2749474
0.0398330
-0.1734983
-0.3699056
-0.3540972
-0.2096652
-0.0090602
0.0429045
0.0930963
0.3485817
-0.0452081
-0.4750972
-0.3032578
-0.1135737
0.0709468
0.2925258
0.1644786
0.0229066
0.1822882
0.0118399
-0.0180797
-0.0967373
-0.2419176
-0.1489954
-0.0992182
-0.0989854
-0.2281395
-0.2652745
-0.2123789
-0.1763724
0.1664539
0.3531840
-0.1542754
-0.2976368
0.2061423
0.3069642
-0.0961600
-0.3210530
-0.1053625
-0.0158048
-0.1156571
-0.1048414
0.0135525
0.1039260
0.1289439
0.1305160
0.1898947
0.0660897
-0.4203996
-0.2567592
0.4327500
0.5436943
0.3968505
0.2009215
-0.0742544
-0.0911633
0.1502121
0.2122257
-0.0065597
-0.0884493
-0.0008824
0.0002151
-0.1242261
-0.1577044
-0.0982373
0.0833266
0.2062521
0.1018893
0.0551889
-0.2168714
-0.2792231
0.0110120
0.1566091
0.1314099
-0.0860211
-0.2226499
-0.1995039
-0.0243254
0.1008174
0.0056004
-0.1553548
-0.2013319
-0.0375472
0.0872885
0.1178916
-0.0481712
-0.1657487
-0.1373939
-0.1692861
-0.1430780
-0.1421730
-0.0919393
-0.2845696
-0.4431309
-0.1426290
0.0072999
-0.1647575
-0.0731945
0.2474201
0.2649335
0.2817504
0.2623976
0.0492433
-0.0983911
-0.1629758
-0.1267625
0.0572263
0.0866555
0.0220597
0.0678656
0.0909846
0.2583877
0.1810816
-0.2551061
-0.2733073
0.0747017
0.1982612
-0.0410720
-0.1129042
0.0606890
-0.0642427
-0.2192238
-0.3675285
-0.2879553
0.1673469
0.3014212
0.4356950
0.4981146
0.1491052
-0.1136529
-0.0848494
0.1589254
0.4411209
0.5430324
0.4166961
0.2588674
0.1265191
-0.0171024
0.1892459
0.4443866
-0.0809164
-0.4143104
-0.2335293
-0.3179390
-0.4190659
-0.3999630
-0.4519006
-0.2974793
0.0481861
0.3669852
0.4066403
0.3922322
0.5939196
0.5630948
0.4041593
0.2078589
-0.0832386
-0.0482116
0.1709782
-0.1814241
-0.3949402
-0.1151403
0.0672166
0.2474693
0.2500544
-0.0655130
-0.3827285
-0.3743301
-0.1672732
0.0292819
0.2187325
0.3215443
0.2440316
-0.0623578
-0.3381589
-0.4632352
-0.6252501
-0.6600240
-0.6163749
-0.4051838
0.2219404
0.2199550
-0.3401212
-0.3046378
0.3551405
0.3539903
-0.4389404
-0.3395736
0.2188973
0.0007970
-0.2385377
-0.5007691
-0.5367062
-0.0142574
0.1402268
-0.2829426
-0.4419431
0.1037306
0.1706531
-0.4801041
-0.3123512
0.4307140
0.6312902
0.5322903
0.4732953
0.5632032
0.5668128
0.2710069
-0.2952988
-0.1605323
0.2694795
0.2346969
0.4979311
0.4060609
-0.0843286
-0.2738867
0.0901684
0.4586777
0.6017963
0.3636848
-0.2481657
-0.4723402
-0.3935053
-0.3855824
0.0324436
0.3638553
-0.0487143
-0.2239215
-0.0770861
0.3006785
0.5821529
0.6682735
0.5840069
0.2608760
-0.0648535
-0.1740791
-0.2380002
-0.1096426
0.4908679
0.1209212
-0.2427065
-0.0559725
0.0921456
0.2633180
0.1107566
0.1136771
-0.1147467
-0.0354584
0.1711863
0.2398584
0.1764489
-0.3430791
-0.4581734
0.0201468
-0.0329860
-0.6545373
-0.3624465
0.2720921
0.2102099
0.2102894
0.2727683
0.3887888
0.3166934
-0.1783520
-0.3642628
-0.3781319
-0.3615376
-0.4136659
-0.4888681
-0.1127188
0.2405347
0.1995762
-0.1594688
-0.3387022
-0.0764810
-0.1803562
-0.3368497
-0.3813239
-0.0870504
0.2566580
0.2261353
0.3265714
0.4286246
0.1850929
-0.0090024
-0.0857597
0.1288466
0.2859944
0.0606618
-0.2393859
-0.6372219
-0.4240064
-0.1083568
-0.2087216
-0.1029000
-0.1430950
-0.2575741
0.1237670
0.0624606
-0.5696262
-0.7172286
-0.1896678
0.0581006
-0.3207481
-0.1572651
0.0049252
-0.0530751
0.0841819
0.1882893
0.2078026
0.0366591
-0.1554545
-0.1952600
-0.0525929
0.0459769
0.0945901
0.1009434
-0.0163343
-0.3029515
-0.3486352
0.1385245
0.3968721
0.3606142
0.0046298
-0.1200490
0.1589067
-0.0265525
0.1111878
0.1498797
-0.4523052
-0.2524979
0.1072489
0.3094944
0.5264308
0.5287067
0.4001783
-0.1199330
-0.3754645
0.1669409
0.2030948
-0.1919133
0.0593181
0.2788937
0.2380941
-0.0370712
-0.0739552
0.3058010
0.4323064
0.3191514
-0.1111761
-0.2070541
0.2390536
0.3131228
0.1500286
-0.0809083
-0.0144228
0.2301582
-0.0819795
-0.2257726
-0.1266262
0.0767955
0.2472771
0.0079818
-0.2369164
-0.3059181
-0.1606219
-0.0323937
0.0252541
0.1331771
0.1947831
0.2693364
0.2970140
0.1511123
-0.0135000
-0.1431800
-0.1500849
-0.0323559
0.0907628
0.1193332
0.0885794
0.2119425
0.3109886
0.3013100
0.0047734
-0.2511497
0.0341825
0.1852548
0.0260112
-0.0212048
0.0255998
0.0361679
0.0349736
-0.1335845
-0.1952108
0.0501609
0.1416236
0.0041721
-0.0099551
-0.0728976
-0.1508768
0.0168012
0.0517223
0.1905868
0.2502408
-0.0959338
-0.4239514
-0.4488098
-0.2824122
-0.2439883
-0.1677977
0.1110497
0.2796740
0.2069457
-0.1430424
-0.3484719
-0.1479218
0.1072716
0.2681082
0.1310226
-0.0979250
-0.2325265
-0.4028501
-0.2952048
-0.1857100
-0.3223622
-0.3073125
-0.0816911
0.0363740
0.1852678
0.1863226
-0.0921962
0.0283404
-0.0260263
-0.4380489
-0.4722881
0.0135420
0.1367272
-0.2226340
0.0722704
0.2379438
-0.0029035
-0.2098501
-0.2351925
0.1895276
0.2741512
0.1895045
0.1692240
-0.4671974
-0.4342326
0.2298273
-0.0322417
-0.2383412
0.0452349
-0.1105205
-0.2218797
-0.1009928
-0.0095081
0.0630295
0.0254467
0.0780197
0.1161199
0.0444163
-0.0015233
-0.0168347
0.0520622
0.0878722
-0.0283315
-0.0385058
0.1146057
0.1396584
-0.0527055
-0.0358390
0.1442741
-0.0483260
-0.1562450
-0.0365310
0.0968537
0.1728581
0.2170289
0.2642544
0.2995066
0.2016440
-0.0716892
-0.0960525
0.0484456
0.0897549
0.0452902
0.0423479
0.1210318
0.1327354
0.0634406
-0.0045820
-0.0813864
-0.0782391
0.0021459
0.0358062
-0.0170279
-0.1523984
-0.2492538
-0.2539616
-0.0638842
0.1326065
0.2497235
0.1742381
-0.1708322
-0.3863843
-0.2913091
-0.0000862
0.0972679
0.0582344
-0.1364438
-0.2677484
-0.0593973
0.1232581
0.2717250
0.3860173
0.2388238
-0.1349085
-0.4253661
-0.4245598
-0.1909929
-0.0324148
0.0358674
0.0747805
0.0877674
0.1742945
0.1127997
-0.1347087
-0.0786174
0.1606652
0.1795644
0.0985431
0.0184972
-0.0322101
-0.0121919
0.1224704
0.1773232
0.0852484
-0.0093349
-0.0950095
-0.0712191
0.0385912
0.1010975
0.1235224
0.0863321
-0.0054224
-0.0373337
-0.0281331
-0.0470665
0.0281599
0.1258148
0.1977194
0.1566351
-0.0376726
-0.1979101
-0.1547104
0.0415924
0.1465100
0.1971298
0.1956516
0.0509386
-0.1227900
-0.2569629
-0.2114945
0.0026139
0.1297194
0.1223749
0.0176622
-0.1002937
-0.2536741
-0.1835251
0.0245823
0.0702932
0.0557650
0.0126634
-0.0073597
-0.0912548
-0.0643844
0.0961730
0.1027191
0.0952048
0.1020449
-0.0012126
-0.1442687
-0.2108501
-0.1344636
-0.0164275
0.0312646
0.0367076
-0.0012553
-0.1382358
-0.1335459
-0.0239627
0.0320333
0.0961957
0.0748811
-0.0679238
-0.0542001
0.1059514
0.0515895
-0.0188791
0.0345482
0.0043999
-0.0195578
-0.0144949
-0.0392388
-0.0045839
0.0632810
0.0749300
0.0755966
0.0551968
-0.0151638
-0.0537018
0.0079171
0.0810008
0.0615993
0.0217461
-0.0342708
-0.0424674
-0.0251186
0.0442274
0.1231896
0.1214684
0.0122948
-0.1199929
-0.1179353
-0.0127908
0.0962113
0.1804877
0.1818663
0.1298441
0.0022647
-0.0552387
-0.0007034
-0.0021975
-0.0225606
0.0325691
0.0414865
-0.0676594
-0.0523115
-0.0296251
0.0068003
0.1253584
0.0799926
0.0223391
-0.0898041
-0.1012776
0.0874526
0.1314905
0.1841219
0.2550411
0.0878155
-0.1089468
-0.1642734
-0.2055065
-0.1295318
0.1735806
0.1999490
0.0103769
-0.0961623
-0.0700546
0.0265670
0.0292231
0.0191395
0.0536279
0.0909788
0.0622474
0.0272653
-0.1337800
-0.0685442
0.1133396
0.1131921
0.1023641
-0.0575539
-0.0643763
-0.0079654
-0.0387558
0.0219533
0.0356788
0.0972528
0.0992835
0.0035655
-0.0394567
-0.0260125
0.0095169
-0.0187736
0.0148507
0.0457805
0.0455139
0.0671272
0.0347063
-0.0099854
-0.0782158
-0.0841348
-0.0132340
-0.0055104
-0.0409548
-0.0944926
-0.0765604
-0.0729526
-0.1144493
-0.0332831
0.0396378
0.0006519
-0.1320734
-0.1341271
-0.0186824
-0.0305378
-0.0617275
-0.0169770
-0.0031787
0.0069981
0.0706862
0.0634689
-0.0473869
-0.0884226
-0.0101867
0.0512198
0.0504025
0.0018819
-0.0465388
-0.0319893
-0.0064197
-0.0181345
-0.0404367
-0.0970068
-0.1732598
-0.1140929
0.0203957
-0.0723201
-0.1238757
-0.0516807
-0.0085610
0.0452557
0.0669281
0.0653316
0.0786433
0.1054752
0.1048615
0.0462705
-0.0179716
-0.0069828
0.0696973
0.0702247
0.0036089
-0.1084743
-0.1246891
0.0336607
0.0862733
0.0528740
-0.0043985
-0.0325743
-0.0552944
-0.1153555
-0.0844019
-0.0238390
-0.0163726
-0.0135037
0.0600880
0.0791614
-0.0144741
-0.0899031
-0.0937478
0.0015210
0.0625478
0.0652601
0.0192507
-0.0043913
0.0552224
0.0309194
-0.0691898
-0.0517966
0.0392081
0.0754640
0.0460779
0.0072179
0.0076270
0.0106618
0.0412123
0.0488021
-0.0018338
-0.0055819
-0.0104742
-0.0963675
-0.1100989
-0.0226930
0.0577049
0.1340859
0.0898919
-0.0682174
-0.1110613
-0.1215059
-0.1050492
-0.0198105
0.0211008
-0.0073950
-0.0457361
-0.0130796
0.0551996
0.0695541
-0.0125808
-0.0817230
-0.0672821
0.0190931
0.0353109
0.0027793
0.0152778
-0.0087912
-0.0490245
-0.0289467
0.0501695
0.1066810
0.0762470
0.0187224
0.0101005
0.0032473
0.0511206
0.0782313
0.0414719
0.0138191
-0.0006077
0.0109901
-0.0140179
-0.0733264
-0.0954135
-0.0466637
0.0120621
0.0717769
0.0857833
0.0435767
-0.0501708
-0.1246047
-0.0696188
-0.0157632
0.0319608
0.0769312
0.0586605
-0.0001559
-0.0643414
-0.0624565
0.0147425
0.0148449
-0.0311864
0.0258651
0.1435745
0.1562767
0.0680053
-0.0180125
-0.1013373
-0.0831642
0.0255712
0.0641450
0.0798828
0.0640671
-0.0372699
-0.1683324
-0.1920680
-0.1227361
-0.1443120
-0.0972151
0.0464901
0.1240907
0.1198943
-0.0537865
-0.1843791
-0.1657733
-0.1496543
-0.0399966
0.0802791
0.1511037
0.1077119
-0.0421083
-0.1099093
-0.0599545
0.0339104
-0.0050944
-0.0310187
-0.0304021
-0.0406042
0.0380265
0.1055289
0.0860804
0.0387883
0.0551600
0.0434448
0.0340404
0.0427700
0.0517417
0.0500252
-0.0140428
-0.0731930
-0.0810034
-0.0009001
0.0144296
-0.0357470
-0.0751308
-0.0776764
-0.0086647
0.0622451
0.1130174
0.0438151
-0.1000206
-0.1967555
-0.1949941
-0.0605344
0.0513728
0.1370266
0.1544445
0.0482728
-0.0392630
-0.1167712
-0.1040134
0.0465150
0.1421123
0.2157110
0.1525010
-0.0234282
-0.1642878
-0.1746384
-0.0696156
-0.0895511
-0.0516293
0.0540985
0.0081259
-0.0810956
0.0081723
0.1018224
0.0854012
0.0705361
0.0136384
-0.0735839
-0.0496464
-0.0549734
-0.0567554
0.0406214
0.1303316
0.1547017
0.1377602
0.0885087
-0.0522353
-0.0525334
0.0595182
0.0313650
0.0224566
0.0344140
0.0033524
0.0124469
-0.0067404
-0.0009827
0.0362951
0.0311065
0.0210668
0.0194589
0.0458338
0.0067525
-0.0751802
-0.0662082
0.0174312
0.0210184
0.0137944
-0.0106764
-0.0499471
0.0278154
0.0944864
0.1983797
0.1191836
-0.1905912
-0.3439490
-0.2623715
-0.0508101
0.0964420
0.2160246
0.1832896
0.0236191
-0.0721181
-0.0605146
0.0154609
0.0112786
0.0264636
0.0332516
0.0216728
0.0788370
0.1370919
0.1304036
0.0570513
0.0451745
0.0107822
-0.1360450
-0.1041923
0.0590245
0.1602722
0.0478033
-0.2375334
-0.2145695
-0.0047204
0.1042319
0.1941415
0.1832780
0.0294320
-0.1009535
-0.2149206
-0.2695575
-0.1376467
-0.0324981
0.0976833
0.1232026
-0.1034243
-0.2252307
-0.2723709
-0.1681951
0.1024531
0.2394611
0.2238941
0.1047414
-0.0246792
-0.0529678
0.0309127
0.0324504
-0.0116010
-0.0345820
-0.0298583
-0.0839893
0.0095068
0.1691531
0.0341799
0.0466247
-0.0200683
-0.0757285
0.0726238
0.0979129
0.0847487
0.0897789
0.0534834
-0.0121265
-0.0535722
-0.0115997
0.0035783
-0.0059593
0.0046861
0.0093917
0.0029225
-0.0123391
-0.0391186
-0.0819390
-0.0849310
-0.0144585
0.1162004
0.0887747
-0.0443657
-0.0307789
0.0533649
0.0189187
0.0180350
0.0461862
0.0196586
0.0234297
-0.0142334
-0.0129075
0.0712350
0.0467614
0.0108671
-0.0234980
0.0070373
0.2305093
0.0947911
-0.2703537
-0.2289097
0.0074330
0.0432601
0.0156755
0.0452080
-0.0091946
-0.0555552
0.0489394
0.0767708
0.0058097
0.0081849
0.0826393
0.0675626
-0.0450771
-0.0294180
-0.0162336
0.0110256
0.0269365
0.0018470
-0.0527201
-0.0199755
0.0787437
0.1298519
0.0978480
-0.0117773
-0.0853550
0.0152041
0.1679899
0.2066668
0.0070137
-0.2863224
-0.2362691
-0.1225714
-0.1056516
-0.0752219
0.0258360
0.0411601
-0.0784459
-0.1896880
-0.2034271
-0.0673315
-0.0413571
0.0168754
0.1844268
0.2214260
0.1303676
-0.0029612
-0.0006444
0.0526346
0.0429723
-0.0199607
-0.0790548
-0.0479481
0.0348298
0.0402019
-0.0444161
-0.0667831
0.0415635
0.0503734
-0.0459387
-0.0891314
-0.1395296
-0.1745069
-0.0912350
0.1287235
0.1117187
-0.0190626
0.0224530
0.0271261
0.0475746
0.0683362
0.1088297
0.1208240
0.0891199
0.0791827
0.0459050
-0.0067369
-0.0317024
0.0012902
0.0395210
0.0748303
0.1208556
0.0807076
-0.0712024
-0.1804588
-0.1353777
0.0013596
0.0145523
-0.0032200
0.0620542
0.0918035
0.0672068
-0.0005189
-0.0836656
-0.1210997
-0.0639998
-0.0287129
0.0421059
0.1753565
0.2380768
0.1841537
0.0276226
-0.0762041
-0.1607938
-0.1001894
0.0625111
0.0237373
-0.0935200
-0.0732686
0.0243774
0.0359877
-0.0240569
-0.0181882
-0.0447675
-0.0865507
-0.0607401
-0.1099972
-0.0799293
0.0152082
-0.0146032
-0.1006003
-0.0351524
0.0980216
0.1477440
0.0392344
-0.2733376
-0.3635692
-0.2398382
-0.1428065
-0.0250163
0.0665993
0.1037485
0.1692601
0.1442289
-0.0079861
-0.1537523
-0.1601551
-0.0521331
-0.0205717
0.0308044
-0.0064159
-0.0004146
0.0651477
0.0436952
0.0502789
0.0730741
-0.0147215
-0.1174729
-0.0089648
0.0580851
0.0365016
0.0264724
-0.0018654
-0.0913379
-0.0838127
-0.0017443
-0.0357283
-0.0382288
0.0258281
0.0378620
-0.0021331
-0.0202832
-0.0446807
-0.0510585
0.0151319
0.0973017
0.0893230
-0.0306898
-0.1197688
-0.0786698
0.0341013
0.0944549
0.0600437
-0.0254858
-0.0835963
-0.0448037
0.0601587
0.0609424
-0.0085366
-0.0703745
-0.1285676
-0.0957698
0.0234392
0.1239147
0.1167658
0.0249098
-0.0404596
0.0024478
0.0911382
0.1096447
0.0889369
0.0250569
-0.0057240
-0.0050887
-0.0484484
-0.0225002
0.0830098
0.1043439
0.0197612
-0.0607144
-0.0582891
0.0021089
-0.0014285
-0.1067062
-0.1036907
0.0201843
0.0497350
0.0333317
-0.0261743
-0.0503747
-0.0220478
-0.0500210
-0.0844251
-0.1296899
-0.1100641
-0.0316652
0.0357304
0.1459074
0.2087259
0.0748624
-0.1730763
-0.1565325
0.0623418
0.1874627
0.1630437
0.0224539
-0.0700556
-0.1209929
-0.0662936
0.1287561
0.0736047
-0.1930043
-0.3172266
-0.2123269
-0.0370859
-0.0256213
-0.0718296
-0.0747782
0.0551249
0.1720590
0.1383329
0.0538994
-0.0042811
-0.0080930
0.0708654
0.1433280
0.2008131
0.1781858
0.0832084
0.0056100
-0.0429837
0.0259903
0.1127937
0.1776729
0.1003316
-0.1331167
-0.3295323
-0.3359090
-0.1672096
-0.0505215
0.0065708
0.0350103
-0.0391569
-0.2231990
-0.2551812
-0.0691219
0.0460871
0.1906591
0.3428913
0.2457988
0.1309163
0.0927073
0.1142772
0.1970850
0.2167428
0.2134381
0.0355026
-0.3165099
-0.0719952
0.0828077
-0.3646385
-0.3517274
-0.1236170
0.0947089
0.3128338
0.0820175
-0.0140509
0.0713492
0.0566300
0.1075081
-0.0267413
0.1370224
0.2960429
0.1616738
-0.1087793
-0.1829977
-0.0146688
0.1082192
0.1869931
0.1182397
-0.1325702
-0.1588315
0.0544480
0.1609614
0.1740531
0.0764996
-0.0068759
-0.0257464
-0.0062783
-0.0319711
-0.0762561
-0.1067422
-0.1984736
-0.2147891
-0.1732454
-0.0782570
0.0565060
0.1544676
0.2745225
0.3311290
0.3229951
0.2411300
0.0466158
-0.0795880
-0.1225614
-0.0558946
-0.0494446
-0.0604922
0.0649715
0.1731471
0.2610869
0.2320526
-0.0033841
-0.1808128
-0.2352157
-0.2153801
-0.1518074
-0.1355469
-0.0826479
-0.0332109
0.0154668
0.0698792
0.0735991
0.0981930
0.0946400
-0.0356169
-0.1116442
-0.1598228
-0.1830801
-0.1883890
-0.1443009
0.0642902
0.1889049
0.0565232
-0.2188655
-0.2562765
-0.0874271
0.0471353
0.1381653
0.1030259
-0.0826962
-0.0921388
0.0670801
0.0332568
0.0371554
0.0900729
0.0424248
-0.0287821
-0.1087464
-0.1941589
-0.1912862
-0.0748478
0.0226231
0.1021895
0.0813833
-0.0651105
-0.1201924
-0.0305022
0.0028502
0.0123907
0.0240514
-0.0619055
-0.0847842
-0.0173841
0.0196670
0.0370473
0.0708491
0.0618749
0.0014090
-0.0342020
-0.0566193
-0.0400255
0.0178647
0.0017510
-0.0728354
-0.0430671
0.0557065
0.0849222
0.0653863
-0.0101699
-0.0839637
-0.0421342
0.0692284
0.0894896
0.0609868
0.0557198
0.0020928
-0.0667107
-0.0530220
0.0336712
0.0129348
-0.0438979
-0.0554210
-0.1397121
-0.1146194
-0.0246098
0.0086316
0.0694315
0.0049777
-0.0474992
-0.0092982
-0.0479322
-0.1304037
-0.1263449
-0.0424687
0.0262642
0.0515635
0.0852799
0.0888715
0.0324153
0.0058876
0.0102222
0.0543990
0.0678495
0.0439589
0.0657718
0.0763577
0.0794665
0.1011136
0.1359833
0.0428690
-0.1459551
-0.2563372
-0.2755023
-0.1523290
-0.0620208
-0.0157239
0.0397028
0.0582608
0.0046983
-0.0314173
0.0563372
0.1671706
0.1401958
0.0077062
-0.0077839
0.0329467
-0.0178654
-0.0762477
-0.0552129
-0.0318388
-0.0595102
-0.0556709
-0.0876176
-0.0243513
0.1651794
0.2540382
0.1633023
-0.0242907
-0.1158467
-0.1138279
-0.0314598
0.0443102
0.0987837
0.1065070
0.0457824
0.0123205
0.1000794
0.1588662
0.0542615
-0.0260944
-0.0488000
0.0048213
0.0310383
0.0153112
0.0747824
0.1448280
0.1658499
0.0867613
-0.0123240
-0.0852947
-0.1221547
-0.1438813
-0.1426397
-0.0194075
0.0954667
0.1727844
0.1252720
-0.0449678
-0.1514663
-0.1220899
0.0250106
0.0401539
-0.0357457
-0.0535306
-0.0401347
0.0696379
0.1663831
0.1321785
0.0088892
-0.1062894
-0.1257358
-0.0097021
0.0671567
0.0766808
0.0382885
-0.0406723
-0.0791494
-0.0423891
0.0207152
0.0379732
0.0423295
0.1029937
0.0444822
-0.1391558
-0.1506109
0.0060901
0.0694190
-0.0085750
-0.1000502
-0.0801331
0.0169416
0.0821156
0.0726436
-0.0508929
-0.0742533
0.0483763
0.1305231
0.1149089
0.0441812
-0.0162093
-0.0949794
-0.1161205
-0.1138213
-0.1326416
-0.1446373
-0.1058689
0.0459493
0.1372915
0.0827114
-0.0453168
-0.1292763
-0.1422803
-0.1033335
-0.0675220
-0.0589879
-0.0626738
-0.0355648
0.0073024
0.0580698
0.1024496
0.0874294
-0.0004852
-0.0653595
-0.0852346
-0.0887125
0.0038930
0.0663004
0.0665766
0.0477807
0.0653227
0.0819565
0.0339542
0.0278615
0.0526039
-0.0147861
-0.0560185
0.0074331
0.0038099
-0.0433707
-0.0098543
0.0353774
0.0519320
0.0479152
0.0901634
0.1107858
0.0352496
-0.0324687
-0.0465252
0.0186914
0.0242759
-0.0478093
-0.0792525
-0.0604537
0.0278570
0.0668253
-0.0252680
-0.0839707
-0.0301949
-0.0012688
-0.0476152
-0.0449883
0.0519688
0.1366814
0.1076541
-0.0153689
-0.0681148
0.0108007
0.0885899
0.0638548
-0.0007889
-0.0693627
-0.0911532
-0.0649666
-0.0649734
-0.0382830
-0.0383341
-0.0336035
0.0086094
0.0474522
0.0329278
-0.0554350
-0.0530199
0.0276352
0.0556126
0.0293719
0.0415893
0.0566212
0.0211230
0.0506163
0.0708720
0.0109688
-0.0127755
0.0518413
0.0728309
0.0034021
-0.0944188
-0.1042333
-0.0537777
-0.0018442
0.0852622
0.1674755
0.1741268
0.0589980
-0.0069207
-0.0503068
-0.0697068
-0.0163155
-0.0710618
-0.0937571
0.0250413
0.1260167
0.1048610
-0.0482670
-0.2043837
-0.1774171
0.0109261
0.1142744
0.1314319
0.0557959
-0.1083364
-0.0978226
0.0395861
0.1230666
0.1270990
0.0128186
-0.1346260
-0.1752178
-0.0431283
0.0297481
0.0746753
0.0594211
-0.0515866
-0.1207696
-0.1053908
-0.0286464
-0.0226868
0.0227709
0.0922174
0.0805862
0.0000005
-0.0684637
-0.0376503
0.0307664
0.0344689
0.0399782
0.0645944
0.0829284
0.0103428
-0.0073966
0.1118288
0.1389191
0.0115787
-0.1389090
-0.1642401
-0.0641373
0.0039047
0.0418273
0.0646544
0.0281237
-0.0951657
-0.1067121
0.0756995
0.1087452
-0.0021584
-0.0411335
0.0101260
0.0404727
0.0376015
0.0036613
-0.0343052
-0.0290946
-0.0544755
-0.0732624
-0.0349238
-0.0267530
-0.0409530
-0.0633956
-0.0771348
-0.0194569
0.0178153
0.0043319
-0.0698379
-0.0631978
0.0478454
0.0446622
-0.0484728
-0.0576405
0.0159434
0.0514512
0.0332074
0.0103771
0.0192435
0.0220676
-0.0197296
-0.0109366
0.0229790
0.0148441
-0.0065094
0.0317124
0.0435766
0.0390974
0.0156456
-0.1078645
-0.1386834
-0.0588687
-0.0115615
0.0309809
0.0176783
-0.0389920
-0.0002666
0.0511608
0.0702628
0.1123167
0.1062517
-0.0181281
-0.1069959
-0.0816324
0.0223066
0.1052860
0.1413691
0.1252225
-0.0053348
-0.0642746
-0.0024086
-0.0148243
-0.0123192
0.0964522
0.1064729
-0.0400944
-0.0858506
-0.0346430
-0.0426435
-0.0327735
0.0034190
-0.0213389
-0.0927843
-0.1242290
-0.1097095
-0.0493040
0.0055530
0.0485289
0.0281435
-0.1360021
-0.1559617
0.0526853
0.1378949
0.0830908
0.0368539
-0.0665307
-0.0953976
0.0192409
0.0775302
0.0895336
0.0617210
0.0182047
-0.0102113
-0.0447362
-0.0456730
-0.0183213
0.0144069
0.0720886
0.0977502
0.0405672
-0.0698655
-0.1031354
-0.0292337
-0.0027835
0.0124216
0.0136321
-0.0142089
-0.0271852
-0.0122314
-0.0386970
-0.0570924
-0.0186993
0.0096600
0.0529267
0.0699143
0.0394450
-0.0119174
-0.0583666
-0.0034047
0.1073866
0.1478856
0.0850524
-0.0373677
-0.0835281
0.0010440
0.0888411
0.1195778
0.0686358
-0.0250528
-0.0759960
-0.0430450
-0.0021430
0.0299153
0.0344856
-0.0346827
-0.0577253
-0.0018630
0.0398051
0.0450560
-0.0177317
-0.0453651
0.0376214
0.0496055
-0.0090951
0.0039558
0.0419260
-0.0146402
-0.0454877
0.0110035
0.0580627
0.0403904
-0.0647087
-0.1524995
-0.1201007
0.0215604
0.0941056
0.0745091
-0.0182511
-0.1448945
-0.1386684
-0.0181278
0.0318995
0.0179957
0.0288582
-0.0318141
-0.0864928
-0.0433202
0.0017783
0.0107330
-0.0410591
-0.0722247
-0.0115750
0.0476756
0.0570055
0.0232787
-0.0123691
-0.0508446
-0.0643019
-0.0062635
0.0520261
0.0642526
0.0165961
-0.0477416
-0.0430536
0.0367640
0.1034217
0.0926313
0.0225070
-0.0418481
-0.0356064
0.0035221
0.0058471
0.0464780
0.0782502
0.0336955
-0.0285211
-0.0564606
-0.0063455
0.0275957
-0.0319813
-0.0768571
-0.0201801
0.0783366
0.1051547
0.0211828
-0.0208979
-0.0195055
-0.0150672
0.0423096
0.0616751
0.0257589
0.0099300
