0.0023926
0.0078797
0.0104643
0.0049302
0.0009487
0.0038215
0.0145822
0.0143930
-0.0045136
-0.0094293
0.0052529
0.0122656
0.0076786
-0.0047954
-0.0013628
0.0071789
-0.0047366
-0.0028855
-0.0110453
-0.0054435
0.0041293
0.0056051
0.0077872
-0.0050127
0.0194221
0.0224881
-0.0122678
-0.0082510
0.0048641
-0.0054817
-0.0039297
-0.0018910
0.0125314
0.0103028
-0.0005257
-0.0073906
-0.0267591
0.0065142
0.0213705
0.0006526
0.0025831
0.0050701
0.0093505
0.0010244
-0.0028081
-0.0081348
-0.0071243
-0.0147907
-0.0135895
-0.0060485
0.0217568
0.0165421
-0.0129128
-0.0043091
-0.0151698
-0.0109159
0.0157511
0.0226005
-0.0029306
-0.0008078
0.0167140
0.0028616
0.0120643
0.0146829
0.0057322
-0.0159911
-0.0137224
-0.0385101
-0.0273524
0.0102470
0.0015202
0.0320582
-0.0088724
-0.0390101
0.0223420
0.0076596
-0.0183251
-0.0142076
-0.0187246
0.0187464
0.0314344
0.0299398
-0.0319549
-0.0425133
0.0004438
-0.0042525
0.0138835
-0.0057108
-0.0006683
-0.0132938
-0.0064359
0.0021397
-0.0056190
0.0341582
0.0206222
0.0173487
-0.0301489
-0.0773313
0.0177614
0.0800952
0.0473274
0.0099184
-0.0120541
-0.0489303
-0.0650273
-0.0137609
0.0556731
0.0163758
-0.0595392
0.0125991
0.0438585
-0.0109656
-0.0312893
-0.0310072
-0.0372112
-0.0030298
0.0217178
0.0126805
0.0062419
-0.0603998
-0.0722672
-0.0031651
0.0524036
0.0448707
-0.0537712
-0.0508783
0.0096643
-0.0063512
0.0004466
-0.0121107
0.0330372
0.0497574
0.0298215
0.0100949
-0.0342319
0.0237614
0.0325415
0.0277492
-0.0306430
-0.0853531
-0.0022446
0.0069847
-0.0599448
-0.0349702
0.0043138
0.0041192
0.0104756
0.0375317
-0.0252670
-0.0641135
0.0036057
0.0502438
0.0274739
-0.0435746
-0.0668675
0.0173121
0.0710855
0.0033112
0.0052325
-0.0329375
-0.0750914
0.0113122
0.0140672
-0.0090201
-0.0125663
0.0072694
0.0656985
0.0317391
0.0288754
-0.0583641
-0.0405242
0.0324969
-0.0167299
-0.0218332
-0.0372538
-0.0478059
-0.0253751
0.0618863
0.0060074
-0.0647465
-0.0454682
-0.0219212
0.0163497
0.0233064
0.0275514
0.0335344
0.0182933
0.0204167
-0.0043813
-0.0296264
-0.0046490
0.0249627
0.0295851
0.0055976
-0.0227281
-0.0081177
-0.0122770
-0.0058285
0.0273832
0.0410881
-0.0019173
-0.0062251
0.0059097
0.0221195
-0.0180437
-0.0286278
0.0469616
0.0575697
-0.0182212
-0.0687768
-0.0348098
0.0227543
0.0219798
0.0053829
0.0003411
-0.0496801
-0.0044164
0.0635218
0.0529276
0.0281047
0.0529799
0.0228652
-0.0131001
-0.0363701
-0.0349072
0.0158261
0.0107228
0.0527515
0.0541557
-0.0151557
-0.0255239
-0.0017217
0.0252401
0.0099285
-0.0075039
-0.0205145
-0.0132040
-0.0015000
-0.0119300
0.0261837
0.0496982
0.0580776
0.0400807
0.0286320
0.0140961
-0.0155241
-0.0318789
0.0115704
0.0413588
0.0588538
0.0747695
0.0536456
0.0181267
-0.0157463
-0.0577879
-0.0226196
0.0477763
0.0481964
0.0048031
0.0351297
0.0524882
-0.0230385
-0.0468894
-0.0124303
-0.0223731
-0.0370434
-0.0185411
0.0234138
0.0479837
0.0565902
0.0460420
0.0037259
-0.0716525
-0.1315031
-0.1180678
-0.0406467
0.0653517
0.0340787
0.0118848
0.0220433
0.0381520
0.0182706
-0.1586957
-0.2248926
-0.0671661
0.0702266
0.1308339
0.1270380
-0.1170343
-0.3573355
-0.4093873
-0.2922729
-0.2193481
-0.2019922
-0.1044093
-0.0316672
0.0311069
0.2496469
0.2840697
0.1282465
0.0447043
-0.0287539
0.0651470
0.1986427
0.3565436
0.4415140
0.2846737
0.0503659
-0.0706565
-0.1591826
-0.4941091
-0.6335444
-0.5919977
-0.5158014
-0.1857316
-0.0490157
-0.0217353
0.0923784
0.2449159
0.4169562
0.4632193
0.4589855
0.4464747
0.2798488
-0.0526126
-0.3659737
-0.5841123
-0.5313048
-0.0880486
0.3041190
0.2945806
0.2379366
0.0659280
-0.1155462
0.0971020
0.1889554
0.1212163
0.1365607
0.2135407
0.1694465
0.2556653
0.2860074
0.2436631
0.1274461
-0.1274697
-0.3713332
-0.5405528
-0.3973620
-0.1115625
0.1266489
0.0598304
0.0699916
0.1600381
-0.0150823
0.0616950
0.1262981
0.0149263
-0.0872478
0.1803042
0.2268679
0.0031051
0.0117771
-0.1412288
-0.2199507
-0.1611103
-0.1253990
0.0479398
0.0908577
0.0640079
0.0606559
-0.0205051
0.0671548
-0.0129521
-0.0719140
0.0243013
0.0206540
0.0376011
0.0543532
0.0633245
0.0359107
0.0570425
0.2060686
0.2256772
0.1009279
0.0759465
-0.0435468
-0.1794329
-0.1248194
0.0781268
0.1125288
0.0392936
0.1487570
0.1045075
-0.0616405
-0.0035019
-0.0331045
-0.1982843
-0.1776888
-0.0376466
0.0293793
0.0766872
0.1076463
-0.0368476
-0.1872648
-0.0968793
-0.0638098
-0.0447938
0.0134719
-0.0474654
0.0503127
0.1491428
0.1277368
-0.0628081
-0.2010197
-0.1644078
-0.1436110
-0.1331565
-0.1075128
0.0473688
0.0712353
-0.0760125
-0.1214667
0.0880892
0.2110379
-0.0176358
-0.0770009
0.0020344
0.0089649
0.0291923
-0.0729527
-0.1147662
-0.0363011
-0.0750704
-0.1869512
-0.1978797
-0.1462485
0.2768186
0.3908031
0.0396872
-0.1068498
-0.1424157
-0.0850377
0.1105020
0.1222639
0.1098005
0.3467220
0.3473737
0.0970715
-0.1685925
-0.2023592
-0.0164546
0.2711369
0.0531185
-0.4028978
-0.1682616
-0.0936494
-0.0592259
-0.0083241
0.2288186
0.4554322
0.3967349
0.4185009
0.2937266
0.1656086
0.0082137
-0.0348663
-0.0292696
-0.0817981
-0.1741355
-0.3837906
-0.4508270
-0.3709416
0.1281992
0.3168928
0.2499185
0.4738516
0.4899561
0.1114044
-0.3381661
-0.3455804
0.0529753
-0.1097928
-0.2743896
0.2058865
0.0849469
0.1855192
-0.0068085
-0.4177264
-0.0195634
-0.3075610
-0.3853165
0.1838965
0.3091216
0.2768418
0.1765140
-0.3088615
-0.5041013
-0.1917948
0.0487147
0.4403493
0.1633847
-0.6304997
-0.4627454
-0.1054528
-0.2404263
-0.2952713
-0.0307164
-0.0117459
0.0616161
0.2187340
0.2103848
0.1968914
0.0387572
-0.3179535
-0.3064455
0.3559714
0.1661085
-0.2937671
-0.1032032
-0.2011151
0.0712477
-0.0636800
-0.2292709
0.1508305
0.1802305
-0.0480770
-0.2692136
-0.3679057
-0.5012445
-0.4202161
-0.0961266
0.1113877
0.1238232
-0.1275753
-0.2891835
-0.0646191
-0.0614073
-0.2018636
0.1068540
0.2200793
0.0169480
-0.2041987
-0.2424392
0.1119915
0.4454371
0.7435421
0.7011183
0.1535645
-0.1832780
-0.3132904
-0.4879043
-0.2734345
0.3764658
0.5194688
0.3980932
0.6179268
0.4181238
-0.2260009
-0.4027822
-0.4470859
-0.4233041
0.1143489
0.2447541
-0.0460325
0.0909178
-0.0997309
-0.4703388
-0.6040403
-0.5132394
-0.4283356
-0.4025987
0.1187205
0.3800841
0.0164963
0.1758117
0.4071779
0.1013199
-0.0354853
0.2595509
0.2454116
0.0290298
0.3142124
0.3259559
0.1602866
0.2189970
0.1928945
0.2583544
0.1694017
0.1216332
0.1520978
0.1310343
0.1568909
0.1486703
0.1103529
0.1132166
0.2102186
0.1207089
0.0738938
-0.0007255
-0.1353724
-0.1556771
-0.1090336
-0.1040646
-0.1840077
-0.3099496
-0.3194852
-0.3511726
-0.1696011
0.2573343
0.3522404
0.3229055
0.0750783
-0.2728030
-0.4128582
-0.1501297
0.1283793
0.2532131
0.2479678
0.2603615
0.2244851
0.1219096
0.0941818
0.1023466
0.2399495
0.1072524
-0.0831105
-0.2135378
-0.2345163
-0.0165835
0.0404097
-0.1076798
-0.1442016
-0.1125213
-0.0586248
0.2042103
0.1610322
-0.2323459
-0.3357790
-0.2985514
-0.3909433
-0.3469098
-0.1096712
0.1252345
0.1770905
0.1015121
0.2346969
0.2799297
0.2240530
0.2560497
0.0262929
-0.1566799
-0.0453674
-0.1853617
-0.2386938
-0.0496431
-0.0858447
-0.0152112
0.0308192
-0.0482172
-0.0490050
-0.1864252
-0.2412977
-0.1535529
-0.1295893
0.0705075
0.1945534
0.1247588
0.1291782
-0.0095842
-0.2384669
-0.2271265
-0.1449971
-0.1970171
0.0753257
0.4255626
0.4125287
0.3279211
0.5259988
0.2102461
-0.4377714
-0.1073609
0.0708170
-0.0773542
0.0729396
-0.1083354
-0.2275138
0.0097089
0.0807080
0.1458959
0.2619814
-0.0269589
-0.1730156
-0.0041273
0.0177287
-0.0591754
-0.1181741
-0.1954941
-0.0863298
-0.0433231
-0.0756177
0.0978151
0.1472672
0.1636607
0.1751802
-0.0006294
-0.0531494
0.0429262
0.0290657
0.1388674
0.3342487
0.1169384
-0.0403232
-0.0392102
-0.1328215
-0.1449436
-0.0548466
0.0316376
0.0486900
0.0418670
0.0411971
0.0326657
0.1178555
0.1556525
0.1150349
0.1164385
0.0500649
-0.0165458
-0.0452876
-0.0895888
-0.1316213
-0.1030125
0.0061726
0.0667622
0.0314679
-0.1121700
-0.2645564
-0.3708173
-0.3934128
-0.2613268
0.0119044
0.3493866
0.4003300
0.2942656
0.3786926
0.2913366
-0.0895536
-0.1661692
-0.0362143
-0.1312222
-0.0852762
0.0375830
0.0489917
0.0091650
-0.0750056
-0.0282529
0.0780916
0.1470605
0.0367777
-0.2644177
-0.0063752
0.1086837
-0.2990442
-0.1335703
0.0408548
-0.1370963
-0.1375857
-0.0187838
-0.1869079
-0.2435345
-0.2082592
-0.2009287
0.1183182
0.1913787
0.0311347
-0.0619914
-0.0641366
0.0157579
0.1115781
0.1635350
0.1009035
-0.0320212
-0.1125165
-0.0487949
0.0956954
0.1055783
0.0849547
-0.0143510
-0.0889236
-0.0225436
-0.0401665
-0.0925379
-0.1049271
-0.0483432
-0.0058636
-0.0486797
-0.0606040
0.0036439
0.0319768
0.0125683
0.0137139
0.0139206
0.0488877
0.0511323
0.0047783
-0.0060507
-0.0122360
-0.0336647
-0.0133653
-0.0167691
-0.0463313
0.0012811
-0.0107209
-0.0721923
-0.0437909
-0.0252881
-0.0395208
-0.0057790
0.0112322
0.0027771
0.0063142
-0.0282256
-0.0711992
-0.0588619
-0.0303372
-0.0363714
0.0221008
0.0414978
0.0464949
0.0735515
0.0162853
0.0459170
0.0665142
0.0217636
-0.0244880
-0.0324216
0.0509368
0.1339386
0.1466010
0.1353430
0.1090163
-0.0193390
-0.0874881
-0.0821877
-0.0561198
-0.0339493
-0.0784420
-0.0767479
-0.0835859
-0.0900278
-0.0430432
0.0166711
0.0319842
0.0489737
0.0317994
0.0107476
-0.0055546
-0.0295489
0.0215321
0.0217545
-0.0191489
-0.0155358
-0.0413741
-0.0252339
-0.0000559
0.0034366
0.0529439
0.0495782
0.0039596
0.0430281
0.0558900
0.0327967
0.0849747
0.1023979
0.0391734
-0.0347608
-0.0633365
-0.0340276
-0.0230136
-0.0409461
-0.0217998
0.0357799
0.0715573
0.0225517
-0.0557896
-0.0703732
-0.0267829
0.0121055
-0.0037513
-0.0525064
-0.0504233
-0.0109107
0.0210026
-0.0167793
-0.0439322
-0.0045624
0.0040896
-0.0143256
-0.0084939
0.0206553
0.0181728
0.0052991
0.0535696
0.0937198
0.1014376
0.0897248
0.0938967
0.0608091
0.0145010
0.0352068
0.0643404
0.0671302
0.0196516
-0.0066984
0.0206816
0.0500272
0.0594951
0.0323434
0.0161447
0.0435315
0.0199383
-0.0076855
0.0227869
0.0472469
0.0229102
-0.0405769
-0.0613054
-0.0640227
-0.0875297
-0.0804845
-0.0557678
-0.0232748
0.0375349
0.0531855
0.0531351
0.0361598
0.0138869
-0.0123377
-0.0369462
-0.0733272
-0.0880011
-0.0583774
-0.0737336
-0.0383948
-0.0210156
-0.0614467
-0.0958646
-0.0901722
-0.0230014
0.0490705
0.0396534
-0.0152770
-0.0082964
-0.0205884
0.0028770
0.0394163
0.0207466
0.0149779
-0.0165798
-0.0544109
-0.0512280
-0.0361955
0.0029246
0.0217585
0.0236012
0.0581652
0.0970534
0.0873940
0.0515330
0.0206954
-0.0197177
-0.0319685
-0.0232178
-0.0266694
-0.0039637
-0.0153859
-0.0124677
0.0133680
0.0188205
0.0205113
-0.0189051
0.0161713
0.0886552
0.0378726
-0.0599769
-0.0445612
0.0459425
0.0572769
0.0065255
-0.0265766
-0.0252901
-0.0214347
0.0508806
0.0623558
0.0168327
0.0465063
0.0168600
-0.0128619
0.0091817
-0.0117943
-0.0240838
0.0096001
0.0346307
0.0637061
0.0462183
-0.0210032
-0.0499989
-0.0828809
-0.0857551
-0.0302693
0.0199498
0.0113560
-0.0658443
-0.1014922
-0.0780381
-0.0862278
-0.0518085
0.0089381
-0.0120789
-0.0359595
-0.0023603
-0.0134544
-0.0583134
-0.0155794
0.0061975
-0.0425300
-0.0583705
-0.0305775
-0.0008378
-0.0204385
-0.0484211
0.0041119
0.0196662
-0.0053904
0.0148988
0.0039656
0.0047114
0.0283060
0.0559203
0.0357470
0.0043804
0.0609046
0.0918283
0.0748738
0.0310146
0.0306638
0.0441861
0.0018483
0.0063022
0.0586547
0.0427633
0.0046221
0.0131316
0.0070428
-0.0078282
-0.0137698
-0.0077729
0.0382385
0.0863939
0.0752383
0.0230951
0.0083384
0.0417985
0.0282870
-0.0273606
-0.0213373
0.0293888
0.0251521
-0.0300356
-0.0309753
0.0005673
-0.0144344
0.0055441
0.0387169
0.0177916
0.0033604
0.0227075
0.0150279
-0.0034433
0.0257440
0.0193143
-0.0336801
-0.0432158
-0.0174958
-0.0055051
-0.0145451
-0.0408730
-0.0518856
-0.0106944
0.0666902
0.0807628
0.0004357
-0.0268007
-0.0261107
0.0021257
0.0869585
0.0669230
0.0164362
-0.0206399
-0.0513789
-0.0615969
-0.0811998
-0.0025285
0.0686733
0.0418658
-0.0098992
-0.0746104
-0.0523841
-0.0521537
-0.0715417
-0.0212218
-0.0196384
-0.0207105
-0.0170289
0.0010820
-0.0102754
-0.0215074
0.0158850
-0.0106745
-0.0202196
0.0062798
0.0042814
-0.0073188
-0.0198023
-0.0114219
0.0030626
-0.0244780
-0.0271732
0.0439885
0.0717505
0.0208659
-0.0520162
-0.0545295
0.0122735
0.0300661
0.0462180
0.0379328
-0.0098270
-0.0219456
-0.0284671
-0.0206710
-0.0034408
0.0286221
0.0560754
0.0353522
0.0165055
-0.0090218
-0.0199455
-0.0089838
-0.0150630
-0.0174344
-0.0058967
0.0526399
0.0862796
0.0488391
-0.0137836
-0.0474817
-0.0273319
-0.0054337
0.0163586
0.0164106
-0.0197659
-0.0183340
-0.0042322
0.0041929
-0.0018089
-0.0353305
-0.0100342
0.0282139
0.0459253
0.0278969
-0.0046989
-0.0324166
-0.0272982
0.0035577
-0.0131166
-0.0095280
0.0359205
0.0313494
-0.0063107
-0.0071362
-0.0221224
-0.0247520
0.0244595
0.0698348
0.0482717
-0.0228905
-0.1049228
-0.1272434
-0.0486352
0.0049825
-0.0110344
0.0019755
0.0484108
0.0346933
-0.0154793
-0.0161380
-0.0241121
-0.0539525
-0.0993582
-0.1127730
-0.0520623
0.0207135
0.0704685
0.0600084
-0.0067077
-0.0233830
0.0366482
0.0471188
-0.0224748
-0.0287397
0.0389841
0.0368958
-0.0120825
-0.0245521
-0.0116302
0.0076771
0.0248226
0.0450722
0.0338448
0.0026060
-0.0133474
-0.0566281
-0.0732752
-0.0269079
0.0301918
0.0656826
0.0415472
-0.0250056
0.0008271
0.0626951
0.0400821
0.0473194
0.0610432
0.0229217
0.0116719
0.0198719
0.0410355
0.0271237
-0.0308529
-0.0127387
0.0185675
-0.0302300
-0.0167802
0.0491546
0.0429376
0.0268774
0.0706697
0.0455503
-0.0776114
-0.0802231
0.0123250
0.0670065
0.0352508
-0.0295546
0.0169689
-0.0167438
-0.1174269
-0.0963376
-0.0403016
-0.0172826
-0.0242009
-0.0551143
-0.0339056
0.0340855
0.0329430
0.0398978
0.0290179
-0.0328122
-0.0168124
-0.0104352
-0.0539260
-0.0885019
-0.0730554
0.0100062
0.0586121
0.0453948
0.0507402
0.0379662
0.0219851
0.0342679
-0.0184566
-0.0222474
0.0601876
0.0395134
-0.0247874
0.0211636
-0.0142736
-0.0883805
-0.0814045
-0.0002541
0.0927650
-0.0145594
-0.1020656
-0.0719344
0.0303125
0.1219006
0.0867354
0.0114729
0.0166038
0.0249508
-0.0237314
-0.0234888
-0.0093352
-0.0363170
-0.0442056
0.0061916
-0.0131704
-0.0563647
-0.0008822
0.0771757
0.1020385
-0.0146052
-0.0880820
-0.0219965
0.0499324
0.0740911
-0.0018441
-0.0628263
-0.0417684
-0.0225625
0.0309216
0.0655874
0.0979040
0.0863766
-0.0236955
-0.0460522
0.0146253
0.0033964
-0.0133080
0.0391602
0.0658079
0.0114142
-0.0372589
-0.0554750
-0.0517033
-0.0068141
-0.0088212
-0.0623120
-0.0506461
-0.0152663
-0.0098987
0.0347651
0.0246953
-0.0461719
-0.0159948
0.0511404
0.0174594
0.0033374
0.0626536
0.0700205
-0.0068708
-0.0350525
0.0246650
0.0407416
-0.0245579
-0.0961925
-0.0520632
0.0253100
0.0042563
0.0131454
0.0358133
0.0473626
0.0332324
-0.0365705
-0.0302251
0.0380830
0.0083018
-0.1002675
-0.1041297
-0.0111948
0.0003398
-0.0158674
-0.0109872
-0.0011688
0.0661655
0.0849858
0.0252122
-0.0495154
-0.0331050
0.0200508
0.0105760
0.0118590
0.0259234
0.0014472
-0.0264419
-0.0186999
-0.0325199
0.0089448
0.0858259
0.1252838
0.0506944
-0.0371616
-0.0595694
-0.0236075
0.0109034
-0.0323403
-0.0366680
-0.0592670
-0.0857512
0.0063925
0.0597271
0.0138063
0.0070445
0.0028065
-0.0847956
-0.0984711
-0.0423593
-0.0185606
0.0174385
0.0219110
-0.0166851
-0.0573613
-0.0359675
0.0713301
0.1110325
0.0650179
0.0424495
0.0170383
-0.0408600
-0.0177385
0.0572967
0.0196848
-0.0196741
0.0020072
0.0199089
0.0703211
0.0407965
-0.0069323
0.0235271
0.0503315
0.0412844
0.0076394
-0.0224028
0.0294638
0.0260068
-0.0304521
-0.0807772
-0.0568975
0.0206882
0.0397414
0.0230541
-0.0717807
-0.0897494
-0.0768811
-0.0940503
-0.0846454
-0.0682706
-0.0642804
-0.1098924
-0.0747442
-0.0003083
0.0135638
-0.0069939
-0.0366696
-0.0188126
-0.0072560
-0.0163119
-0.0093839
-0.0026679
-0.0049662
-0.0293287
-0.0264796
-0.0107820
0.0097080
0.0443134
0.0768309
0.0697030
0.0072860
-0.0612801
-0.0818712
-0.0733716
-0.0349408
0.0583511
0.1138966
0.0665370
0.0303043
0.0804530
0.0573775
-0.0084534
-0.0382372
-0.0334750
0.0301613
0.0565291
0.0560442
0.0976748
0.0811334
-0.0262275
-0.0498274
0.0408026
0.0662706
0.0305379
0.0145033
-0.0196232
-0.0901242
-0.0541053
0.0328449
0.0115276
-0.0739472
-0.0616284
0.0505088
0.0327644
-0.0323593
-0.0328931
-0.0213727
0.0039255
-0.0233831
-0.0560770
-0.0284919
0.0269026
0.0436367
0.0200848
-0.0257456
-0.0154515
0.0374278
0.0915306
0.0599860
-0.1031370
-0.1412901
-0.0454954
-0.0198690
0.0037981
0.0867827
0.0731949
-0.0326345
-0.0707127
-0.0543288
-0.0463345
0.0274262
0.0952589
0.1170493
0.0844019
-0.0189991
-0.0304814
0.0150816
-0.0250884
-0.0187090
0.0562764
0.0458324
-0.0106027
-0.0204346
0.0071987
-0.0132163
-0.0583929
-0.0410045
-0.0379970
-0.0777719
-0.0554676
-0.0090711
0.0036171
0.0195890
-0.0009336
-0.0344099
-0.0422139
-0.0185659
0.0170263
0.0438505
0.0502833
0.0547102
0.0969069
0.1159374
0.1094940
0.1218469
0.1172183
0.1049238
0.1093342
0.1006015
0.0917571
0.1054817
0.0790023
-0.0071968
-0.0168506
0.0507535
0.0768122
0.0928347
0.0900981
0.0577844
0.0293091
-0.0192380
-0.0608208
-0.1016102
-0.0666840
0.0645847
0.1031297
0.0049977
-0.0608388
0.0016062
0.0093754
-0.0205782
-0.0113703
-0.0937267
-0.1381394
-0.1075144
-0.0881456
-0.1008288
-0.1661996
-0.2024879
-0.1753204
-0.1446142
-0.1619831
-0.1813620
-0.1759938
-0.1228789
0.0442801
0.2041828
0.2056423
0.0919193
0.0187781
-0.0059266
-0.0045517
0.0669087
0.0514596
0.0325242
0.1031289
0.1145217
0.1656649
0.1813793
0.1285462
0.0835950
0.0155874
-0.0397465
-0.0563001
-0.0699321
-0.0390737
0.0052059
0.0302979
0.1034730
0.0556220
-0.0832238
-0.0870855
-0.0317378
0.0283087
0.1350017
0.1833662
0.1070171
-0.0237890
-0.0423232
0.0432556
0.0684275
0.0109099
-0.0015479
0.0532430
0.0497146
0.0300501
0.0022255
-0.0835659
-0.1707918
-0.1725272
-0.1053561
0.0170347
0.1782119
0.1062907
-0.0237746
0.0231524
0.0093110
-0.0836823
-0.0697530
-0.0593446
-0.1016722
-0.0844376
-0.0363584
0.0298606
0.0286114
-0.0216107
-0.0453512
0.0079240
0.0476369
0.0468307
-0.0327025
-0.1184638
0.0049218
0.1153390
0.1758233
0.1739332
0.0384350
-0.0923917
-0.1109487
-0.1190421
-0.1129314
-0.0615176
-0.0011014
0.1468640
0.1475533
-0.0183443
-0.0812269
0.0016127
0.0272880
-0.0346793
-0.0755111
-0.0968951
-0.0631871
-0.0519251
-0.0477048
0.0031564
0.0036702
-0.0362377
-0.0409403
-0.0300943
-0.0297664
-0.0024071
0.0303173
0.0384827
0.0463581
0.0903288
0.1433268
0.2059862
0.1735691
0.0472457
0.0363624
0.0247914
-0.0786002
-0.1538578
-0.2130855
-0.2833905
-0.3423639
-0.3339453
-0.2279184
-0.0964605
0.0247517
0.1946906
0.2193539
0.1206246
0.1567290
0.1703655
0.2155449
0.1453699
-0.0712379
-0.1759707
-0.2032797
-0.1900652
-0.1722382
-0.1053841
-0.0080673
0.0499947
0.0488963
0.0457487
0.1332852
0.1483206
0.0249356
-0.0311967
-0.0412614
-0.0902811
-0.0621843
-0.0724230
-0.1469103
-0.1494376
-0.1050937
-0.1139856
-0.0952862
0.0178851
0.0301293
-0.0002553
0.0509046
0.0603829
0.0175784
-0.0025257
0.0029825
0.0247868
0.0232350
0.0198543
0.0283948
-0.0039874
-0.0243939
-0.0149825
-0.0116690
-0.0209643
-0.0848673
-0.1412892
-0.1244191
-0.0281594
0.0088331
0.0448022
0.1296296
0.0927720
0.0176933
0.0233185
0.0410051
-0.0055601
-0.0016890
0.0389338
0.0356232
-0.0264423
-0.0728635
-0.0421824
0.0078477
-0.0081694
-0.0181361
0.0655286
0.0569334
-0.0412124
-0.0516981
-0.0383900
-0.0471794
-0.0292912
-0.0409221
-0.0393504
-0.0091636
0.0372499
0.0742961
0.0468634
0.0039447
-0.0007593
0.0388011
0.0311360
-0.0422833
-0.0117501
0.0600843
0.0287250
-0.0234973
-0.0180452
0.0489631
0.0953031
0.0849196
0.0429379
0.0102454
-0.0116256
-0.0192289
0.0263785
0.0727371
0.0411932
-0.0231238
-0.0720762
-0.0969013
-0.0257472
-0.0230308
-0.0581679
0.0043311
0.0200591
0.0190009
0.0277102
0.0216540
0.0064416
0.0185769
0.0934286
0.1033473
0.0445190
0.0042444
-0.0348044
-0.0061165
0.0330389
-0.0018897
-0.0428562
-0.0212853
0.0253814
-0.0049253
-0.0251394
0.0015769
0.0350873
0.0307786
0.0030802
0.0427233
0.0555251
-0.0040095
-0.0164619
0.0239296
0.0459429
0.0579812
0.0872916
0.1083731
0.0615271
-0.0245498
-0.0609187
-0.0210957
-0.0060397
-0.0322593
0.0249289
0.0931996
0.0919217
0.0633936
0.0277278
-0.0020038
-0.0459433
-0.0672143
-0.0341555
-0.0298588
-0.0518034
-0.0533402
-0.0239376
-0.0144934
-0.0363059
-0.0276028
0.0178728
0.0250137
0.0173063
0.0931100
0.1110533
0.0654659
0.0594646
0.0830128
0.0679929
0.0259402
0.0266438
0.0453794
0.0564177
0.0075588
-0.0600028
-0.0819155
-0.0187606
0.0195728
0.0433688
0.1240587
0.1344269
0.0698253
0.0288727
0.0188766
-0.0421043
-0.0351518
0.0148933
0.0047547
0.0641261
0.0747644
-0.0078125
-0.0476415
-0.0000687
0.0427318
-0.0001969
-0.0589148
-0.0357360
0.0695178
0.0707157
0.0180582
-0.0032459
-0.0008768
0.0411576
0.0002539
-0.0610865
-0.0640197
-0.0295390
-0.0264776
-0.0514437
-0.0083373
0.0054628
-0.0301014
-0.0646236
-0.0743218
-0.0632371
-0.0750618
-0.0970215
-0.0815859
-0.0278505
0.0081422
0.0574544
0.0639593
-0.0073879
-0.0831137
-0.0831493
-0.0170863
0.0269079
0.0876413
0.1417695
0.1074937
0.0233451
-0.0325215
-0.0153052
0.0065569
-0.0400821
-0.0466498
-0.0025080
-0.0438543
-0.0767520
-0.0325663
0.0329713
0.0630500
0.0289683
0.0169085
0.0548226
0.0388413
-0.0611556
-0.0673220
-0.0063469
0.0067402
0.0439098
0.0492316
-0.0178533
-0.0544675
-0.0151011
0.0344459
0.0623931
0.0749260
0.0640892
0.0207139
-0.0044419
0.0238200
0.0384452
0.0077964
-0.0058035
-0.0086421
-0.0687090
-0.1227246
-0.1171294
-0.0940998
-0.0965259
-0.0963913
-0.1070127
-0.0953434
-0.0525028
-0.0421615
-0.0564144
-0.0458497
0.0290100
0.0575989
0.0395223
0.0396611
0.0550408
0.0892493
0.0603935
0.0127420
0.0003086
-0.0235350
-0.0142111
-0.0080154
-0.0504935
-0.0690133
-0.0562525
-0.0148670
0.0290948
0.0355950
0.0106339
-0.0285372
-0.0480736
-0.0233016
0.0148393
0.0386662
0.0471920
0.0663358
0.0567466
-0.0183937
-0.0253639
0.0308393
0.0465260
0.0135681
-0.0030056
0.0168299
0.0374787
0.0315233
-0.0214299
-0.0507501
-0.0003514
0.0675876
0.0357357
-0.0103716
-0.0365917
-0.0303707
-0.0127331
-0.0621051
-0.0407957
0.0239697
0.0144407
-0.0500148
-0.0810353
-0.0682215
-0.0239370
-0.0214140
-0.0045767
0.0571853
0.0123217
-0.0330110
-0.0086873
-0.0235554
-0.0429062
-0.0122072
0.0016129
-0.0095631
-0.0217656
-0.0321356
-0.0895624
-0.0795452
-0.0046249
-0.0013043
-0.0304629
-0.0600101
-0.0844039
-0.0584414
-0.0221206
0.0281328
0.0405019
0.0163434
0.0333694
-0.0163398
-0.1001850
-0.0772530
0.0335923
0.0945719
0.0757914
0.0556202
0.0495058
0.0217903
-0.0248341
-0.0528883
0.0243735
0.0545071
0.0190922
0.0311752
0.0382938
0.0355028
0.0056876
0.0181794
0.0239184
-0.0438049
-0.0614459
0.0157024
0.0560969
0.0145782
-0.0337101
-0.0250333
0.0038043
-0.0257713
-0.0266537
0.0247689
0.0337357
0.0028770
0.0093632
0.0387202
0.0285778
-0.0035498
0.0216721
0.0027642
-0.0653212
-0.0447118
-0.0132180
-0.0245640
-0.0284190
0.0290287
0.0333609
-0.0212252
-0.0154054
-0.0339040
-0.0472594
-0.0430185
-0.0470943
0.0162850
0.0831287
0.1177162
0.1264495
0.0964462
0.0464114
0.0034615
-0.0023514
0.0477455
0.0713045
0.0211756
-0.0195100
-0.0102679
0.0044685
-0.0026975
0.0064441
-0.0163785
-0.0422353
-0.0101394
0.0166247
0.0168168
-0.0253090
-0.0714434
-0.0353096
-0.0221303
-0.0363082
0.0033673
0.0090769
0.0066979
0.0329099
0.0568269
0.0716940
0.0463539
-0.0528325
-0.0765873
0.0066367
0.0566959
0.0851197
0.1373280
0.1109327
-0.0449031
-0.1139994
-0.0609645
-0.0130051
-0.0215413
-0.0752846
-0.0602513
-0.0168620
-0.0111320
-0.0626393
-0.0712662
0.0044898
0.0036415
-0.0435601
-0.0293571
-0.0033270
-0.0235022
-0.0151081
0.0431890
0.0301109
-0.0130775
0.0025560
0.0235073
0.0119180
0.0090416
0.0442820
-0.0180389
-0.0892996
-0.0377761
0.0293186
-0.0016457
-0.0533052
-0.0196676
0.0230625
0.0443280
0.0623185
0.0828458
0.0774345
0.0080809
-0.0308285
0.0120054
0.0275881
-0.0065910
-0.0099778
-0.0085596
-0.0300161
0.0071397
0.0800076
0.0716028
-0.0191782
-0.0612637
-0.0146004
-0.0066415
-0.0364582
0.0050518
0.0699480
0.0811931
0.0538528
0.0590465
0.0536040
-0.0229001
-0.0712808
-0.0663875
-0.0386871
0.0162255
0.0221964
0.0153174
-0.0130307
-0.0308682
-0.0137401
-0.0150130
0.0208687
0.0482406
0.0240919
-0.0146344
-0.0282214
-0.0243789
-0.0332934
-0.0236028
0.0175166
0.0092594
-0.0596919
-0.0365404
0.0245956
0.0241714
0.0166221
0.0108658
0.0318549
0.0540144
0.0592902
0.0561280
0.0810190
0.0730495
-0.0164247
-0.0533024
0.0230018
0.0643480
0.0382570
0.0475732
0.0229447
-0.0583614
-0.0594071
-0.0076819
-0.0243601
-0.0320004
0.0179472
0.0261666
-0.0009729
0.0115910
0.0456853
0.0602738
0.0523483
-0.0034184
-0.0502454
0.0071712
0.0651858
0.0668612
0.0186388
-0.0599726
-0.0423570
0.0250814
0.0119975
0.0259038
0.0526046
-0.0134741
-0.0426513
0.0211768
0.0182742
-0.0184411
-0.0291146
-0.0271956
-0.0386897
-0.0324355
0.0165541
-0.0107831
-0.0402496
-0.0028330
0.0116428
-0.0313178
-0.0412852
0.0116186
0.0265870
-0.0046961
-0.0337368
-0.0475904
-0.0474392
-0.0261282
0.0173212
0.0188324
-0.0417664
-0.0332382
0.0431799
0.0410610
-0.0186405
-0.0353798
-0.0012071
0.0037318
-0.0201128
-0.0356760
-0.0571223
-0.0687028
-0.0454321
-0.0047333
0.0122718
-0.0082616
-0.0231842
-0.0037145
-0.0077233
-0.0533061
-0.0523859
-0.0380977
-0.0454701
-0.0333645
-0.0094930
0.0065337
0.0155781
0.0068387
-0.0180092
-0.0160509
0.0192257
0.0521460
0.0287858
0.0086402
0.0135244
-0.0229661
-0.0434591
-0.0305755
-0.0241688
-0.0559581
-0.0665606
0.0000751
0.0411470
0.0659231
0.0882443
0.0492777
0.0075047
-0.0282652
-0.0571535
-0.0276687
-0.0107137
0.0089083
0.0516810
0.0452666
0.0149932
0.0256466
0.0584042
0.0388482
-0.0298017
-0.0180463
0.0110596
0.0031715
0.0112836
0.0528744
0.0834110
0.0261570
-0.0114977
-0.0014258
-0.0232209
-0.0557297
-0.0434565
0.0121208
0.0374002
-0.0035199
-0.0484923
-0.0371379
-0.0261166
-0.0497495
-0.0572860
-0.0100269
0.0270407
0.0015454
-0.0307275
-0.0472834
-0.0265247
-0.0044971
0.0051527
0.0041593
-0.0336003
-0.0358811
-0.0007263
-0.0017412
-0.0263370
-0.0389344
-0.0115605
0.0134757
-0.0047186
-0.0274731
-0.0284198
0.0081003
0.0418098
0.0380784
0.0218248
0.0227837
-0.0000371
-0.0390146
-0.0413331
0.0085332
0.0204076
-0.0002850
0.0230686
0.0233511
0.0345562
0.0661270
0.0475477
-0.0097832
-0.0030229
0.0370091
0.0517319
0.0587210
0.0389904
0.0155356
0.0354170
0.0634972
0.0547602
0.0545129
0.0756673
0.0527098
0.0004915
-0.0303311
-0.0251011
0.0057338
0.0164117
0.0308516
0.0214529
-0.0168156
-0.0394999
-0.0225420
0.0125705
0.0116748
0.0265834
0.0223966
-0.0133567
0.0321302
0.0666428
0.0199686
-0.0297265
-0.0689492
-0.0417904
-0.0027941
0.0016291
0.0187779
0.0080281
-0.0008460
0.0049150
-0.0119256
-0.0311513
-0.0440549
-0.0436467
-0.0077341
0.0444978
0.0290478
-0.0159256
-0.0269698
-0.0360782
-0.0299281
-0.0166416
-0.0060175
-0.0190386
-0.0378691
-0.0513316
-0.0220821
0.0121796
0.0208214
0.0317493
0.0041881
-0.0179105
-0.0049192
0.0000022
-0.0102026
0.0078447
0.0273365
0.0029300
-0.0173680
0.0321919
0.0573989
0.0318306
-0.0230129
-0.0385467
0.0123927
-0.0355483
-0.0674373
-0.0116780
0.0318812
0.0376331
-0.0087829
-0.0077412
0.0371856
-0.0204703
-0.0541973
0.0118669
0.0290094
-0.0099113
-0.0388410
-0.0437089
-0.0268477
-0.0077255
0.0014883
-0.0215642
-0.0505090
-0.0438335
-0.0273063
-0.0173198
-0.0169842
-0.0092842
-0.0109445
-0.0160594
-0.0077702
-0.0372589
-0.0678614
-0.0466836
-0.0059711
0.0441111
0.0381031
-0.0446006
-0.0510780
0.0200747
0.0018629
-0.0278149
-0.0303884
-0.0518499
-0.0045345
0.0652837
0.0546867
-0.0375076
-0.0066024
0.0812346
0.0155590
-0.0349543
0.0079924
0.0309968
0.0130391
0.0365566
0.0657023
0.0400084
0.0194926
0.0195337
-0.0059671
-0.0124207
0.0258954
0.0495950
0.0371551
0.0108339
0.0138866
0.0193383
-0.0033596
0.0021405
0.0219415
0.0131154
0.0069922
0.0118684
-0.0003828
-0.0062047
-0.0183790
-0.0275111
-0.0083310
0.0058926
0.0396772
0.0434808
0.0031105
-0.0042133
-0.0135138
-0.0274583
-0.0133830
0.0083343
0.0105196
-0.0051636
0.0052372
0.0161788
-0.0099664
-0.0238075
-0.0141138
-0.0147961
0.0026433
0.0101087
-0.0093370
-0.0023203
0.0109459
0.0039896
0.0067620
0.0113523
-0.0005597
0.0042935
0.0100746
-0.0099462
-0.0197742
-0.0080484
0.0020506
0.0065697
0.0138211
0.0097778
0.0099823
0.0090638
0.0032932
0.0031752
-0.0043080
-0.0047611
0.0067896
0.0100528
0.0031449
0.0016456
-0.0026165
0.0013320
0.0116253
0.0124961
0.0129948
0.0107455
0.0089161
0.0067676
0.0011553
0.0025633
0.0047103
0.0026722
0.0037567
0.0035577
-0.0003628
-0.0035593
-0.0026933
-0.0017411
-0.0035053
-0.0043917
-0.0051620
-0.0047081
-0.0033206
-0.0031852
-0.0051452
-0.0070572
-0.0067567
-0.0067466
-0.0071447
-0.0072714
-0.0066325
-0.0063053
-0.0064030
-0.0063174
-0.0057573
-0.0048688
-0.0045291
-0.0041186
-0.0036435
-0.0034907
-0.0032166
-0.0027815
-0.0024750
-0.0021657
-0.0017485
-0.0013783
-0.0010955
