-0.0000392
-0.0000465
-0.0000432
-0.0000575
-0.0000565
-0.0000655
-0.0000551
-0.0000676
-0.0000838
-0.0001264
-0.0001646
-0.0002243
-0.0002436
-0.0002334
-0.0001894
-0.0001492
-0.0000849
-0.0000146
0.0000859
0.0001749
0.0002320
0.0002369
0.0002464
0.0002545
0.0002738
0.0002502
0.0001095
-0.0001111
-0.0002408
-0.0002907
-0.0003297
-0.0004025
-0.0004801
-0.0005571
-0.0006340
-0.0007173
-0.0008129
-0.0008577
-0.0000424
0.0024162
0.0038278
0.0027798
0.0009155
-0.0005348
-0.0005389
0.0016778
0.0052457
0.0073483
0.0026405
-0.0061914
-0.0091372
-0.0052551
-0.0003629
0.0005419
-0.0012941
-0.0017552
-0.0004285
0.0008011
-0.0025258
-0.0055970
0.0005638
0.0088267
0.0043059
-0.0110421
-0.0167639
-0.0076083
0.0045768
0.0128174
0.0067037
-0.0013191
0.0016224
0.0096071
0.0161893
0.0197490
0.0121797
0.0011015
0.0001918
0.0002623
-0.0061078
-0.0118613
-0.0076278
0.0029126
0.0063028
-0.0031395
-0.0165705
-0.0163460
0.0030994
0.0173631
0.0003713
-0.0309808
-0.0248062
0.0186586
0.0347273
-0.0016877
-0.0421402
-0.0323921
0.0119959
0.0157418
-0.0131563
-0.0123051
0.0237033
0.0405822
0.0080332
-0.0466333
-0.0632748
-0.0104701
0.0624069
0.0605652
-0.0120654
-0.0649441
-0.0253335
0.0363741
0.0110504
-0.0473255
-0.0512513
-0.0105048
0.0261289
0.0203145
-0.0315772
-0.0712339
-0.0475788
0.0149331
0.0500603
0.0270150
-0.0101092
-0.0067759
0.0053750
0.0039483
0.0070779
0.0196319
0.0329362
0.0235350
-0.0062438
-0.0364218
-0.0337499
0.0026577
0.0438117
0.0523314
0.0238029
-0.0125857
-0.0219368
0.0021928
0.0228307
0.0112749
-0.0108565
-0.0065637
0.0189648
0.0203413
-0.0108588
-0.0294198
-0.0182567
0.0022635
0.0137975
0.0052271
-0.0168003
-0.0157953
0.0154694
0.0371982
0.0194563
-0.0127081
-0.0193535
-0.0027953
0.0141555
0.0199432
0.0122027
-0.0006799
-0.0002043
0.0144741
0.0290098
0.0176111
0.0007611
0.0030977
-0.0156358
-0.0408944
-0.0297933
0.0085708
0.0328850
0.0165327
-0.0240155
-0.0426620
-0.0180424
0.0249644
0.0471210
0.0318955
0.0047819
-0.0011795
0.0077370
0.0105489
0.0057754
0.0007579
0.0000154
0.0009336
0.0014738
0.0035512
0.0093397
0.0141971
0.0106782
-0.0001581
0.0005433
0.0001064
-0.0004226
0.0095782
0.0217267
0.0205632
0.0057922
-0.0098708
-0.0188505
-0.0166405
-0.0082564
-0.0069122
-0.0155520
-0.0154794
-0.0012984
0.0054291
0.0074818
0.0175378
0.0319396
0.0314815
0.0126711
0.0035395
0.0135355
0.0272829
0.0227316
-0.0054240
-0.0388490
-0.0438942
-0.0075879
-0.0036414
-0.0163450
0.0050349
0.0237827
0.0069120
-0.0033078
0.0203903
0.0312764
0.0104212
-0.0203956
-0.0339042
-0.0241747
-0.0054193
-0.0034863
-0.0196124
-0.0223659
-0.0066637
0.0055084
0.0127400
0.0226859
0.0200585
0.0032077
0.0095492
0.0186742
0.0017608
-0.0295557
-0.0420223
-0.0279410
-0.0063056
0.0086784
0.0015509
-0.0256904
-0.0349824
-0.0173049
0.0062665
0.0218630
0.0299749
0.0209813
0.0100864
0.0166233
0.0189198
0.0029874
-0.0148962
-0.0187716
-0.0116036
-0.0055087
-0.0061534
-0.0146627
-0.0298598
-0.0207122
0.0457389
0.0797793
0.0357838
-0.0310801
-0.0703602
-0.0615011
-0.0278100
0.0018262
0.0178512
0.0181794
-0.0074434
-0.0509948
-0.0567200
-0.0061837
0.0612436
0.0866496
0.0403474
-0.0428359
-0.1145129
-0.0901822
0.0305318
0.0899212
0.0422569
-0.0294740
-0.0583156
-0.0667432
-0.0924653
-0.0636212
0.0419965
0.0869264
0.0208435
-0.0750779
-0.0701592
0.0112263
0.0545292
0.0230190
-0.0403340
-0.0666593
-0.0343426
0.0116450
0.0089646
-0.0346797
-0.0782618
-0.0942615
-0.0770702
-0.0472279
-0.0476742
-0.1134027
-0.1542379
-0.1101126
-0.0354483
-0.0037525
-0.0227514
-0.0315907
-0.0108141
0.0136937
0.0025529
-0.0361931
-0.0326649
0.0374748
0.1221016
0.1097612
-0.0079991
-0.0495183
0.0359665
0.1344860
0.1356862
0.0624509
0.0124442
0.0336146
0.0925845
0.1427799
0.1698439
0.1256575
0.0183670
-0.0548821
-0.0307823
0.0384389
0.0521162
0.0216619
0.0084164
0.0195795
0.0324059
0.0360117
0.0372142
0.0408847
0.0468878
0.0586417
0.0803718
0.1056635
0.1301644
0.1521267
0.1679798
0.0962892
-0.0656966
-0.1902473
-0.1699753
-0.0525555
0.0566598
0.0841247
0.0415101
-0.0047842
0.0044491
0.0727770
0.1351571
0.1522813
0.1404065
0.1330709
0.1339398
0.1373786
0.1357377
0.1241035
0.0984450
0.0707773
0.0647120
0.0949851
0.1160916
0.0962805
0.0525399
0.0141932
-0.0179530
-0.0478580
-0.0640040
-0.0571305
-0.0452977
-0.0512914
-0.1605814
-0.2648830
-0.2394090
-0.1449812
-0.1277045
-0.2038779
-0.2216933
-0.1410821
-0.0724899
-0.0779635
-0.0987244
-0.0737905
-0.0209222
-0.0020033
-0.0282115
-0.0364232
-0.0612457
-0.1388560
-0.2241238
-0.2607401
-0.2451862
-0.2253405
-0.2311408
-0.2037248
-0.1066096
0.0179718
0.1286106
0.1952368
0.2162269
0.2128803
0.2063894
0.2617271
0.2969793
0.2423063
0.1563837
0.0949981
0.0895482
0.0864041
0.0093810
-0.1237914
-0.2072087
-0.1769937
-0.0832688
0.0016801
0.0676837
0.1286189
0.1500055
0.0826043
-0.0133972
-0.0399164
-0.0034217
-0.0090175
-0.1221298
-0.2893280
-0.3658032
-0.2662470
-0.0855275
-0.0239999
-0.0961756
-0.1653485
-0.1226575
-0.0033637
0.0368448
-0.0438469
-0.1564039
-0.1774605
-0.0833998
0.0157960
0.0011603
-0.0904150
-0.0856892
0.0387776
0.1648340
0.1608299
0.0612681
0.0713472
0.2197701
0.3539484
0.3425373
0.2292651
0.1206483
0.0417430
-0.0314198
-0.1128216
-0.1844340
-0.1829818
-0.1103230
-0.0297761
0.0345830
0.0907526
0.1446575
0.1076071
-0.0284642
-0.0921138
-0.0331695
0.0120019
-0.0165559
-0.0632273
-0.0764828
-0.0671315
-0.0613332
-0.0650410
-0.0689542
-0.0611537
-0.0124254
0.0698799
0.1505589
0.1663600
0.1180442
0.0613309
0.0187432
-0.0173933
-0.0569492
-0.0915790
-0.1090669
-0.1132610
-0.1165213
-0.1196301
-0.1201757
-0.1189210
-0.1243158
-0.1430625
-0.1697196
-0.1958221
-0.2167789
-0.2108847
-0.1674423
-0.1082634
-0.0535209
-0.0049808
0.0417378
0.0761463
0.0952807
0.1087818
0.1086052
0.0866084
0.0537578
0.0231427
0.0038154
0.0025668
0.0128516
0.0197471
0.0225736
0.0357158
0.0518794
0.0370260
-0.0073962
-0.0505606
-0.0220995
0.0641372
0.0929424
0.0447881
-0.0164847
-0.0493635
-0.0378672
-0.0166373
-0.0273252
-0.0591425
-0.0764889
-0.0616307
-0.0553588
-0.0876377
-0.1110507
-0.0574363
0.0355518
0.0655130
0.0299700
0.0281248
0.0914692
0.1377000
0.1435136
0.1320500
0.0926941
0.0504626
0.0591791
0.0992329
0.1118648
0.0935698
0.0726295
0.0710322
0.0918467
0.1212365
0.1349472
0.1147248
0.0721358
0.0309611
-0.0011113
-0.0267475
-0.0523902
-0.0777362
-0.1021293
-0.1244581
-0.1443621
-0.1314964
-0.0796116
-0.0601449
-0.1369801
-0.1719203
-0.0898380
-0.0175147
-0.0254534
-0.0668844
-0.0778622
-0.0296752
0.0489715
0.0781280
0.0382898
-0.0209919
-0.0363483
0.0211385
0.1109342
0.1353373
0.1011454
0.1395361
0.2712511
0.4143436
0.4946177
0.5024438
0.5068020
0.5426495
0.5871208
0.6219338
0.6449411
0.5941565
0.4204199
0.2504286
0.1741427
0.1430313
0.0964367
0.0295565
-0.0337211
-0.0857297
-0.1163911
-0.1222067
-0.1259001
-0.1425170
-0.1635523
-0.1679943
-0.1538116
-0.1376098
-0.1356635
-0.1780067
-0.2370147
-0.2476571
-0.2120465
-0.1719001
-0.1441639
-0.1210935
-0.1017352
-0.0837441
-0.0470167
0.0079329
0.0450947
0.0545352
0.0531282
0.0395236
0.0142333
0.0031734
0.0183446
0.0437292
0.0644051
0.0694217
0.0721669
0.0860060
0.1033002
0.1177006
0.1294136
0.1396119
0.1302444
0.0902307
0.0370573
-0.0067145
-0.0318828
-0.0461691
-0.0606888
-0.0716165
-0.0661337
-0.0472657
-0.0464437
-0.0761167
-0.1274973
-0.1844947
-0.2379583
-0.2879264
-0.3367948
-0.3844524
-0.4282315
-0.4402510
-0.4162005
-0.3891746
-0.4167828
-0.4713171
-0.4423102
-0.3275699
-0.2071364
-0.1515502
-0.1540486
-0.1264165
-0.0417364
0.0547289
0.0852697
0.0506773
0.0191438
0.0521982
0.1352128
0.2166647
0.2834353
0.3437684
0.3954965
0.4331619
0.4621558
0.4897611
0.5157061
0.5068742
0.4122614
0.2584195
0.1352968
0.0915533
0.0792665
0.0349979
-0.0292673
-0.0582401
-0.0461326
-0.0288636
-0.0213970
-0.0197925
-0.0388425
-0.0877517
-0.1307429
-0.1524677
-0.2001007
-0.2911689
-0.3892021
-0.4529959
-0.4385127
-0.3772982
-0.3544108
-0.3808341
-0.3712176
-0.2745356
-0.1663022
-0.1199067
-0.1081789
-0.0720659
-0.0054262
0.0492809
0.0747600
0.0869498
0.1009843
0.0991595
0.0759284
0.0344530
-0.0178510
-0.0709392
-0.1187556
-0.1327516
-0.1003246
-0.0905272
-0.1415161
-0.1664785
-0.1087289
-0.0144835
0.0663294
0.1085721
0.1123314
0.1076447
0.1275965
0.1666504
0.2029170
0.2070512
0.1673151
0.1291398
0.1203270
0.0933226
0.0294591
-0.0439465
-0.1064214
-0.1555571
-0.1768073
-0.1674524
-0.1451344
-0.1234634
-0.0815149
0.0012404
0.1035877
0.1543361
0.1244054
0.0614139
0.0216041
0.0023336
-0.0264562
-0.0663057
-0.0947040
-0.1056548
-0.1125847
-0.1186095
-0.1074214
-0.0771194
-0.0445433
-0.0230414
-0.0329574
-0.0480633
-0.0285798
0.0099350
0.0155358
-0.0170438
-0.0528119
-0.0607195
-0.0329555
-0.0013083
0.0083715
0.0084041
0.0107367
0.0043422
-0.0113418
-0.0213572
-0.0066178
-0.0017146
-0.0272268
-0.0617245
-0.0712018
-0.0525905
-0.0282213
-0.0026788
0.0422407
0.0815291
0.0754643
0.0400583
0.0414693
0.1025275
0.1826104
0.2449506
0.2439015
0.1899380
0.1393242
0.1000411
0.0554844
0.0060517
-0.0007483
0.0434118
0.0981544
0.1396545
0.1375747
0.0897521
0.0503337
0.0336701
0.0136100
-0.0167991
-0.0367095
-0.0329383
-0.0276348
-0.0431773
-0.0460180
0.0143901
0.1183461
0.2086450
0.2441169
0.2409783
0.2368066
0.2243319
0.1741543
0.0947835
0.0162320
-0.0519267
-0.1097632
-0.1621001
-0.2120624
-0.2569846
-0.2559861
-0.2050787
-0.1444623
-0.0951668
-0.0643701
-0.0564124
-0.0512167
-0.0056741
0.0714933
0.1190468
0.1061887
0.0643801
0.0409951
0.0587829
0.0998564
0.1373377
0.1680607
0.1979202
0.2261931
0.2051192
0.1630076
0.1485633
0.1360462
0.0986510
0.0450268
-0.0042055
-0.0410545
-0.0618094
-0.0734178
-0.0834214
-0.0881138
-0.0890510
-0.1008074
-0.1231415
-0.1367219
-0.1250324
-0.0988358
-0.0891104
-0.1015050
-0.0943718
-0.0537654
-0.0055056
0.0273744
0.0315420
0.0402297
0.0742165
0.1158946
0.1505733
0.1665391
0.1369928
0.0702891
0.0094579
-0.0238457
-0.0388615
-0.0300307
0.0081502
0.0538833
0.0690454
0.0325079
0.0154209
0.0542215
0.1103119
0.1266394
0.0739440
-0.0042812
-0.0373057
-0.0352330
-0.0511222
-0.0929745
-0.1357423
-0.1539387
-0.1143311
-0.0316137
0.0517311
0.1074700
0.1294788
0.1368811
0.1447789
0.1353623
0.0821247
0.0024652
-0.0349933
-0.0163068
0.0135831
0.0214136
0.0096026
0.0090195
0.0254628
0.0370982
0.0273341
-0.0054381
-0.0497765
-0.0913567
-0.1259855
-0.1240245
-0.0860589
-0.0450467
-0.0579832
-0.1252288
-0.1743898
-0.1535645
-0.0899611
-0.0440442
-0.0396106
-0.0479964
-0.0559897
-0.0720633
-0.0928440
-0.1057994
-0.0929654
-0.0624923
-0.0320196
-0.0182412
-0.0619678
-0.1372312
-0.1369481
-0.0574765
0.0117800
0.0136390
-0.0195206
0.0015579
0.0982321
0.1484463
0.1026089
0.0304093
0.0114933
0.0591683
0.1032924
0.1020622
0.0758980
0.0528741
0.0375931
0.0255262
0.0285213
0.0482474
0.0711807
0.0905366
0.1074995
0.1214082
0.0849381
0.0009640
-0.0344937
-0.0215292
-0.0539132
-0.1105603
-0.1228871
-0.1304930
-0.1511976
-0.1494303
-0.1210933
-0.0945199
-0.1011653
-0.1329627
-0.1534561
-0.1361830
-0.0942488
-0.0523035
0.0084735
0.0795131
0.1068602
0.0895627
0.0854473
0.1205095
0.1708785
0.2127950
0.2155059
0.1451705
0.0426694
0.0258720
0.1005645
0.1350890
0.0803397
0.0042287
-0.0216384
0.0083781
0.0539668
0.0869370
0.0723751
0.0080510
-0.0430976
-0.0438362
-0.0192627
-0.0066653
0.0048817
0.0030273
-0.0326339
-0.0852965
-0.1000832
-0.0670489
-0.0255584
0.0047518
0.0435477
0.1013903
0.1624483
0.2049342
0.1746008
0.0841043
0.0553247
0.0912202
0.0906775
0.0368196
0.0014669
0.0148156
0.0422321
0.0573646
0.0358931
-0.0197137
-0.0832095
-0.1400738
-0.1922630
-0.2417774
-0.2468349
-0.1787768
-0.0773706
-0.0168366
-0.0450414
-0.0896459
-0.0692687
-0.0047984
0.0453847
0.0240860
-0.0330424
-0.0327843
0.0270151
0.0884258
0.0831966
0.0173069
-0.0048184
0.0433493
0.1003849
0.0639946
-0.0434566
-0.0840635
-0.0409467
0.0006640
-0.0245244
-0.0904345
-0.1333065
-0.1107412
-0.0506499
-0.0300720
-0.0786833
-0.1145321
-0.0716334
0.0074950
0.0256249
-0.0232941
-0.0788376
-0.1120388
-0.1260982
-0.1356472
-0.1463120
-0.1413630
-0.0994976
-0.0341575
0.0083958
-0.0047027
-0.0401279
-0.0211392
0.0520609
0.1254746
0.1170200
0.0276907
-0.0461575
-0.0222371
0.0237402
0.0009398
-0.0610053
-0.0919933
-0.0360392
0.0691622
0.1072050
0.0529126
-0.0188977
-0.0513059
-0.0319214
0.0031808
0.0122823
-0.0466288
-0.1480764
-0.2124829
-0.1551829
-0.0155889
0.0734697
0.0376379
-0.0616038
-0.1340839
-0.0852605
0.0601104
0.2019763
0.2051206
0.0786714
-0.0411692
-0.0626714
-0.0155014
-0.0207103
-0.0313113
0.0179991
0.0512669
0.0254427
0.0190233
0.0853051
0.1828387
0.2052290
0.1222022
0.0529886
0.0874911
0.1802710
0.2504517
0.2194507
0.1078281
-0.0028061
-0.0543301
-0.0369125
-0.0464189
-0.1311043
-0.2407890
-0.2623210
-0.1911764
-0.1098713
-0.0635355
-0.0532826
-0.0453055
-0.0094388
0.0452129
0.0957146
0.1140894
0.1149285
0.1310559
0.1582593
0.1408258
0.0814450
0.0623522
0.0987731
0.1447066
0.1655609
0.1373707
0.0938267
0.0836330
0.0984142
0.1018057
0.0643206
0.0009770
-0.0601497
-0.1106121
-0.1334112
-0.1269287
-0.1127883
-0.1030177
-0.1130111
-0.1686185
-0.2235849
-0.1868746
-0.0765987
0.0219743
0.0012681
-0.1188420
-0.1939493
-0.1578923
-0.0715217
-0.0225609
-0.0335483
-0.0436600
-0.0057217
-0.0032936
-0.0702157
-0.1087139
-0.0801135
-0.0334463
-0.0172572
-0.0496824
-0.1045150
-0.1358739
-0.1019670
-0.0244871
0.0184564
-0.0196745
-0.0974729
-0.1007798
-0.0048996
0.0489806
0.0078098
-0.0263864
-0.0148401
-0.0069545
-0.0042095
0.0168639
0.0523031
0.0862185
0.1116683
0.1329964
0.1550702
0.1757077
0.1724304
0.1388070
0.1160325
0.1224296
0.1397407
0.1494202
0.1301420
0.0813411
0.0675955
0.1220542
0.1960634
0.1771324
0.0653165
-0.0322488
-0.0295008
0.0423498
0.0901025
0.0336422
-0.0480025
-0.0321851
0.0522297
0.0935480
0.0552191
-0.0046873
-0.0479175
-0.0578241
-0.0486160
-0.0388322
-0.0335918
-0.0279635
-0.0248242
-0.0351818
-0.0404895
-0.0061900
0.0558355
0.1181718
0.1688829
0.1988089
0.1967425
0.1782075
0.1625596
0.1684451
0.1894554
0.2063763
0.1500936
0.0388575
-0.0103795
0.0179703
0.0565231
0.0302037
-0.0352725
-0.0472291
-0.0011309
0.0501152
0.0615450
0.0280083
-0.0211393
-0.0614047
-0.0914184
-0.1267301
-0.1836161
-0.2539819
-0.3204822
-0.3660908
-0.3620823
-0.3191774
-0.2764776
-0.2461702
-0.2116636
-0.1520891
-0.0974400
-0.0897309
-0.1171570
-0.1441655
-0.1579977
-0.1651808
-0.1746167
-0.1854137
-0.1923136
-0.1409365
-0.0080837
0.0998298
0.1039354
0.0552241
0.0490378
0.1175659
0.1820541
0.1775833
0.1321453
0.1156691
0.1473654
0.1940375
0.2164393
0.1834702
0.1129864
0.0676774
0.0686131
0.0850744
0.0389173
-0.0322562
-0.0434955
-0.0354969
-0.0717954
-0.1015441
-0.0822890
-0.0428727
-0.0122273
0.0003093
-0.0007563
-0.0102585
-0.0310840
-0.0611601
-0.0917416
-0.1194551
-0.1453843
-0.1703756
-0.1936343
-0.1979838
-0.1731240
-0.1355417
-0.1007835
-0.0707605
-0.0397926
-0.0063612
0.0381427
0.1009545
0.1719564
0.2246686
0.2477308
0.2639740
0.2865218
0.2944621
0.2809398
0.2621505
0.2476557
0.2362228
0.2250616
0.2157573
0.2084991
0.2014980
0.1856276
0.1591855
0.1303517
0.1051966
0.1004698
0.1161270
0.1287814
0.1036134
0.0472158
0.0056119
-0.0070987
-0.0251021
-0.0892527
-0.1839861
-0.2459751
-0.2495081
-0.2351535
-0.2405665
-0.2550035
-0.2437036
-0.2095640
-0.1991138
-0.2248810
-0.2569037
-0.2806927
-0.3001265
-0.3176515
-0.2890824
-0.2084355
-0.1159571
-0.0193014
0.0553012
0.0847270
0.1128312
0.1664250
0.2297174
0.2828660
0.2950950
0.2354396
0.1611363
0.1348590
0.1403784
0.1230053
0.0733606
0.0296287
0.0214374
0.0226735
0.0041281
-0.0247255
-0.0343146
-0.0210506
-0.0173630
-0.0393255
-0.0728010
-0.1017781
-0.1256641
-0.1482194
-0.1712889
-0.1977454
-0.2248882
-0.2354295
-0.2164682
-0.1818157
-0.1575180
-0.1515502
-0.1341219
-0.0924738
-0.0473508
-0.0329145
-0.0341273
-0.0112521
0.0330940
0.0776813
0.1127544
0.1267980
0.1176971
0.1102492
0.1147983
0.1129438
0.0887091
0.0520512
0.0175371
-0.0102607
-0.0122441
0.0196965
0.0640980
0.1004596
0.0949892
0.0548227
0.0513981
0.1073580
0.1803403
0.2383080
0.2428900
0.1889338
0.1178234
0.0894433
0.1259345
0.1453511
0.1144891
0.1064565
0.1198419
0.1168150
0.1138439
0.1274801
0.1453829
0.1171264
0.0426248
-0.0006101
0.0202655
0.0650792
0.0816912
0.0578972
0.0400391
0.0520592
0.0740239
0.0876041
0.0717724
0.0242381
-0.0335246
-0.0847321
-0.1045187
-0.1134264
-0.1578330
-0.2304616
-0.2750702
-0.2328617
-0.1335020
-0.0708470
-0.0743575
-0.0946203
-0.0771850
-0.0371816
-0.0371031
-0.0692730
-0.0900846
-0.0944477
-0.0904248
-0.0676563
-0.0280681
0.0045205
0.0116407
0.0025017
-0.0062307
-0.0154619
-0.0310788
-0.0506565
-0.0686840
-0.0709092
-0.0360662
0.0226418
0.0655306
0.0857746
0.1007431
0.1084462
0.0752617
0.0144193
-0.0156845
-0.0223385
-0.0399210
-0.0693558
-0.0959781
-0.0954227
-0.0713405
-0.0453159
-0.0231684
0.0043377
0.0394268
0.0749977
0.1056552
0.1087901
0.0782785
0.0551788
0.0568502
0.0459497
0.0016340
-0.0387007
-0.0325118
0.0071202
0.0455929
0.0734586
0.0877121
0.0909872
0.0805238
0.0547414
0.0236461
-0.0009520
-0.0223221
-0.0553279
-0.0984494
-0.1340381
-0.1383761
-0.1180880
-0.0983880
-0.0868396
-0.0757849
-0.0565970
-0.0351626
-0.0329433
-0.0505629
-0.0705083
-0.0856769
-0.0983340
-0.1112724
-0.1234349
-0.1301412
-0.1273646
-0.1260185
-0.1432095
-0.1741673
-0.1861868
-0.1717426
-0.1506456
-0.1357385
-0.1334595
-0.1416886
-0.1519013
-0.1610944
-0.1674249
-0.1460014
-0.0869770
-0.0311857
-0.0028535
0.0120666
0.0302030
0.0504574
0.0613324
0.0581998
0.0346700
-0.0051927
-0.0455315
-0.0803429
-0.0827312
-0.0515271
-0.0123291
0.0264431
0.0853869
0.1649554
0.2399076
0.2724432
0.2801971
0.2984257
0.3241410
0.3179506
0.2375826
0.1208165
0.0457306
0.0186362
-0.0017421
-0.0328514
-0.0652559
-0.0742094
-0.0460890
0.0005030
0.0441898
0.0815506
0.1155260
0.1148976
0.0726555
0.0201222
-0.0245180
-0.0631884
-0.1018202
-0.1278384
-0.1153552
-0.0724235
-0.0281081
0.0060810
0.0248359
0.0338448
0.0516824
0.0834113
0.1127958
0.1055031
0.0649334
0.0387022
0.0395827
0.0360093
0.0134854
-0.0122547
-0.0068277
0.0360091
0.0876455
0.1320796
0.1710273
0.2089730
0.2207382
0.2059602
0.1992800
0.2084514
0.2000458
0.1650392
0.1244620
0.0973329
0.0907021
0.0933065
0.0709417
0.0149472
-0.0493421
-0.0902129
-0.0946838
-0.0912106
-0.1089757
-0.1420913
-0.1714839
-0.1929769
-0.2129699
-0.2346825
-0.2551162
-0.2612936
-0.2343515
-0.1854744
-0.1382215
-0.1100083
-0.0979506
-0.0812786
-0.0461588
-0.0000655
0.0426814
0.0658663
0.0628247
0.0477210
0.0304265
0.0024186
-0.0264892
-0.0222079
0.0114014
0.0290175
0.0164658
0.0035396
0.0117413
0.0327438
0.0505997
0.0596782
0.0586891
0.0529259
0.0517554
0.0596096
0.0707780
0.0743012
0.0569076
0.0247815
-0.0073091
-0.0348215
-0.0608183
-0.0866912
-0.1064036
-0.1139488
-0.0962796
-0.0463797
0.0176807
0.0741278
0.0982607
0.0952398
0.0866132
0.0669492
0.0329422
-0.0048631
-0.0393531
-0.0688518
-0.0721715
-0.0417884
-0.0004650
0.0363652
0.0679364
0.0970057
0.0867340
0.0331034
-0.0277793
-0.0726208
-0.0938143
-0.1025837
-0.1110202
-0.1125383
-0.0926621
-0.0571687
-0.0220231
0.0047728
0.0162035
0.0163268
0.0152267
0.0161076
0.0162838
-0.0010416
-0.0383977
-0.0788099
-0.1016685
-0.0906560
-0.0591569
-0.0267152
0.0057706
0.0423722
0.0800809
0.1139937
0.1160816
0.0864846
0.0641181
0.0691159
0.0827478
0.0829401
0.0766561
0.0834265
0.1033984
0.1235799
0.1327717
0.1305432
0.1294613
0.1363038
0.1466733
0.1548159
0.1610207
0.1655349
0.1656765
0.1591899
0.1420934
0.1169311
0.0916133
0.0666480
0.0379615
0.0069599
-0.0101952
-0.0080146
0.0008722
0.0073015
0.0106992
0.0123236
0.0125649
0.0125251
0.0121224
0.0078864
-0.0127730
-0.0477403
-0.0836930
-0.1150219
-0.1413521
-0.1609138
-0.1753695
-0.1883977
-0.2010761
-0.2058764
-0.1999779
-0.1900565
-0.1781743
-0.1609860
-0.1396347
-0.1182442
-0.0981162
-0.0712410
-0.0355047
0.0019428
0.0362549
0.0623311
0.0632384
0.0418611
0.0179147
-0.0011995
-0.0179658
-0.0357963
-0.0533034
-0.0629387
-0.0544962
-0.0339939
-0.0143253
0.0000134
0.0122550
0.0254803
0.0393065
0.0462400
0.0448157
0.0411860
0.0388299
0.0370510
0.0299689
0.0108546
-0.0162149
-0.0426727
-0.0651975
-0.0695769
-0.0513988
-0.0259695
-0.0117183
-0.0166044
-0.0222741
-0.0147149
-0.0004059
0.0117984
0.0209369
0.0277183
0.0297018
0.0274521
0.0241488
0.0160050
-0.0001144
-0.0199187
-0.0386472
-0.0555204
-0.0717392
-0.0877330
-0.1028641
-0.1125497
-0.1104460
-0.1022495
-0.0994313
-0.1027097
-0.1064774
-0.1083990
-0.1090174
-0.0984386
-0.0705644
-0.0351558
-0.0019070
0.0278697
0.0565128
0.0804807
0.0918727
0.0859979
0.0655693
0.0398518
0.0165564
0.0065938
0.0203222
0.0481298
0.0740771
0.0853923
0.0853793
0.0867202
0.0967073
0.1119293
0.1254728
0.1262379
0.1100197
0.0871880
0.0660911
0.0440148
0.0171433
-0.0111613
-0.0344501
-0.0484045
-0.0570641
-0.0632718
-0.0660053
-0.0654225
-0.0635959
-0.0512858
-0.0273205
-0.0017582
0.0135280
0.0179931
0.0218597
0.0313942
0.0444200
0.0562703
0.0653258
0.0670733
0.0711628
0.0839094
0.0932817
0.0882382
0.0736862
0.0624146
0.0617366
0.0672691
0.0610313
0.0407857
0.0183797
-0.0001639
-0.0157099
-0.0235526
-0.0234250
-0.0214724
-0.0210109
-0.0247442
-0.0340370
-0.0461030
-0.0576971
-0.0681219
-0.0777348
-0.0809774
-0.0743256
-0.0630472
-0.0525718
-0.0436680
-0.0349729
-0.0260140
-0.0176757
-0.0158291
-0.0248797
-0.0395838
-0.0530397
-0.0571222
-0.0518369
-0.0444846
-0.0386334
-0.0333062
-0.0272190
-0.0208798
-0.0149544
-0.0094857
-0.0056104
-0.0129288
-0.0307591
-0.0360029
-0.0213244
-0.0016338
0.0121744
0.0190411
0.0250129
0.0324196
0.0397814
0.0457653
0.0463250
0.0403863
0.0319810
0.0230933
0.0108657
-0.0047819
-0.0193439
-0.0221263
-0.0130077
0.0013006
0.0168461
0.0314059
0.0442955
0.0513255
0.0531306
0.0537060
0.0551554
0.0567304
0.0578799
0.0597294
0.0632910
0.0674798
0.0712875
0.0745220
0.0770600
0.0728800
0.0572382
0.0355032
0.0149084
-0.0030951
-0.0201067
-0.0366426
-0.0487768
-0.0558058
-0.0612592
-0.0670224
-0.0725561
-0.0735950
-0.0673944
-0.0574760
-0.0482919
-0.0415406
-0.0448184
-0.0576314
-0.0714992
-0.0826348
-0.0897062
-0.0853047
-0.0703308
-0.0542710
-0.0408090
-0.0290727
-0.0181985
-0.0094571
-0.0023966
0.0038911
0.0101359
0.0159920
0.0214532
0.0263951
0.0309957
0.0339157
0.0353370
0.0361881
0.0371297
0.0379409
0.0387224
0.0395874
0.0407220
0.0416630
0.0424253
0.0423615
0.0406682
0.0376139
0.0346671
0.0319924
0.0295309
0.0261736
0.0220511
0.0177601
0.0140004
0.0103424
0.0051195
-0.0048243
-0.0175911
-0.0297946
-0.0399808
-0.0492868
-0.0577908
-0.0645685
-0.0546110
-0.0381414
-0.0312886
-0.0303924
-0.0288949
-0.0251077
-0.0215798
-0.0196526
-0.0192887
-0.0191936
-0.0189061
-0.0179118
-0.0130373
-0.0044374
0.0041721
0.0114432
0.0176514
0.0235539
0.0289974
0.0338431
0.0379925
0.0414985
0.0429636
0.0414170
0.0382162
0.0351756
0.0326363
0.0302985
0.0283750
0.0270666
0.0258925
0.0246164
0.0231785
0.0208889
0.0170572
0.0126013
0.0085967
0.0053704
0.0031019
0.0015979
0.0003334
-0.0008145
-0.0016398
-0.0017670
-0.0014450
-0.0009615
-0.0004459
0.0000475
0.0004873
0.0011155
0.0020375
0.0029894
0.0037181
0.0042285
0.0045837
0.0047929
0.0047322
0.0031940
0.0003791
-0.0022656
-0.0042307
-0.0057115
-0.0069791
-0.0079980
-0.0086991
-0.0085501
-0.0071058
-0.0050452
-0.0032993
-0.0020189
-0.0010235
-0.0001880
0.0004374
0.0008223
0.0009254
0.0008187
0.0003144
-0.0005771
-0.0014912
-0.0018587
-0.0017288
-0.0017806
-0.0021815
-0.0026282
-0.0029599
-0.0032182
-0.0034521
-0.0036362
-0.0037788
-0.0039080
-0.0040403
-0.0041680
-0.0042833
-0.0043797
-0.0044594
-0.0045197
-0.0045616
-0.0045812
-0.0045800
-0.0045515
-0.0044991
-0.0044294
-0.0043610
-0.0042860
-0.0041825
-0.0040435
-0.0038770
-0.0036897
-0.0034856
-0.0032662
-0.0030342
-0.0027934
-0.0025479
-0.0022991
-0.0020482
-0.0017958
-0.0015435
-0.0012917
-0.0010408
-0.0007916
-0.0005450
-0.0003020
-0.0000628
0.0001721
0.0004026
0.0006285
