-0.0015720
-0.0015494
-0.0015439
-0.0015254
-0.0015196
-0.0014940
-0.0014755
-0.0014423
-0.0014383
-0.0014389
-0.0014665
-0.0014915
-0.0015430
-0.0015770
-0.0016135
-0.0016375
-0.0016825
-0.0017226
-0.0017769
-0.0017728
-0.0016973
-0.0015533
-0.0014087
-0.0014230
-0.0016798
-0.0020262
-0.0024018
-0.0027752
-0.0029608
-0.0028494
-0.0026362
-0.0024147
-0.0022046
-0.0019569
-0.0017466
-0.0015704
-0.0014031
-0.0012463
-0.0014058
-0.0019113
-0.0025276
-0.0031203
-0.0036418
-0.0038744
-0.0038138
-0.0036942
-0.0036013
-0.0035005
-0.0033260
-0.0030563
-0.0023671
-0.0023040
-0.0034359
-0.0042116
-0.0034465
-0.0025905
-0.0027311
-0.0033141
-0.0031549
-0.0021344
-0.0011970
-0.0022765
-0.0036170
-0.0009766
0.0050201
0.0067246
0.0011020
-0.0081106
-0.0136065
-0.0113644
-0.0051999
-0.0010842
-0.0026242
-0.0058001
-0.0063515
-0.0057193
-0.0059703
-0.0077740
-0.0071367
0.0010630
0.0138740
-0.0011622
-0.0228220
-0.0168860
0.0049198
0.0150325
-0.0016272
-0.0270857
-0.0245384
0.0074691
0.0211327
0.0040469
-0.0143892
-0.0063851
0.0190006
0.0185505
-0.0143977
-0.0292175
-0.0057751
0.0181517
0.0061439
-0.0292511
-0.0569207
-0.0360689
0.0237861
0.0450476
0.0068462
-0.0240918
-0.0121910
0.0173521
0.0245297
0.0068492
-0.0133458
-0.0165528
0.0018885
0.0135876
-0.0014715
-0.0134485
-0.0064856
-0.0010214
-0.0076968
-0.0145373
-0.0142179
-0.0036209
0.0175943
0.0228625
-0.0098181
-0.0334285
-0.0141245
0.0248409
0.0329596
0.0029037
-0.0330489
-0.0354219
-0.0064110
0.0164518
0.0116290
-0.0090679
-0.0149643
0.0012698
0.0104748
-0.0014677
-0.0082329
0.0039894
0.0184073
0.0223432
0.0115057
-0.0095677
-0.0298817
-0.0222748
0.0010815
-0.0051468
-0.0232220
-0.0219393
-0.0062014
0.0083288
0.0173306
0.0203561
0.0101960
0.0025952
0.0107983
0.0206973
0.0128774
-0.0074055
-0.0068131
0.0179920
0.0300645
0.0169935
-0.0024676
-0.0199950
-0.0095385
0.0190879
0.0135255
-0.0043718
0.0167436
0.0530984
0.0532994
0.0203306
-0.0129271
-0.0118149
0.0197503
0.0249557
-0.0062250
-0.0183115
-0.0041098
0.0066439
0.0063662
0.0032551
0.0038400
0.0048470
0.0040191
0.0071124
0.0135921
0.0115178
0.0094355
0.0179241
0.0227733
0.0075365
-0.0024495
0.0004466
-0.0042060
0.0002489
0.0098422
0.0166792
0.0256086
0.0262606
0.0154260
0.0008028
-0.0027077
0.0074807
0.0216241
0.0296326
0.0211075
0.0005418
-0.0040726
0.0089653
0.0104280
0.0003314
-0.0024042
-0.0027939
-0.0090989
-0.0044974
0.0107154
0.0157940
0.0066486
-0.0057745
-0.0088514
-0.0046769
-0.0002868
0.0013863
0.0025578
0.0040961
0.0047529
0.0014655
-0.0019404
0.0058987
0.0244237
0.0222963
0.0029143
-0.0107696
-0.0126378
-0.0081628
-0.0040192
-0.0004220
0.0056795
0.0109086
0.0124358
0.0123966
0.0129288
0.0139251
0.0100986
-0.0000820
-0.0102216
-0.0130241
-0.0087117
-0.0009656
0.0096199
0.0196712
0.0183907
0.0055783
0.0183190
0.0181443
0.0008264
-0.0012278
-0.0133155
-0.0304087
-0.0195389
0.0168975
0.0427746
0.0137300
-0.0193374
-0.0084341
0.0173425
0.0327225
0.0256446
-0.0020922
-0.0208271
-0.0034331
0.0101051
-0.0089368
-0.0277566
-0.0095933
0.0311695
0.0680565
0.0586179
0.0221245
0.0147561
0.0293536
0.0039602
-0.0279873
-0.0204173
-0.0001427
-0.0085870
-0.0446391
-0.0664550
-0.0441013
0.0041248
0.0105217
-0.0348600
-0.0887237
-0.1296981
-0.1445231
-0.1237062
-0.0961058
-0.0981136
-0.0946213
-0.1019400
-0.1484058
-0.1691344
-0.1088032
-0.0238204
0.0216629
0.0313624
0.0144076
-0.0147954
-0.0061382
0.0331593
0.0368021
0.0259876
0.0028152
-0.0254282
-0.0320461
-0.0490433
-0.0429755
0.0169834
0.0985382
0.1428878
0.1419724
0.1114517
0.0777020
0.0618969
0.0186132
-0.0558318
-0.0650389
0.0084100
0.0400894
0.0087711
-0.0259898
-0.0522717
-0.0183048
0.0830840
0.1815657
0.2471138
0.2566291
0.1675434
0.0146855
-0.0185151
0.0967800
0.1591494
0.0886016
-0.0250790
-0.1121532
-0.1740083
-0.1560542
-0.0346822
0.0547159
0.0419978
-0.0204885
-0.0741440
-0.0796377
-0.0287288
0.0267585
0.0499078
0.0336760
-0.0028519
-0.0171141
0.0238489
0.1015491
0.1786988
0.2310194
0.2160333
0.1440823
0.0690813
0.0643788
0.1421772
0.2197657
0.2551292
0.2152790
0.1273460
0.0561014
0.0252537
0.0176898
-0.0197283
-0.0955839
-0.1544994
-0.1660912
-0.1406679
-0.1349412
-0.1644887
-0.1573778
-0.0686450
-0.0134714
-0.0527850
-0.1108653
-0.1298506
-0.1327614
-0.1576235
-0.1804718
-0.1942066
-0.2193842
-0.2448119
-0.2115047
-0.1187567
-0.0166877
0.0699662
0.1108722
0.0762326
-0.0064025
-0.0869527
-0.1076154
-0.0316393
0.0383359
0.0550623
0.0909115
0.1714406
0.2528923
0.3001670
0.3283054
0.3523416
0.3332892
0.2611028
0.1608762
0.0562171
0.0184343
0.0560445
0.0733351
0.0338949
0.0051543
0.0298260
0.0780251
0.0732394
0.0036819
-0.0343241
-0.0064050
0.0357467
0.0191948
-0.0646801
-0.1371397
-0.0824653
0.0696515
0.1276974
0.0754790
0.0315261
0.0139157
-0.0213356
-0.0487870
-0.0197229
0.0075674
-0.0169129
-0.0610312
-0.0893032
-0.0579704
0.0199572
0.0902733
0.0976067
0.0561258
0.0298593
0.0463719
0.0669178
0.0432477
-0.0377683
-0.1272022
-0.1646563
-0.1487339
-0.1198815
-0.1115398
-0.1258475
-0.1366284
-0.1269243
-0.1083111
-0.1081467
-0.1261432
-0.1452182
-0.1409528
-0.1055664
-0.0702961
-0.0601934
-0.0391134
0.0214327
0.1028025
0.1536873
0.1372146
0.0436055
-0.0206522
-0.0028858
0.0395816
0.0669064
0.0811880
0.0797298
0.0479046
0.0001345
0.0047383
0.0846165
0.1576004
0.1665204
0.1108001
0.0234239
-0.0241530
0.0071967
0.0762516
0.0913718
0.0476178
0.0040649
-0.0007992
0.0321250
0.0587004
0.0348242
-0.0300343
-0.0932958
-0.1181730
-0.1150519
-0.1808345
-0.2764863
-0.3046392
-0.2801609
-0.2646272
-0.2738174
-0.2856881
-0.2866880
-0.2821709
-0.2791133
-0.2747422
-0.2607676
-0.2392920
-0.2255529
-0.2288880
-0.2314861
-0.2096709
-0.1759403
-0.1439557
-0.1131921
-0.0996676
-0.0701400
-0.0010712
0.0722419
0.1205146
0.1391101
0.1302033
0.1073057
0.0837656
0.0632713
0.0537676
0.0652993
0.0586799
0.0240763
0.0186736
0.0549437
0.0753656
0.0511082
0.0096688
-0.0129457
-0.0152250
-0.0171150
-0.0348814
-0.0699530
-0.1076847
-0.1104270
-0.0639037
-0.0320557
-0.0480038
-0.0835908
-0.1155926
-0.1439049
-0.1726587
-0.1560513
-0.1200529
-0.1250951
-0.1416955
-0.1435774
-0.1456762
-0.1503046
-0.1386639
-0.1116031
-0.0923645
-0.0958023
-0.1006084
-0.0787154
-0.0344430
0.0096714
0.0342270
0.0326264
0.0359788
0.0586475
0.0749394
0.0693073
0.0570434
0.0498498
0.0524888
0.0748282
0.1128717
0.1412024
0.1491832
0.1472889
0.1485055
0.1602736
0.1787768
0.1726732
0.1233040
0.0600626
0.0208002
0.0050156
0.0171428
0.0481075
0.0411136
-0.0057208
-0.0102510
0.0428519
0.0964204
0.1045550
0.0771003
0.0460322
0.0817330
0.1850713
0.2828443
0.3164348
0.3068963
0.3094583
0.3236916
0.3060568
0.2378773
0.1423147
0.0823650
0.0599093
0.0268640
-0.0135160
-0.0138482
0.0278070
0.0506520
0.0221734
-0.0009413
0.0193900
0.0554811
0.0819809
0.0695688
0.0333773
0.0193194
0.0218321
0.0097642
-0.0177265
-0.0457194
-0.0572484
-0.0559305
-0.0662459
-0.0964305
-0.1210221
-0.1332755
-0.1526758
-0.1566582
-0.1338381
-0.1343769
-0.1389808
-0.0973168
-0.0233136
0.0457799
0.0993007
0.1318385
0.1553418
0.1849542
0.1917920
0.1645682
0.1320204
0.1158326
0.0985532
0.0671389
0.0326102
0.0071753
-0.0012126
0.0002460
-0.0146390
-0.0485248
-0.0855611
-0.1177497
-0.1454681
-0.1337032
-0.0727702
0.0031210
0.0719499
0.1341694
0.1860683
0.2196429
0.2403584
0.2453148
0.2168107
0.1765588
0.1557623
0.1500748
0.1496211
0.1510892
0.1568244
0.1668585
0.1769778
0.1848415
0.1740445
0.1415976
0.1092554
0.0852249
0.0645867
0.0526120
0.0464849
0.0222787
-0.0152752
-0.0338642
-0.0300716
-0.0322147
-0.0665940
-0.1244355
-0.1744751
-0.2022595
-0.2125364
-0.2175968
-0.2141880
-0.2017365
-0.1858660
-0.1654236
-0.1336741
-0.0939019
-0.0550922
-0.0423001
-0.0624974
-0.0919783
-0.0787460
-0.0135010
0.0638478
0.1229338
0.1469421
0.1492801
0.1502684
0.1548765
0.1586090
0.1616652
0.1649525
0.1681431
0.1489101
0.0725309
-0.0463994
-0.1654944
-0.2523389
-0.2793619
-0.2821290
-0.3028344
-0.3386531
-0.3714170
-0.3919505
-0.3626936
-0.2846217
-0.1988118
-0.1379992
-0.1053002
-0.0809467
-0.0550903
-0.0531234
-0.0655277
-0.0312848
0.0510634
0.1027178
0.0895491
0.0534300
0.0603055
0.0952061
0.1189827
0.1482050
0.1924046
0.2258607
0.2341290
0.2148484
0.1703583
0.1189122
0.0697324
0.0297245
-0.0015161
-0.0152946
-0.0203706
-0.0317305
-0.0480512
-0.0415297
0.0024784
0.0633667
0.1162929
0.1275838
0.1014003
0.0719390
0.0650679
0.0768409
0.0643680
0.0091971
-0.0646411
-0.1221889
-0.1381997
-0.1255235
-0.1291693
-0.1574934
-0.1871318
-0.1830988
-0.1487974
-0.1136588
-0.0933474
-0.0823458
-0.0808502
-0.0895397
-0.1011990
-0.1114383
-0.1186501
-0.1232000
-0.1067973
-0.0666106
-0.0213489
0.0195285
0.0568262
0.0842926
0.0992595
0.1167995
0.1427829
0.1670492
0.1799950
0.1845959
0.1750805
0.1495951
0.1387684
0.1543087
0.1776917
0.2077549
0.2468190
0.2842532
0.3105883
0.3287274
0.3021741
0.2203986
0.1215259
0.0306956
-0.0533027
-0.1388161
-0.2259286
-0.3026177
-0.3398597
-0.3499891
-0.3605275
-0.3314396
-0.2484677
-0.1500430
-0.0650035
-0.0515213
-0.0962192
-0.1183667
-0.1212797
-0.1429091
-0.1794300
-0.2059082
-0.2161041
-0.1995039
-0.1606883
-0.1115487
-0.0568190
-0.0010484
0.0530676
0.0943143
0.1227467
0.1483885
0.1708149
0.1697398
0.1448627
0.1177993
0.1022998
0.0948466
0.0887305
0.0856586
0.0854837
0.0781957
0.0670419
0.0769870
0.1067419
0.1103586
0.0748776
0.0385474
0.0129900
-0.0185743
-0.0621377
-0.1080213
-0.1490098
-0.1628226
-0.1563345
-0.1528348
-0.1544127
-0.1412964
-0.0858034
0.0001822
0.0853820
0.1358569
0.1498118
0.1481009
0.1305971
0.0998524
0.0667090
0.0555097
0.0680160
0.0811032
0.0688873
0.0349923
0.0052487
-0.0097051
-0.0172563
-0.0224680
-0.0211651
-0.0145519
-0.0059123
0.0021684
0.0061946
-0.0044138
-0.0270835
-0.0506409
-0.0559520
-0.0376125
-0.0188278
-0.0636314
-0.1513840
-0.2045874
-0.2162630
-0.2192975
-0.2092461
-0.1720446
-0.1356523
-0.1029742
-0.0571568
-0.0198794
-0.0051061
0.0160006
0.0556639
0.0967105
0.1170658
0.0860448
0.0295089
0.0232555
0.0685365
0.1138458
0.1322003
0.1382968
0.1413792
0.1478986
0.1760617
0.2193626
0.2073835
0.1302886
0.0405551
-0.0335254
-0.0755073
-0.0757275
-0.0698905
-0.0882940
-0.1072206
-0.0961970
-0.0647776
-0.0460378
-0.0605160
-0.0936827
-0.1234013
-0.1216644
-0.0982476
-0.0838950
-0.0813187
-0.0721886
-0.0475525
-0.0175787
0.0065195
0.0120617
-0.0032432
-0.0265548
-0.0331386
-0.0043342
0.0430948
0.0559675
0.0338790
0.0249801
0.0405062
0.0587549
0.0606893
0.0484654
0.0324713
0.0182467
0.0041663
-0.0145714
-0.0361552
-0.0415260
-0.0295277
-0.0196378
-0.0208882
-0.0259476
-0.0280411
-0.0132365
0.0202001
0.0569930
0.0583505
0.0137701
-0.0057865
0.0284143
0.0762323
0.1017829
0.0942774
0.0465046
-0.0260694
-0.0736488
-0.1145180
-0.1517958
-0.1651057
-0.1667140
-0.1746557
-0.1474911
-0.0719958
0.0156418
0.0930132
0.1492295
0.1526281
0.1090241
0.0421495
-0.0035533
-0.0026098
0.0014541
-0.0351086
-0.0750514
-0.0661056
-0.0369310
-0.0273294
-0.0264697
-0.0265179
-0.0444658
-0.0737570
-0.0998489
-0.0953985
-0.0618927
-0.0309617
-0.0173826
-0.0354534
-0.0821874
-0.1022385
-0.0989418
-0.0774222
-0.0182573
0.0620380
0.0957872
0.0702384
0.0523873
0.0805038
0.1336381
0.1789488
0.1953308
0.1538795
0.0957227
0.0836547
0.1007873
0.1079659
0.1009019
0.0826339
0.0711782
0.0836704
0.1105570
0.1353049
0.1531729
0.1327699
0.0772660
0.0272148
-0.0354120
-0.1155955
-0.1555673
-0.1635032
-0.1559589
-0.1171170
-0.0835482
-0.0896484
-0.1263311
-0.1674654
-0.1611565
-0.1036844
-0.0413841
-0.0190136
-0.0186363
0.0026766
0.0442622
0.0874354
0.1232011
0.1525776
0.1701112
0.1783231
0.1808562
0.1788592
0.1746644
0.1714001
0.1720431
0.1771223
0.1514562
0.0776881
-0.0135101
-0.0544738
-0.0372723
-0.0311408
-0.0460594
-0.0427519
-0.0155151
0.0092250
0.0019010
-0.0307756
-0.0626959
-0.0651600
-0.0386238
-0.0101014
0.0034605
-0.0026648
-0.0187538
-0.0150497
0.0234275
0.0357406
0.0182371
0.0101696
0.0008254
-0.0302190
-0.0758450
-0.1036971
-0.0981987
-0.0770293
-0.0610927
-0.0531222
-0.0340131
0.0042768
0.0490742
0.0875161
0.0739966
-0.0088736
-0.0807712
-0.0785492
-0.0396543
-0.0230092
-0.0449993
-0.0771773
-0.0582836
0.0078968
0.0410860
-0.0004278
-0.0405312
-0.0496699
-0.0707447
-0.1201802
-0.1798057
-0.2228089
-0.2012972
-0.1276994
-0.0666255
-0.0339733
-0.0233391
-0.0399355
-0.0508400
-0.0283016
-0.0130238
-0.0403479
-0.0836226
-0.0894521
-0.0491728
0.0088778
0.0625606
0.1115825
0.1503869
0.1208977
0.0231492
-0.0402893
-0.0222328
0.0283667
0.0414634
0.0159342
-0.0204293
-0.0523334
-0.0350794
0.0101532
0.0230359
0.0273384
0.0191249
-0.0224864
-0.0834077
-0.1179302
-0.1035786
-0.0670197
-0.0664982
-0.1104438
-0.1527221
-0.1166702
-0.0307818
-0.0103729
-0.0456993
-0.0513472
-0.0167090
0.0165406
0.0328194
0.0449706
0.0636546
0.0858369
0.1062221
0.1245083
0.1425935
0.1538665
0.1553592
0.1531353
0.1475822
0.1234394
0.0768997
0.0233948
-0.0264350
-0.0513517
-0.0391764
-0.0228663
-0.0245971
-0.0228148
-0.0135672
-0.0134051
-0.0174891
-0.0206603
-0.0407041
-0.0779511
-0.1135186
-0.1318682
-0.1459985
-0.1384089
-0.1002018
-0.0485336
0.0039309
0.0541651
0.1011283
0.0950868
-0.0130987
-0.1103869
-0.1106830
-0.0584930
-0.0116274
-0.0266332
-0.0784934
-0.0755432
-0.0097094
0.0269500
0.0025599
-0.0213812
-0.0107114
0.0127263
0.0261210
0.0197309
0.0042896
0.0094595
0.0446374
0.0580439
0.0224255
-0.0205778
-0.0293972
-0.0062889
0.0231320
0.0394616
0.0428340
0.0542661
0.0802257
0.1051058
0.1143262
0.1072634
0.0823474
0.0451409
0.0274268
0.0233696
0.0194409
0.0217835
0.0215392
0.0297976
0.0570915
0.0920354
0.1228496
0.1445983
0.1558505
0.1543693
0.1525530
0.1392911
0.0934552
0.0260450
-0.0393601
-0.0670559
-0.0452944
-0.0037355
0.0328061
0.0508779
0.0716599
0.1251265
0.2017220
0.2591391
0.2617892
0.2333805
0.2269575
0.2218667
0.1855655
0.1309086
0.0791383
0.0354430
0.0064176
-0.0055165
-0.0104672
-0.0147714
-0.0190463
-0.0223791
-0.0264384
-0.0507144
-0.0980409
-0.1482267
-0.1738870
-0.1656924
-0.1367412
-0.1097170
-0.1068232
-0.1106039
-0.0994484
-0.0782183
-0.0851030
-0.1286177
-0.1809429
-0.2093906
-0.2045932
-0.2013029
-0.2229028
-0.2136577
-0.1511022
-0.0760541
-0.0402550
-0.0514177
-0.0744233
-0.0888538
-0.0742629
-0.0323944
0.0153504
0.0463120
0.0439543
0.0205817
0.0061697
0.0068380
0.0102067
0.0096387
0.0078846
0.0126152
0.0277722
0.0347916
0.0248265
0.0308840
0.0678412
0.1155668
0.1567478
0.1661591
0.1109341
0.0301265
0.0012856
0.0304697
0.0779671
0.1176447
0.1240473
0.1012598
0.1064497
0.1520198
0.1847909
0.1798490
0.1736298
0.1662082
0.1244586
0.0536394
-0.0146654
-0.0509036
-0.0631370
-0.0793832
-0.0886723
-0.0618827
-0.0067412
0.0494035
0.0893636
0.0862960
0.0475528
0.0047140
-0.0281474
-0.0541726
-0.0646237
-0.0565073
-0.0414280
-0.0107888
0.0360621
0.0858693
0.1179737
0.1305134
0.1378898
0.1469262
0.1449696
0.1244198
0.1061266
0.1162128
0.1485142
0.1749693
0.1838647
0.1842722
0.1856912
0.1761903
0.1343194
0.0672806
-0.0000683
-0.0414760
-0.0463867
-0.0452531
-0.0591395
-0.0801253
-0.0973424
-0.1036081
-0.0966222
-0.0833917
-0.0710894
-0.0704189
-0.0877895
-0.1149593
-0.1414711
-0.1645248
-0.1714290
-0.1575960
-0.1432933
-0.1435480
-0.1522076
-0.1571163
-0.1479492
-0.1287632
-0.1164628
-0.1154824
-0.1141702
-0.1056721
-0.0986471
-0.1008885
-0.0888662
-0.0387764
0.0340247
0.0977034
0.1288171
0.1370697
0.1432663
0.1271711
0.0803030
0.0243123
-0.0266789
-0.0724576
-0.1059840
-0.1184034
-0.1394778
-0.1652126
-0.1501745
-0.0961746
-0.0367546
0.0115741
0.0311184
0.0091331
-0.0282727
-0.0569580
-0.0781746
-0.0941373
-0.1002408
-0.0914493
-0.0680491
-0.0483042
-0.0410546
-0.0381792
-0.0336269
-0.0360340
-0.0529195
-0.0767078
-0.0897085
-0.0866588
-0.0777117
-0.0626012
-0.0209918
0.0455974
0.1155580
0.1798750
0.2410694
0.3016076
0.3329974
0.3099482
0.2523664
0.1755820
0.0860609
-0.0051263
-0.0916867
-0.1271750
-0.0937096
-0.0323852
0.0220679
0.0684394
0.1162732
0.1656823
0.1885826
0.1725258
0.1263105
0.0672463
0.0098164
-0.0435730
-0.0715610
-0.0598083
-0.0279473
-0.0006511
-0.0232831
-0.0968560
-0.1689234
-0.1933930
-0.1838358
-0.2086045
-0.2777608
-0.3534224
-0.3884839
-0.2722496
-0.0359096
0.1273824
0.1763738
0.2007625
0.2502220
0.2731527
0.2331088
0.1635133
0.1017513
0.0523539
0.0444067
0.0803658
0.1077854
0.0851117
0.0318526
0.0229269
0.0727860
0.1333245
0.1609398
0.1266703
0.0557689
-0.0006242
-0.0306694
-0.0647876
-0.1137229
-0.1567218
-0.1407356
-0.0706971
0.0063883
0.0705599
0.1186937
0.1103976
0.0466400
-0.0273686
-0.0909490
-0.1485417
-0.1974231
-0.2282103
-0.2207252
-0.1613328
-0.0740464
0.0141766
0.1002434
0.1877676
0.2710386
0.2689159
0.1586494
0.0146568
-0.1050405
-0.1786685
-0.2270052
-0.2730270
-0.2778518
-0.2226889
-0.1456517
-0.0768584
-0.0342021
-0.0347968
-0.0655240
-0.0928540
-0.0951759
-0.0937473
-0.1147350
-0.1489578
-0.1815180
-0.1979867
-0.1589543
-0.0676890
0.0303489
0.1140556
0.1283991
0.0542543
-0.0554347
-0.1395763
-0.1657213
-0.1655392
-0.1775471
-0.1985603
-0.1983638
-0.1503696
-0.0743262
0.0009744
0.0684297
0.1311259
0.1268326
0.0276733
-0.0590872
-0.0729604
-0.0582128
-0.0461092
-0.0304359
-0.0030794
0.0284607
0.0567561
0.0597455
0.0268332
-0.0235701
-0.0655675
-0.0902157
-0.1054048
-0.1182406
-0.0893656
-0.0134639
0.0719292
0.1477411
0.2174725
0.2897225
0.3632195
0.4203939
0.4339219
0.4132180
0.3908581
0.3827054
0.3855578
0.3870693
0.3604567
0.2593211
0.1027907
-0.0382292
-0.1209758
-0.1689393
-0.2167341
-0.2487264
-0.2522103
-0.2442700
-0.2037811
-0.1162388
-0.0106983
0.0410696
0.0217107
-0.0189510
-0.0481267
-0.0556049
-0.0553936
-0.0761399
-0.1179874
-0.1620192
-0.2003218
-0.2324861
-0.2247351
-0.1724290
-0.1111043
-0.0588504
-0.0133230
0.0340550
0.0826352
0.1305938
0.1759316
0.2215171
0.2665794
0.3081564
0.3125492
0.2697251
0.2110350
0.1730720
0.1683584
0.1636751
0.1257481
0.0651033
0.0060743
-0.0453721
-0.0888860
-0.1189092
-0.1383382
-0.1559747
-0.1742627
-0.1795152
-0.1616998
-0.1321072
-0.1038491
-0.0792503
-0.0581412
-0.0460154
-0.0418848
-0.0392489
-0.0352486
-0.0307562
-0.0266972
-0.0204507
-0.0107565
0.0001773
0.0106597
0.0205652
0.0302285
0.0376568
0.0397777
0.0380023
0.0361545
0.0380130
0.0513391
0.0732131
0.0774991
0.0562952
0.0425839
0.0567502
0.0820075
0.0968816
0.1015141
0.1057084
0.1022242
0.0834188
0.0568388
0.0312337
0.0084592
-0.0077566
-0.0095836
-0.0009041
0.0087505
0.0161696
0.0229904
0.0286562
0.0230414
0.0056374
-0.0136689
-0.0301767
-0.0392604
-0.0400610
-0.0373894
-0.0374184
-0.0462893
-0.0589002
-0.0580430
-0.0432447
-0.0263756
-0.0128480
-0.0017125
0.0033247
0.0018829
-0.0011459
-0.0032228
-0.0047476
-0.0067374
-0.0109632
-0.0200118
-0.0317182
-0.0344463
-0.0228970
-0.0054545
0.0106376
0.0247134
0.0377934
0.0322812
0.0055633
-0.0253408
-0.0521521
-0.0744824
-0.0901391
-0.0993274
-0.1064279
-0.1031581
-0.0841994
-0.0581059
-0.0394842
-0.0306093
-0.0251033
-0.0211236
-0.0120714
0.0058045
0.0270744
0.0472220
0.0607901
0.0623262
0.0554533
0.0471990
0.0271075
-0.0074023
-0.0452604
-0.0792529
-0.0960994
-0.0901739
-0.0649903
-0.0247747
0.0214171
0.0665931
0.1017592
0.1225080
0.1334077
0.1100261
0.0412221
-0.0441163
-0.1223964
-0.1594659
-0.1510415
-0.1275275
-0.1093408
-0.0962029
-0.0945266
-0.0927421
-0.0844535
-0.0846467
-0.0955288
-0.1011821
-0.0919747
-0.0768110
-0.0715211
-0.0816976
-0.0845240
-0.0685713
-0.0460621
-0.0302845
-0.0243527
-0.0220657
-0.0186005
-0.0142355
-0.0102918
-0.0041006
0.0138657
0.0427808
0.0729884
0.1002391
0.1199311
0.1275532
0.1234267
0.1022148
0.0672282
0.0306412
-0.0033493
-0.0353866
-0.0613002
-0.0777385
-0.0904649
-0.1034101
-0.1165265
-0.1138066
-0.0925190
-0.0667632
-0.0577418
-0.0656872
-0.0750030
-0.0677839
-0.0420878
-0.0121409
0.0070891
0.0147835
0.0171084
0.0126095
0.0023643
-0.0092241
-0.0195721
-0.0253856
-0.0235886
-0.0170696
-0.0104365
-0.0048636
0.0007345
0.0100914
0.0235570
0.0376768
0.0463385
0.0465520
0.0421632
0.0315076
0.0128549
-0.0059524
-0.0167731
-0.0254683
-0.0422873
-0.0649266
-0.0861662
-0.0822254
-0.0524354
-0.0182636
0.0106778
0.0372127
0.0652910
0.0927502
0.0953245
0.0602877
0.0086457
-0.0387507
-0.0629462
-0.0509586
-0.0175917
0.0158022
0.0443203
0.0679552
0.0746160
0.0643050
0.0508740
0.0403382
0.0314993
0.0220630
0.0211526
0.0329375
0.0499081
0.0651406
0.0756640
0.0790953
0.0777166
0.0758363
0.0748348
0.0737972
0.0685127
0.0537367
0.0323049
0.0106197
-0.0085894
-0.0141060
-0.0051770
0.0065832
0.0158784
0.0238064
0.0317215
0.0246193
-0.0019257
-0.0341480
-0.0604663
-0.0751019
-0.0828699
-0.0904110
-0.0953810
-0.0904473
-0.0777718
-0.0628261
-0.0475550
-0.0318521
-0.0158995
-0.0007032
0.0048113
-0.0003704
-0.0077564
-0.0132748
-0.0177572
-0.0225109
-0.0227787
-0.0171926
-0.0101577
-0.0041590
0.0018224
0.0210619
0.0598559
0.0989860
0.1086417
0.0924635
0.0740635
0.0616433
0.0508649
0.0378383
0.0239150
0.0108610
0.0008862
0.0009652
0.0102853
0.0210353
0.0323644
0.0470085
0.0646110
0.0820988
0.0949148
0.0995657
0.1011421
0.1103726
0.1205498
0.1122512
0.0874913
0.0609926
0.0385879
0.0176018
-0.0045017
-0.0270805
-0.0476474
-0.0465407
-0.0189464
0.0162828
0.0466764
0.0587364
0.0544868
0.0445022
0.0308677
0.0140239
-0.0033066
-0.0104567
-0.0036837
0.0081714
0.0182044
0.0254254
0.0319971
0.0390673
0.0463894
0.0530224
0.0568840
0.0541027
0.0463154
0.0380782
0.0312061
0.0267172
0.0261643
0.0282652
0.0305768
0.0299661
0.0253707
0.0192133
0.0134823
0.0081585
0.0027392
-0.0027027
-0.0077114
-0.0060578
0.0087533
0.0229706
0.0126782
-0.0180307
-0.0480160
-0.0557959
-0.0655134
-0.0760905
-0.0880323
-0.0949215
-0.0956865
-0.0953936
-0.0962431
-0.0975606
-0.0983468
-0.0980927
-0.0869461
-0.0601267
-0.0351862
-0.0216582
-0.0101544
0.0057723
0.0238126
0.0403080
0.0531776
0.0623455
0.0699340
0.0751297
0.0723412
0.0625513
0.0522956
0.0491050
0.0534439
0.0592593
0.0648882
0.0718383
0.0802299
0.0854421
0.0835125
0.0770025
0.0711241
0.0678610
0.0661187
0.0641278
0.0617041
0.0592778
0.0571026
0.0544397
0.0443226
0.0256340
0.0055982
-0.0125565
-0.0292756
-0.0455078
-0.0529939
-0.0504228
-0.0452516
-0.0418093
-0.0393627
-0.0367527
-0.0349803
-0.0345595
-0.0345013
-0.0342442
-0.0337113
-0.0333057
-0.0329353
-0.0325470
-0.0311786
-0.0286676
-0.0258005
-0.0232106
-0.0208074
-0.0184674
-0.0161271
-0.0138942
-0.0115620
-0.0090967
-0.0066056
-0.0042763
-0.0020452
0.0000403
0.0019901
0.0025490
-0.0013244
-0.0087935
-0.0154989
-0.0196040
-0.0222839
-0.0251845
-0.0281388
-0.0294245
-0.0285844
-0.0270497
-0.0228311
-0.0148988
-0.0055259
0.0030623
0.0106651
0.0166372
0.0210198
0.0247550
0.0284100
0.0318518
0.0347745
0.0355291
0.0343455
0.0328511
0.0316745
0.0305311
0.0291802
0.0265494
0.0218396
0.0160749
0.0105558
0.0055748
0.0009169
-0.0040224
-0.0098937
-0.0162878
-0.0222553
-0.0276387
-0.0321604
-0.0303897
-0.0205684
-0.0135670
-0.0164604
-0.0243709
-0.0309090
-0.0354482
-0.0395119
-0.0437936
-0.0476025
-0.0500656
-0.0457944
-0.0353918
-0.0246748
-0.0160509
-0.0087086
-0.0017374
0.0044685
0.0075495
0.0075071
0.0049525
0.0008147
-0.0032561
-0.0067820
-0.0098419
-0.0121847
-0.0134261
-0.0140205
-0.0144864
-0.0149751
-0.0153807
-0.0156686
-0.0157353
-0.0154762
-0.0149877
-0.0145051
-0.0140856
-0.0136920
-0.0132134
-0.0125441
-0.0117740
-0.0110778
-0.0104850
-0.0099689
-0.0095074
-0.0091233
-0.0090825
-0.0094441
-0.0098820
-0.0101689
-0.0102835
-0.0101387
-0.0097835
-0.0094020
-0.0090446
-0.0086963
-0.0083520
-0.0080775
-0.0078473
-0.0075884
-0.0072768
-0.0069611
-0.0066718
-0.0063689
-0.0059954
-0.0055133
-0.0049682
-0.0044293
-0.0039240
-0.0034425
-0.0029611
-0.0024750
-0.0019873
-0.0015025
-0.0010223
-0.0005428
-0.0000608
0.0004153
0.0008756
0.0013198
0.0017605
0.0022096
0.0026465
0.0030478
0.0034056
0.0037359
0.0040592
0.0043797
0.0046924
0.0049987
0.0053061
0.0056155
0.0059227
0.0062249
0.0065219
0.0068148
0.0071037
0.0073882
0.0076673
0.0079404
0.0082078
0.0084694
0.0087252
0.0089752
0.0092193
