-0.0002680
-0.0004896
-0.0005696
-0.0003329
-0.0003641
-0.0003464
-0.0003086
-0.0002434
-0.0001553
-0.0000467
0.0000750
0.0001915
0.0002800
0.0003159
0.0003042
0.0002765
0.0002456
0.0002076
0.0001615
0.0001154
0.0000820
0.0000586
0.0000420
0.0000461
0.0000747
0.0001163
0.0001579
0.0001928
0.0002318
0.0002923
0.0003681
0.0004408
0.0004983
0.0005222
0.0004990
0.0004377
0.0003482
0.0002259
0.0000676
-0.0001249
-0.0003265
-0.0004708
-0.0005180
-0.0005055
-0.0004771
-0.0004471
-0.0004409
-0.0004571
-0.0004686
-0.0004855
-0.0005202
-0.0005443
-0.0005301
-0.0004808
-0.0004103
-0.0003513
-0.0003340
-0.0003293
-0.0002991
-0.0002552
-0.0002099
-0.0001242
0.0000064
0.0001154
0.0001924
0.0002676
0.0003506
0.0004375
0.0004871
0.0004866
0.0004815
0.0004920
0.0004975
0.0004999
0.0005348
0.0005908
0.0006148
0.0006049
0.0005996
0.0006064
0.0006239
0.0006754
0.0007408
0.0007648
0.0006926
0.0005440
0.0004318
0.0003496
0.0002482
0.0001573
0.0000724
0.0000139
0.0000157
0.0000475
0.0000534
-0.0000142
-0.0001208
-0.0001729
-0.0001026
0.0000971
0.0003286
0.0004672
0.0004897
0.0004837
0.0005249
0.0005947
0.0006424
0.0006431
0.0006456
0.0007438
0.0009348
0.0011367
0.0013139
0.0014947
0.0016156
0.0015233
0.0012473
0.0009727
0.0008220
0.0007175
0.0005132
0.0003257
0.0002289
-0.0000212
-0.0004770
-0.0008706
-0.0010439
-0.0010027
-0.0007994
-0.0005572
-0.0003637
-0.0002480
-0.0001488
0.0000450
0.0001929
0.0002474
0.0004285
0.0006527
0.0007024
0.0005395
0.0002367
0.0000524
0.0002425
0.0007737
0.0013297
0.0016282
0.0016879
0.0017250
0.0017556
0.0016489
0.0014558
0.0012720
0.0012244
0.0013589
0.0014811
0.0013853
0.0010294
0.0004969
0.0000240
-0.0000133
0.0005256
0.0012990
0.0018543
0.0021093
0.0020829
0.0018730
0.0019489
0.0023850
0.0026680
0.0025836
0.0022180
0.0016267
0.0010828
0.0010644
0.0017066
0.0024631
0.0027426
0.0025804
0.0023871
0.0023975
0.0025314
0.0026186
0.0024742
0.0020312
0.0015707
0.0014343
0.0016439
0.0019098
0.0017858
0.0012515
0.0008286
0.0007638
0.0009292
0.0012861
0.0018758
0.0024769
0.0026476
0.0022728
0.0016592
0.0012164
0.0009259
0.0005153
0.0002051
0.0000997
-0.0002085
-0.0006595
-0.0005107
0.0003696
0.0010133
0.0006498
-0.0003028
-0.0007790
-0.0004918
-0.0000941
0.0000916
0.0004331
0.0010014
0.0013081
0.0014725
0.0020305
0.0028856
0.0036938
0.0037097
0.0024216
0.0007710
-0.0001376
-0.0001469
0.0001845
0.0002227
-0.0000583
-0.0006188
-0.0015091
-0.0021416
-0.0020936
-0.0018226
-0.0017998
-0.0019927
-0.0020545
-0.0016044
-0.0008100
-0.0003679
-0.0005076
-0.0008067
-0.0006442
0.0002613
0.0011769
0.0013179
0.0009099
0.0003236
-0.0002640
-0.0005055
-0.0003399
-0.0001520
-0.0002341
-0.0001220
0.0011284
0.0033309
0.0051472
0.0060687
0.0066888
0.0071638
0.0071137
0.0063735
0.0051139
0.0037854
0.0024769
0.0010706
-0.0000516
-0.0008090
-0.0014912
-0.0021786
-0.0029916
-0.0034493
-0.0026985
-0.0014799
-0.0015623
-0.0029114
-0.0040600
-0.0046883
-0.0051701
-0.0053449
-0.0050337
-0.0040490
-0.0025420
-0.0013917
-0.0009436
-0.0003127
0.0010820
0.0025602
0.0034643
0.0037151
0.0032319
0.0020933
0.0008551
0.0002135
0.0003023
0.0005511
0.0004914
0.0002556
0.0000819
-0.0003090
-0.0012449
-0.0021438
-0.0023643
-0.0025036
-0.0029767
-0.0026359
-0.0009734
0.0004347
0.0004697
-0.0001348
-0.0008875
-0.0018475
-0.0020127
-0.0007372
0.0007951
0.0017495
0.0025207
0.0029989
0.0029370
0.0027793
0.0028889
0.0029492
0.0017819
-0.0012245
-0.0046933
-0.0071455
-0.0087071
-0.0096661
-0.0097113
-0.0091502
-0.0084008
-0.0065573
-0.0029837
0.0009534
0.0036506
0.0046486
0.0040798
0.0025708
0.0014392
0.0016558
0.0024230
0.0021448
0.0006686
-0.0004928
-0.0003608
0.0003356
0.0006124
0.0004190
0.0002138
0.0002487
0.0003924
0.0005219
0.0012271
0.0023772
0.0022273
0.0006796
-0.0002842
0.0000277
0.0006032
0.0006970
-0.0001059
-0.0021839
-0.0046511
-0.0057308
-0.0046387
-0.0021558
0.0000873
0.0006739
-0.0000617
-0.0005705
-0.0002906
0.0002064
0.0003939
0.0003009
0.0001972
0.0002126
0.0002912
0.0002732
0.0004869
0.0017393
0.0033687
0.0038856
0.0040169
0.0049381
0.0055087
0.0048286
0.0041669
0.0047569
0.0059954
0.0065622
0.0061606
0.0046875
0.0018758
-0.0013929
-0.0041645
-0.0063434
-0.0071240
-0.0053669
-0.0021201
-0.0001283
-0.0008639
-0.0040253
-0.0073955
-0.0061772
0.0009914
0.0072549
0.0069159
0.0027092
-0.0003690
-0.0007576
-0.0001609
0.0000052
0.0002262
0.0010943
0.0029422
0.0053510
0.0069345
0.0074351
0.0084691
0.0100108
0.0092968
0.0051298
-0.0008964
-0.0059330
-0.0073967
-0.0054578
-0.0023365
0.0008198
0.0048002
0.0096524
0.0130956
0.0136597
0.0119167
0.0087954
0.0052313
0.0016465
-0.0009305
-0.0008202
0.0015146
0.0039023
0.0045683
0.0037642
0.0024512
0.0003776
-0.0020231
-0.0034536
-0.0032702
-0.0017030
0.0003022
0.0022572
0.0045634
0.0073424
0.0097792
0.0102752
0.0080393
0.0036064
-0.0016048
-0.0056370
-0.0082115
-0.0102426
-0.0121149
-0.0137783
-0.0144562
-0.0136317
-0.0116277
-0.0089645
-0.0069564
-0.0067466
-0.0065248
-0.0032751
0.0024937
0.0070464
0.0080791
0.0068677
0.0059561
0.0062513
0.0069085
0.0079303
0.0099606
0.0107432
0.0084571
0.0052548
0.0031907
0.0028685
0.0032504
0.0016069
-0.0033511
-0.0103045
-0.0154439
-0.0153286
-0.0113586
-0.0075763
-0.0063805
-0.0075336
-0.0086968
-0.0075908
-0.0039758
0.0004799
0.0040800
0.0057250
0.0046954
0.0017765
-0.0006490
-0.0001792
0.0026282
0.0052714
0.0082982
0.0129569
0.0173264
0.0200343
0.0216893
0.0213291
0.0177949
0.0129225
0.0088874
0.0052378
0.0012611
-0.0022001
-0.0043663
-0.0048790
-0.0051041
-0.0074050
-0.0110003
-0.0131428
-0.0130063
-0.0120774
-0.0110157
-0.0092440
-0.0070980
-0.0046686
-0.0021502
0.0002131
0.0034468
0.0073646
0.0101655
0.0113592
0.0113354
0.0098833
0.0076949
0.0072983
0.0099204
0.0128277
0.0125012
0.0088275
0.0048605
0.0025666
0.0004908
-0.0034198
-0.0094526
-0.0157914
-0.0191991
-0.0182022
-0.0146585
-0.0111075
-0.0083548
-0.0062817
-0.0054801
-0.0054989
-0.0040153
-0.0000875
0.0050283
0.0091582
0.0099592
0.0068814
0.0016535
-0.0036497
-0.0079226
-0.0111112
-0.0137734
-0.0158626
-0.0166811
-0.0162999
-0.0146904
-0.0117028
-0.0082835
-0.0052513
-0.0025281
-0.0004747
0.0000360
-0.0005842
-0.0016161
-0.0031379
-0.0039342
-0.0023058
0.0002409
-0.0000690
-0.0045379
-0.0109420
-0.0161433
-0.0178163
-0.0150807
-0.0092755
-0.0033417
0.0001249
0.0001721
-0.0018712
-0.0040250
-0.0051967
-0.0042215
-0.0008517
0.0031565
0.0062789
0.0086992
0.0113334
0.0141175
0.0164781
0.0177803
0.0163948
0.0119254
0.0070856
0.0045390
0.0031412
0.0017113
0.0021299
0.0042286
0.0064539
0.0095153
0.0137661
0.0182502
0.0220211
0.0245394
0.0254392
0.0246596
0.0232363
0.0218668
0.0202579
0.0184181
0.0156811
0.0105308
0.0038472
-0.0015339
-0.0047095
-0.0059001
-0.0038591
0.0015458
0.0067953
0.0094609
0.0099056
0.0083807
0.0058049
0.0031879
0.0008721
-0.0005041
-0.0009502
-0.0027422
-0.0077748
-0.0140985
-0.0176770
-0.0159814
-0.0096955
-0.0014763
0.0045065
0.0051989
0.0020921
-0.0020664
-0.0051993
-0.0055433
-0.0040483
-0.0032873
-0.0038972
-0.0047678
-0.0042066
-0.0016946
0.0003385
0.0005422
0.0002314
-0.0003133
-0.0010836
-0.0004505
0.0030571
0.0075329
0.0092048
0.0074996
0.0046558
0.0028028
0.0028344
0.0037009
0.0038957
0.0042141
0.0064563
0.0101763
0.0141068
0.0180314
0.0224121
0.0277118
0.0321780
0.0329394
0.0303398
0.0261018
0.0196021
0.0117004
0.0063532
0.0048359
0.0051378
0.0053930
0.0048472
0.0049742
0.0067063
0.0075825
0.0056411
0.0035384
0.0048446
0.0085105
0.0114551
0.0121350
0.0111310
0.0103354
0.0106023
0.0113217
0.0112909
0.0092982
0.0051220
0.0005072
-0.0020038
-0.0005663
0.0047061
0.0116422
0.0178455
0.0209258
0.0196730
0.0144874
0.0064532
-0.0014688
-0.0062506
-0.0086719
-0.0116889
-0.0164217
-0.0209343
-0.0220888
-0.0190672
-0.0144114
-0.0117644
-0.0122451
-0.0140234
-0.0158453
-0.0173351
-0.0176943
-0.0162580
-0.0133955
-0.0120257
-0.0137465
-0.0162291
-0.0166750
-0.0142140
-0.0116795
-0.0113243
-0.0110171
-0.0092894
-0.0087538
-0.0112784
-0.0138582
-0.0137861
-0.0124983
-0.0120276
-0.0125099
-0.0130736
-0.0132236
-0.0122484
-0.0095415
-0.0055598
0.0000323
0.0078572
0.0173027
0.0263072
0.0317732
0.0325476
0.0294974
0.0234165
0.0150867
0.0048430
-0.0067312
-0.0175885
-0.0249635
-0.0277259
-0.0279599
-0.0281105
-0.0296107
-0.0330534
-0.0367091
-0.0392345
-0.0421223
-0.0459428
-0.0489962
-0.0511965
-0.0539314
-0.0562775
-0.0560778
-0.0540219
-0.0515879
-0.0486654
-0.0454585
-0.0428503
-0.0418761
-0.0423803
-0.0428284
-0.0420564
-0.0393908
-0.0343816
-0.0278668
-0.0219365
-0.0183425
-0.0174018
-0.0185116
-0.0206178
-0.0219673
-0.0208532
-0.0176611
-0.0146978
-0.0131202
-0.0133079
-0.0156216
-0.0191561
-0.0229128
-0.0257139
-0.0255983
-0.0228717
-0.0204369
-0.0192400
-0.0171404
-0.0122292
-0.0042786
0.0059014
0.0173690
0.0294115
0.0411990
0.0523230
0.0621980
0.0691045
0.0733338
0.0766500
0.0790195
0.0802095
0.0801036
0.0778721
0.0720740
0.0621318
0.0499615
0.0389068
0.0307363
0.0243513
0.0172630
0.0079844
-0.0020783
-0.0103161
-0.0151070
-0.0164015
-0.0158136
-0.0154705
-0.0156491
-0.0152995
-0.0152411
-0.0166106
-0.0181376
-0.0184258
-0.0175398
-0.0164594
-0.0158342
-0.0156866
-0.0175147
-0.0220163
-0.0265767
-0.0278579
-0.0243941
-0.0172143
-0.0077598
0.0025818
0.0116893
0.0183774
0.0217467
0.0211853
0.0174144
0.0116458
0.0049292
-0.0026601
-0.0110273
-0.0182134
-0.0216572
-0.0218133
-0.0222482
-0.0249174
-0.0294362
-0.0349242
-0.0394236
-0.0409565
-0.0384925
-0.0320219
-0.0226099
-0.0120735
-0.0029919
0.0030352
0.0062329
0.0079609
0.0108932
0.0160025
0.0203762
0.0212047
0.0187084
0.0143904
0.0082655
-0.0002873
-0.0084854
-0.0110172
-0.0063563
0.0015624
0.0083202
0.0122279
0.0135637
0.0128317
0.0112943
0.0119102
0.0158360
0.0205161
0.0242097
0.0271742
0.0276489
0.0239630
0.0179095
0.0116636
0.0052610
-0.0016786
-0.0073696
-0.0099598
-0.0103575
-0.0102728
-0.0114271
-0.0160641
-0.0233844
-0.0292900
-0.0325161
-0.0338357
-0.0315964
-0.0251535
-0.0170773
-0.0091239
-0.0014871
0.0048025
0.0074115
0.0044975
-0.0027019
-0.0099215
-0.0129525
-0.0103052
-0.0044944
-0.0001111
0.0016108
0.0022571
0.0025892
0.0039709
0.0081235
0.0142576
0.0199838
0.0241409
0.0272372
0.0302177
0.0334211
0.0367297
0.0392948
0.0390942
0.0348365
0.0270195
0.0161155
0.0026104
-0.0120217
-0.0263906
-0.0382403
-0.0432952
-0.0391271
-0.0284252
-0.0161704
-0.0061584
-0.0000180
0.0022132
0.0003853
-0.0049307
-0.0115213
-0.0175083
-0.0215779
-0.0233006
-0.0239113
-0.0232628
-0.0202943
-0.0155219
-0.0107413
-0.0082079
-0.0073173
-0.0051210
-0.0000951
0.0077555
0.0180970
0.0294084
0.0390332
0.0463026
0.0511848
0.0522063
0.0493444
0.0444466
0.0394365
0.0358733
0.0342094
0.0333421
0.0322826
0.0307035
0.0274732
0.0219438
0.0156975
0.0095969
0.0041314
0.0018393
0.0038499
0.0091853
0.0166526
0.0250150
0.0342484
0.0448935
0.0555263
0.0630367
0.0649568
0.0616949
0.0563809
0.0512817
0.0460475
0.0393591
0.0307937
0.0214520
0.0132989
0.0078798
0.0049301
0.0042346
0.0072876
0.0144639
0.0238779
0.0333814
0.0419286
0.0492355
0.0543394
0.0550986
0.0503702
0.0407741
0.0276970
0.0141315
0.0020160
-0.0101758
-0.0230025
-0.0347541
-0.0445707
-0.0533128
-0.0627688
-0.0732781
-0.0831696
-0.0908288
-0.0958600
-0.0994424
-0.1033428
-0.1075194
-0.1096131
-0.1077190
-0.1016789
-0.0912960
-0.0771454
-0.0617162
-0.0461222
-0.0288704
-0.0085711
0.0137425
0.0350962
0.0523009
0.0642904
0.0733323
0.0803878
0.0833699
0.0815320
0.0770616
0.0720799
0.0655202
0.0546324
0.0392680
0.0220389
0.0047516
-0.0112677
-0.0237361
-0.0317784
-0.0365046
-0.0394424
-0.0415521
-0.0412432
-0.0352430
-0.0228866
-0.0057368
0.0145143
0.0355249
0.0558011
0.0749689
0.0917011
0.1042472
0.1117208
0.1143738
0.1131186
0.1078538
0.0976268
0.0837823
0.0700662
0.0586197
0.0498382
0.0452801
0.0459074
0.0490504
0.0507555
0.0488738
0.0427956
0.0339026
0.0250907
0.0174237
0.0090585
-0.0025116
-0.0179070
-0.0351953
-0.0507221
-0.0614443
-0.0676030
-0.0701858
-0.0682816
-0.0623330
-0.0549362
-0.0482214
-0.0426620
-0.0373927
-0.0322037
-0.0276918
-0.0235685
-0.0193685
-0.0163003
-0.0162694
-0.0181157
-0.0185554
-0.0160071
-0.0104410
-0.0031030
0.0044116
0.0125084
0.0236496
0.0383366
0.0546737
0.0712236
0.0857738
0.0957104
0.0978063
0.0896547
0.0747802
0.0590567
0.0432269
0.0258115
0.0077639
-0.0099513
-0.0277138
-0.0444572
-0.0581079
-0.0702377
-0.0832241
-0.0953217
-0.1042787
-0.1107081
-0.1161820
-0.1212329
-0.1253259
-0.1267740
-0.1240072
-0.1169498
-0.1059695
-0.0904690
-0.0699738
-0.0469820
-0.0254304
-0.0054746
0.0167198
0.0414430
0.0631081
0.0756887
0.0745856
0.0603282
0.0395103
0.0176588
-0.0025531
-0.0217522
-0.0438228
-0.0723014
-0.1044499
-0.1307651
-0.1458843
-0.1511759
-0.1495850
-0.1432693
-0.1337618
-0.1232227
-0.1132668
-0.1037602
-0.0932716
-0.0807743
-0.0682635
-0.0582357
-0.0494032
-0.0394819
-0.0274651
-0.0144286
-0.0036468
0.0032357
0.0079779
0.0123630
0.0152455
0.0152721
0.0145709
0.0161307
0.0203320
0.0255210
0.0286517
0.0276733
0.0230038
0.0159892
0.0070329
-0.0038978
-0.0145192
-0.0222199
-0.0261301
-0.0261703
-0.0238137
-0.0214551
-0.0198998
-0.0187243
-0.0167165
-0.0127371
-0.0077555
-0.0028974
0.0011718
0.0034074
0.0037890
0.0033536
0.0025000
0.0003918
-0.0025627
-0.0054216
-0.0088736
-0.0122396
-0.0137894
-0.0145587
-0.0159740
-0.0175917
-0.0192198
-0.0198646
-0.0190772
-0.0189463
-0.0202590
-0.0210602
-0.0198546
-0.0180310
-0.0178057
-0.0182602
-0.0158428
-0.0089257
0.0015802
0.0156020
0.0356214
0.0620719
0.0886860
0.1080273
0.1179254
0.1199412
0.1159209
0.1078973
0.0983805
0.0902395
0.0846189
0.0799240
0.0746718
0.0678060
0.0594662
0.0523726
0.0482400
0.0457993
0.0446605
0.0466299
0.0533993
0.0642441
0.0758394
0.0846972
0.0867425
0.0791499
0.0645633
0.0501814
0.0423740
0.0411916
0.0421664
0.0410185
0.0354963
0.0264108
0.0164899
0.0083175
0.0037799
0.0036459
0.0061644
0.0087558
0.0106569
0.0109197
0.0081459
0.0014367
-0.0082656
-0.0166107
-0.0197705
-0.0178469
-0.0126177
-0.0054262
0.0004003
-0.0000213
-0.0068657
-0.0142472
-0.0167802
-0.0144740
-0.0122043
-0.0165049
-0.0310064
-0.0519670
-0.0712996
-0.0849092
-0.0935609
-0.0992033
-0.1019640
-0.0992098
-0.0892098
-0.0733220
-0.0525049
-0.0273553
-0.0006152
0.0240646
0.0420337
0.0498719
0.0467986
0.0333804
0.0140242
-0.0050550
-0.0212520
-0.0336017
-0.0400969
-0.0423621
-0.0458160
-0.0521844
-0.0583974
-0.0611102
-0.0597607
-0.0561903
-0.0521928
-0.0472125
-0.0399658
-0.0319549
-0.0255696
-0.0211181
-0.0166584
-0.0114211
-0.0064166
-0.0007900
0.0087822
0.0246741
0.0437165
0.0592485
0.0667263
0.0649941
0.0557217
0.0444192
0.0372559
0.0361042
0.0400388
0.0463738
0.0505204
0.0490840
0.0408737
0.0274780
0.0140619
0.0052111
0.0025479
0.0062796
0.0140375
0.0216840
0.0286840
0.0362733
0.0422051
0.0435485
0.0389036
0.0278350
0.0126626
-0.0035224
-0.0203589
-0.0383926
-0.0560368
-0.0713373
-0.0838889
-0.0921157
-0.0939379
-0.0909908
-0.0864439
-0.0800536
-0.0696858
-0.0553471
-0.0392882
-0.0219623
-0.0017994
0.0211422
0.0451263
0.0690369
0.0935343
0.1188940
0.1438489
0.1658195
0.1802464
0.1835598
0.1758030
0.1611305
0.1464305
0.1348698
0.1232162
0.1070115
0.0836122
0.0524221
0.0168686
-0.0191239
-0.0545564
-0.0875619
-0.1141158
-0.1302358
-0.1357908
-0.1364525
-0.1376929
-0.1407073
-0.1434558
-0.1409914
-0.1280377
-0.1014558
-0.0640412
-0.0244893
0.0131792
0.0493199
0.0804366
0.1011376
0.1065582
0.0957693
0.0737057
0.0452454
0.0145897
-0.0136975
-0.0393656
-0.0656260
-0.0943644
-0.1241541
-0.1501080
-0.1671085
-0.1739737
-0.1727454
-0.1658961
-0.1552913
-0.1414878
-0.1247911
-0.1052081
-0.0822169
-0.0589485
-0.0394252
-0.0210919
0.0006892
0.0243835
0.0441739
0.0572327
0.0653306
0.0710960
0.0764875
0.0818848
0.0850307
0.0837763
0.0789484
0.0728807
0.0671750
0.0635992
0.0645580
0.0704276
0.0776763
0.0824455
0.0842006
0.0842162
0.0840357
0.0850849
0.0877142
0.0899380
0.0886321
0.0820936
0.0711855
0.0596119
0.0511224
0.0455019
0.0395622
0.0312902
0.0211539
0.0110424
0.0010323
-0.0118713
-0.0289780
-0.0478652
-0.0634182
-0.0691375
-0.0621627
-0.0465356
-0.0290248
-0.0130804
0.0009883
0.0148651
0.0315958
0.0523076
0.0739810
0.0895469
0.0949882
0.0927515
0.0866568
0.0800618
0.0735105
0.0636846
0.0481630
0.0270487
0.0012682
-0.0260233
-0.0507522
-0.0702319
-0.0841993
-0.0959866
-0.1073918
-0.1155928
-0.1168243
-0.1097397
-0.0977564
-0.0865588
-0.0783996
-0.0709364
-0.0607948
-0.0475311
-0.0328973
-0.0177484
-0.0013917
0.0182550
0.0423631
0.0696536
0.0983055
0.1234543
0.1389278
0.1455693
0.1484449
0.1490532
0.1450433
0.1336376
0.1131880
0.0830382
0.0447894
0.0027202
-0.0386409
-0.0769887
-0.1131893
-0.1470027
-0.1724868
-0.1850510
-0.1872243
-0.1834240
-0.1753854
-0.1609224
-0.1383291
-0.1125674
-0.0901030
-0.0733999
-0.0624802
-0.0546249
-0.0473840
-0.0397661
-0.0290720
-0.0145754
0.0005448
0.0138434
0.0245767
0.0322377
0.0368799
0.0382145
0.0353934
0.0287655
0.0197571
0.0096629
-0.0010582
-0.0127504
-0.0251686
-0.0376499
-0.0511607
-0.0677009
-0.0860310
-0.1000745
-0.1048570
-0.1003021
-0.0891254
-0.0733103
-0.0524364
-0.0269134
0.0012483
0.0286752
0.0521018
0.0718341
0.0897948
0.1073492
0.1234641
0.1344727
0.1376050
0.1320872
0.1191863
0.1018945
0.0824062
0.0633151
0.0493911
0.0424618
0.0394958
0.0377187
0.0360455
0.0325989
0.0261645
0.0191509
0.0144988
0.0117085
0.0084725
0.0029132
-0.0058608
-0.0165035
-0.0258891
-0.0311535
-0.0314712
-0.0291497
-0.0270598
-0.0258733
-0.0242754
-0.0197069
-0.0107294
0.0002076
0.0083573
0.0109670
0.0090797
0.0054579
0.0023146
0.0010903
0.0028268
0.0077274
0.0138812
0.0195331
0.0250215
0.0309048
0.0365271
0.0406068
0.0437883
0.0466203
0.0466937
0.0422041
0.0350212
0.0277798
0.0205423
0.0115800
0.0002155
-0.0095344
-0.0114040
-0.0035196
0.0107710
0.0251603
0.0342440
0.0373491
0.0362238
0.0313058
0.0229732
0.0138953
0.0072399
0.0031781
-0.0017952
-0.0112021
-0.0256726
-0.0431580
-0.0601890
-0.0739892
-0.0820208
-0.0819452
-0.0740201
-0.0609211
-0.0462987
-0.0346096
-0.0295559
-0.0321647
-0.0400369
-0.0478145
-0.0497058
-0.0434152
-0.0311486
-0.0159470
-0.0004012
0.0126609
0.0212325
0.0243757
0.0226842
0.0189867
0.0166266
0.0168605
0.0184327
0.0197388
0.0192944
0.0142318
0.0034881
-0.0083858
-0.0153328
-0.0158691
-0.0131022
-0.0106042
-0.0104473
-0.0145431
-0.0243169
-0.0398895
-0.0596846
-0.0796640
-0.0958817
-0.1062683
-0.1086435
-0.1013623
-0.0862586
-0.0672971
-0.0478268
-0.0282951
-0.0070066
0.0156306
0.0369122
0.0524500
0.0565037
0.0468153
0.0285486
0.0088546
-0.0099298
-0.0282807
-0.0448950
-0.0570589
-0.0634059
-0.0638021
-0.0587946
-0.0500864
-0.0394508
-0.0267907
-0.0111905
0.0065939
0.0251679
0.0433487
0.0590414
0.0697796
0.0742769
0.0745253
0.0752858
0.0781414
0.0798391
0.0771962
0.0688499
0.0533734
0.0310149
0.0063474
-0.0152729
-0.0305401
-0.0368390
-0.0347301
-0.0297484
-0.0259006
-0.0236171
-0.0234109
-0.0260419
-0.0327573
-0.0422124
-0.0486952
-0.0479351
-0.0407814
-0.0307162
-0.0196270
-0.0077763
0.0042284
0.0161787
0.0284744
0.0410724
0.0536923
0.0657716
0.0761540
0.0829090
0.0826708
0.0725532
0.0538213
0.0325248
0.0144352
0.0003306
-0.0118858
-0.0226041
-0.0303905
-0.0360750
-0.0415625
-0.0462006
-0.0489442
-0.0494678
-0.0468226
-0.0398090
-0.0276411
-0.0108601
0.0093688
0.0343159
0.0632475
0.0890266
0.1057156
0.1121704
0.1092775
0.0990539
0.0844107
0.0700300
0.0602001
0.0551860
0.0526840
0.0496321
0.0416541
0.0250645
0.0008353
-0.0251684
-0.0477314
-0.0659040
-0.0805521
-0.0911997
-0.0961880
-0.0955742
-0.0926155
-0.0899225
-0.0865210
-0.0806573
-0.0725232
-0.0642086
-0.0562387
-0.0477025
-0.0403289
-0.0367033
-0.0379951
-0.0433876
-0.0495209
-0.0537041
-0.0563579
-0.0589485
-0.0607859
-0.0586488
-0.0499695
-0.0364738
-0.0233012
-0.0137834
-0.0085027
-0.0076310
-0.0094913
-0.0101704
-0.0075155
-0.0027810
0.0026360
0.0075959
0.0101636
0.0111340
0.0137396
0.0199390
0.0290316
0.0364719
0.0380245
0.0336527
0.0251118
0.0150599
0.0052226
-0.0041879
-0.0118170
-0.0153942
-0.0149742
-0.0134206
-0.0130720
-0.0163262
-0.0252151
-0.0374340
-0.0472483
-0.0503760
-0.0457204
-0.0344528
-0.0200309
-0.0067270
0.0032518
0.0108931
0.0189591
0.0303631
0.0468056
0.0661723
0.0827719
0.0915283
0.0901174
0.0797679
0.0653040
0.0500795
0.0332242
0.0140756
-0.0048461
-0.0189359
-0.0239666
-0.0205732
-0.0149868
-0.0126536
-0.0149594
-0.0221251
-0.0333301
-0.0453390
-0.0542765
-0.0567415
-0.0534125
-0.0496001
-0.0477233
-0.0453077
-0.0399701
-0.0316172
-0.0211460
-0.0091055
0.0054684
0.0234518
0.0427659
0.0595025
0.0697468
0.0713272
0.0649428
0.0529751
0.0380292
0.0233480
0.0121507
0.0044251
-0.0014036
-0.0057580
-0.0085278
-0.0107168
-0.0146431
-0.0222812
-0.0343715
-0.0483776
-0.0599374
-0.0673272
-0.0716834
-0.0738125
-0.0714183
-0.0623757
-0.0496758
-0.0393487
-0.0355586
-0.0360708
-0.0335455
-0.0239227
-0.0080087
0.0101998
0.0242887
0.0313538
0.0343437
0.0382150
0.0468277
0.0604589
0.0742970
0.0829053
0.0857226
0.0849930
0.0821537
0.0794192
0.0790526
0.0801086
0.0808108
0.0803994
0.0780064
0.0731199
0.0663300
0.0589602
0.0517528
0.0428219
0.0286659
0.0095332
-0.0115492
-0.0328587
-0.0536877
-0.0738762
-0.0915259
-0.1042429
-0.1118671
-0.1144232
-0.1117489
-0.1037396
-0.0922475
-0.0812279
-0.0718145
-0.0634676
-0.0563020
-0.0497646
-0.0432666
-0.0363384
-0.0291377
-0.0226335
-0.0161629
-0.0067548
0.0082822
0.0264055
0.0403948
0.0472733
0.0492446
0.0489869
0.0487279
0.0479672
0.0448735
0.0402060
0.0363514
0.0353960
0.0376038
0.0433500
0.0533152
0.0642197
0.0720360
0.0774754
0.0846182
0.0964235
0.1108751
0.1221586
0.1268726
0.1272664
0.1275041
0.1269912
0.1222412
0.1128211
0.1023690
0.0945641
0.0894913
0.0853293
0.0807800
0.0763171
0.0726917
0.0709592
0.0712963
0.0721913
0.0734645
0.0752235
0.0761570
0.0755037
0.0750071
0.0783359
0.0862442
0.0954187
0.1035517
0.1087615
0.1109144
0.1111111
0.1091270
0.1075711
0.1070232
0.1021913
0.0886162
0.0655849
0.0359617
0.0042482
-0.0263239
-0.0526046
-0.0718510
-0.0842171
-0.0906869
-0.0912581
-0.0858418
-0.0757407
-0.0645395
-0.0540144
-0.0444611
-0.0376953
-0.0342794
-0.0330830
-0.0321593
-0.0301131
-0.0270160
-0.0228085
-0.0170636
-0.0104082
-0.0064245
-0.0078182
-0.0127789
-0.0168494
-0.0159408
-0.0090543
0.0019284
0.0145247
0.0269198
0.0380587
0.0458022
0.0455715
0.0324520
0.0047232
-0.0321026
-0.0706991
-0.1091144
-0.1450260
-0.1720171
-0.1855409
-0.1872359
-0.1817694
-0.1720663
-0.1581899
-0.1383735
-0.1121183
-0.0826206
-0.0548802
-0.0329479
-0.0192390
-0.0144266
-0.0169273
-0.0234694
-0.0303563
-0.0353824
-0.0380619
-0.0390633
-0.0405717
-0.0440631
-0.0499846
-0.0568765
-0.0616710
-0.0629256
-0.0609722
-0.0564664
-0.0504897
-0.0444914
-0.0408169
-0.0411772
-0.0429321
-0.0421756
-0.0362858
-0.0236705
-0.0035866
0.0216386
0.0468391
0.0696169
0.0899458
0.1073751
0.1204033
0.1286034
0.1348292
0.1412097
0.1426988
0.1325383
0.1113335
0.0848221
0.0594889
0.0384731
0.0187682
-0.0048455
-0.0323138
-0.0592557
-0.0834632
-0.1054276
-0.1262920
-0.1470837
-0.1670723
-0.1831509
-0.1919408
-0.1936459
-0.1927081
-0.1902964
-0.1831552
-0.1686647
-0.1471299
-0.1220795
-0.0974403
-0.0770678
-0.0617113
-0.0491397
-0.0366766
-0.0215405
-0.0057026
0.0040661
0.0041882
-0.0009406
-0.0056311
-0.0084098
-0.0116060
-0.0201804
-0.0367442
-0.0590369
-0.0801497
-0.0936396
-0.0990311
-0.0988428
-0.0977157
-0.1003109
-0.1064922
-0.1124506
-0.1160751
-0.1174389
-0.1162922
-0.1125243
-0.1061390
-0.0971687
-0.0839231
-0.0642931
-0.0400876
-0.0157008
0.0057669
0.0247094
0.0462224
0.0767662
0.1163943
0.1542480
0.1797002
0.1953987
0.2078719
0.2172948
0.2218624
0.2215315
0.2176257
0.2126852
0.2088242
0.2051279
0.1992626
0.1900247
0.1764504
0.1571524
0.1297216
0.0907954
0.0433552
-0.0013715
-0.0330516
-0.0474200
-0.0473616
-0.0417693
-0.0379766
-0.0356164
-0.0293082
-0.0164453
-0.0014249
0.0102593
0.0189361
0.0303697
0.0487916
0.0728742
0.0968893
0.1133319
0.1210692
0.1254689
0.1306429
0.1371213
0.1436693
0.1489549
0.1524027
0.1544893
0.1549705
0.1536093
0.1504274
0.1474377
0.1466950
0.1460274
0.1425305
0.1332070
0.1159569
0.0901918
0.0584279
0.0274712
0.0017293
-0.0186217
-0.0368073
-0.0562722
-0.0752427
-0.0899836
-0.0993979
-0.1041706
-0.1059408
-0.1068604
-0.1097359
-0.1155474
-0.1221567
-0.1282540
-0.1339908
-0.1395575
-0.1429145
-0.1410288
-0.1329365
-0.1187507
-0.0990410
-0.0755017
-0.0504900
-0.0243928
0.0023082
0.0250465
0.0390627
0.0410355
0.0306600
0.0157564
0.0067149
0.0061959
0.0109689
0.0173290
0.0211837
0.0200562
0.0140659
0.0056239
-0.0009761
-0.0027714
-0.0002148
0.0033014
0.0052070
0.0061195
0.0070318
0.0084471
0.0083071
0.0039775
-0.0025393
-0.0085220
-0.0132273
-0.0172136
-0.0217275
-0.0273362
-0.0337815
-0.0404525
-0.0468671
-0.0498125
-0.0452766
-0.0339520
-0.0209761
-0.0122734
-0.0108138
-0.0175042
-0.0313920
-0.0497688
-0.0707254
-0.0924780
-0.1137851
-0.1331117
-0.1479203
-0.1572406
-0.1607534
-0.1595092
-0.1572724
-0.1552436
-0.1512756
-0.1433424
-0.1309992
-0.1166557
-0.1020479
-0.0871662
-0.0731075
-0.0601045
-0.0452388
-0.0273775
-0.0099388
0.0029043
0.0090269
0.0063739
-0.0056729
-0.0215971
-0.0355756
-0.0447703
-0.0484487
-0.0487747
-0.0473430
-0.0452996
-0.0439755
-0.0431068
-0.0406665
-0.0346267
-0.0247323
-0.0119602
0.0025012
0.0162115
0.0251908
0.0278563
0.0259142
0.0222335
0.0192438
0.0188005
0.0220732
0.0281905
0.0340446
0.0376343
0.0404217
0.0437091
0.0473644
0.0519885
0.0576561
0.0632299
0.0675871
0.0674110
0.0607935
0.0482809
0.0311107
0.0093237
-0.0197744
-0.0560414
-0.0960598
-0.1325655
-0.1575989
-0.1666056
-0.1603806
-0.1470880
-0.1345269
-0.1233347
-0.1121105
-0.1016623
-0.0908315
-0.0807100
-0.0748445
-0.0732346
-0.0753211
-0.0797744
-0.0837807
-0.0860024
-0.0863809
-0.0829742
-0.0723847
-0.0522207
-0.0236957
0.0098915
0.0453856
0.0784321
0.1066969
0.1275101
0.1385326
0.1424612
0.1422812
0.1385866
0.1320486
0.1241124
0.1165825
0.1123467
0.1130286
0.1172076
0.1236443
0.1311845
0.1374774
0.1412073
0.1407603
0.1368031
0.1303036
0.1201233
0.1082639
0.0956833
0.0813996
0.0668165
0.0534974
0.0419907
0.0322099
0.0222469
0.0116054
0.0003879
-0.0099747
-0.0172436
-0.0226845
-0.0277336
-0.0338065
-0.0412883
-0.0489225
-0.0548094
-0.0584799
-0.0616434
-0.0643236
-0.0642129
-0.0602026
-0.0542849
-0.0450052
-0.0285854
-0.0074986
0.0157583
0.0426012
0.0723985
0.1024132
0.1288079
0.1495098
0.1652386
0.1779532
0.1896563
0.1991268
0.2032465
0.2007365
0.1925361
0.1819732
0.1724145
0.1637575
0.1528434
0.1366448
0.1183910
0.1032601
0.0910460
0.0807576
0.0719051
0.0630667
0.0529727
0.0420759
0.0330115
0.0270701
0.0253725
0.0290457
0.0377654
0.0516820
0.0698066
0.0907578
0.1118203
0.1303504
0.1465909
0.1599413
0.1685434
0.1726457
0.1732974
0.1710056
0.1667313
0.1587260
0.1478726
0.1349491
0.1186674
0.1021680
0.0878559
0.0765447
0.0674704
0.0582410
0.0507689
0.0482231
0.0492953
0.0537583
0.0626438
0.0734035
0.0840513
0.0941354
0.1025019
0.1093394
0.1151294
0.1195118
0.1213674
0.1207085
0.1201083
0.1207454
0.1214352
0.1212764
0.1213410
0.1232400
0.1278626
0.1351797
0.1442687
0.1535356
0.1621969
0.1709753
0.1806163
0.1913903
0.2010934
0.2081855
0.2145218
0.2199160
0.2207411
0.2169552
0.2119685
0.2088011
0.2086941
0.2099368
0.2091435
0.2060310
0.2037595
0.2036612
0.2050672
0.2053316
0.2032667
0.1998117
0.1965142
0.1956400
0.1963957
0.1948698
0.1893961
0.1799993
0.1699407
0.1624989
0.1556121
0.1485518
0.1398614
0.1279214
0.1135578
0.0985061
0.0861320
0.0763594
0.0668775
0.0564238
0.0422793
0.0261093
0.0128245
0.0022808
-0.0060192
-0.0143430
-0.0271763
-0.0442842
-0.0632073
-0.0815989
-0.0944618
-0.0996030
-0.1011452
-0.1025963
-0.1081077
-0.1181003
-0.1277467
-0.1346426
-0.1371629
-0.1367305
-0.1353323
-0.1328860
-0.1303111
-0.1265491
-0.1226533
-0.1219545
-0.1255068
-0.1341145
-0.1470244
-0.1619412
-0.1767856
-0.1901707
-0.2037349
-0.2181170
-0.2313315
-0.2434377
-0.2566017
-0.2727727
-0.2909493
-0.3081231
-0.3213189
-0.3300004
-0.3389811
-0.3518358
-0.3649868
-0.3749934
-0.3822011
-0.3889665
-0.3968765
-0.4041188
-0.4099393
-0.4146904
-0.4188925
-0.4233807
-0.4263978
-0.4271362
-0.4260380
-0.4229457
-0.4194315
-0.4161918
-0.4119131
-0.4064496
-0.3996610
-0.3912684
-0.3816028
-0.3699099
-0.3546695
-0.3345031
-0.3090133
-0.2780729
-0.2407630
-0.1958177
-0.1433233
-0.0847952
-0.0277871
0.0148952
0.0390607
0.0510582
0.0573041
0.0583621
0.0505246
0.0333896
0.0121621
-0.0086651
-0.0283490
-0.0498479
-0.0748198
-0.1031119
-0.1328491
-0.1575397
-0.1700245
-0.1627619
-0.1371516
-0.1063250
-0.0837827
-0.0769334
-0.0747727
-0.0517012
0.0095589
0.1001051
0.1851926
0.2397313
0.2715574
0.3003678
0.3361446
0.3779961
0.4226567
0.4659041
0.5001290
0.5171005
0.5128955
0.4937247
0.4740915
0.4644244
0.4641658
0.4646961
0.4576864
0.4418637
0.4230050
0.4054988
0.3811867
0.3403885
0.2848427
0.2214506
0.1529012
0.0746584
-0.0118040
-0.0902641
-0.1487917
-0.1918382
-0.2253579
-0.2474823
-0.2559659
-0.2580048
-0.2664219
-0.2799688
-0.2771582
-0.2513823
-0.2187874
-0.1880899
-0.1669466
-0.1604860
-0.1577839
-0.1473264
-0.1321624
-0.1204944
-0.1143463
-0.1119444
-0.1118147
-0.1145066
-0.1190313
-0.1238069
-0.1282089
-0.1316138
-0.1353253
-0.1372952
-0.1339080
-0.1284930
-0.1254390
-0.1240379
-0.1241580
-0.1263499
-0.1271018
-0.1230672
-0.1128286
-0.0986912
-0.0839518
-0.0661810
-0.0471992
-0.0315373
-0.0171267
-0.0019189
0.0146597
0.0303713
0.0426762
0.0530043
0.0609570
0.0634495
0.0577324
0.0451708
0.0282798
0.0080309
-0.0134792
-0.0341916
-0.0533725
-0.0710618
-0.0870160
-0.1013676
-0.1135641
-0.1242253
-0.1361405
-0.1491370
-0.1605915
-0.1719868
-0.1853357
-0.1986095
-0.2090901
-0.2143152
-0.2143513
-0.2140291
-0.2145334
-0.2123904
-0.2067506
-0.1960937
-0.1794748
-0.1583648
-0.1316474
-0.0946515
-0.0463757
0.0029527
0.0421931
0.0721715
0.0962090
0.1140072
0.1259245
0.1320915
0.1349223
0.1385937
0.1431024
0.1473611
0.1529157
0.1591610
0.1652170
0.1707224
0.1732801
0.1715258
0.1660464
0.1581697
0.1485113
0.1396165
0.1330661
0.1279974
0.1257089
0.1260615
0.1252312
0.1201347
0.1121856
0.1021212
0.0894810
0.0755770
0.0604162
0.0436244
0.0278860
0.0158443
0.0065512
0.0000833
-0.0026850
-0.0017973
0.0030595
0.0116490
0.0222761
0.0336639
0.0450045
0.0546382
0.0634304
0.0716195
0.0750280
0.0704864
0.0589002
0.0432710
0.0235935
-0.0018154
-0.0313244
-0.0622493
-0.0899830
-0.1108351
-0.1248606
-0.1327790
-0.1351084
-0.1301967
-0.1174145
-0.0986220
-0.0748001
-0.0466439
-0.0204087
0.0008597
0.0213994
0.0401589
0.0551421
0.0648064
0.0658040
0.0606118
0.0555790
0.0510297
0.0438492
0.0340154
0.0244782
0.0175238
0.0155875
0.0216634
0.0327334
0.0427464
0.0483259
0.0474555
0.0403146
0.0319248
0.0283974
0.0318188
0.0388718
0.0444783
0.0453182
0.0415050
0.0359367
0.0310202
0.0290376
0.0288487
0.0283503
0.0290355
0.0285549
0.0265977
0.0259836
0.0234993
0.0186430
0.0129065
0.0061535
-0.0011153
-0.0077382
-0.0130741
-0.0188135
-0.0236555
-0.0267065
-0.0291293
-0.0296067
-0.0265185
-0.0201189
-0.0112841
-0.0006845
0.0108286
0.0202846
0.0250803
0.0270836
0.0311938
0.0414448
0.0567128
0.0739107
0.0894896
0.1002519
0.1050823
0.1045910
0.1004709
0.0957460
0.0932518
0.0930184
0.0950431
0.0985231
0.1012107
0.1025544
0.1013552
0.0981412
0.0970661
0.0971140
0.0949924
0.0890866
0.0780528
0.0625832
0.0428912
0.0186471
-0.0090759
-0.0355562
-0.0562812
-0.0708940
-0.0782551
-0.0769791
-0.0681307
-0.0563264
-0.0466553
-0.0408542
-0.0387951
-0.0371232
-0.0307924
-0.0199400
-0.0072293
0.0053728
0.0151802
0.0212013
0.0222682
0.0190276
0.0139623
0.0072959
-0.0005279
-0.0095662
-0.0209070
-0.0348706
-0.0495392
-0.0607955
-0.0673262
-0.0715265
-0.0752885
-0.0795289
-0.0838854
-0.0871806
-0.0889558
-0.0893513
-0.0896669
-0.0907750
-0.0917746
-0.0932662
-0.0965266
-0.0995644
-0.0989893
-0.0936675
-0.0836425
-0.0687949
-0.0512721
-0.0324281
-0.0142630
-0.0008612
0.0067952
0.0088611
0.0071456
0.0047130
0.0029933
0.0022243
-0.0015165
-0.0131902
-0.0296615
-0.0471440
-0.0651761
-0.0792782
-0.0873013
-0.0905840
-0.0912460
-0.0905180
-0.0881889
-0.0847945
-0.0808154
-0.0777965
-0.0766870
-0.0766814
-0.0781310
-0.0815733
-0.0845089
-0.0869796
-0.0910174
-0.0957477
-0.0998082
-0.1019462
-0.0997671
-0.0915172
-0.0782359
-0.0616476
-0.0426986
-0.0213463
0.0019616
0.0259324
0.0526366
0.0798380
0.1007632
0.1158513
0.1263022
0.1324540
0.1366499
0.1401829
0.1432615
0.1431098
0.1383167
0.1293943
0.1137117
0.0909086
0.0656478
0.0420411
0.0212661
0.0043446
-0.0083510
-0.0151757
-0.0137881
-0.0063563
0.0053528
0.0187990
0.0310298
0.0421824
0.0521120
0.0603676
0.0667873
0.0737060
0.0821825
0.0909714
0.1009161
0.1110202
0.1191611
0.1251367
0.1290001
0.1315889
0.1340077
0.1355693
0.1335310
0.1261515
0.1143915
0.0973193
0.0745410
0.0467833
0.0145925
-0.0178060
-0.0460474
-0.0677352
-0.0836067
-0.0964133
-0.1048810
-0.1083436
-0.1086061
-0.1067537
-0.1052534
-0.1050720
-0.1055398
-0.1055737
-0.1022173
-0.0947565
-0.0854238
-0.0744929
-0.0603302
-0.0407808
-0.0175617
0.0042041
0.0213635
0.0336652
0.0402201
0.0403737
0.0371251
0.0327973
0.0294877
0.0264957
0.0207086
0.0135438
0.0072761
0.0012605
-0.0044853
-0.0082265
-0.0083606
-0.0024106
0.0087302
0.0205348
0.0311075
0.0392900
0.0441408
0.0438981
0.0349255
0.0162578
-0.0083349
-0.0348252
-0.0605698
-0.0797296
-0.0896646
-0.0923563
-0.0883055
-0.0805351
-0.0698308
-0.0553434
-0.0394963
-0.0227778
-0.0064553
0.0090363
0.0237453
0.0345371
0.0400563
0.0403891
0.0351967
0.0249979
0.0107890
-0.0074740
-0.0278186
-0.0461141
-0.0621552
-0.0755283
-0.0843905
-0.0891977
-0.0903098
-0.0892782
-0.0867303
-0.0816704
-0.0755553
-0.0678141
-0.0586426
-0.0513254
-0.0467969
-0.0459405
-0.0481051
-0.0491072
-0.0466775
-0.0415854
-0.0330788
-0.0217029
-0.0093492
0.0040608
0.0188052
0.0338195
0.0476955
0.0596555
0.0684404
0.0746019
0.0764058
0.0703591
0.0590782
0.0463033
0.0343816
0.0249164
0.0159558
0.0069547
0.0004616
-0.0013219
0.0019579
0.0076332
0.0135085
0.0183823
0.0220130
0.0268095
0.0335945
0.0399392
0.0449934
0.0512514
0.0574130
0.0605446
0.0605045
0.0569778
0.0529228
0.0508146
0.0498973
0.0482331
0.0429175
0.0335254
0.0217527
0.0064366
-0.0113037
-0.0272146
-0.0393849
-0.0437790
-0.0413315
-0.0369434
-0.0314623
-0.0247698
-0.0174618
-0.0100922
-0.0034117
0.0016373
0.0055637
0.0067354
0.0033414
-0.0019808
-0.0073738
-0.0136255
-0.0204095
-0.0281632
-0.0378964
-0.0471498
-0.0530457
-0.0551025
-0.0529912
-0.0448204
-0.0298312
-0.0093947
0.0147377
0.0414313
0.0679968
0.0884463
0.0996832
0.1032146
0.1023706
0.1002596
0.0980170
0.0972573
0.0984142
0.0998470
0.1014997
0.1026881
0.1009756
0.0962402
0.0910658
0.0885138
0.0901378
0.0936220
0.0952460
0.0930515
0.0865201
0.0765799
0.0641765
0.0484399
0.0294371
0.0095550
-0.0082694
-0.0227742
-0.0344232
-0.0425350
-0.0464773
-0.0467550
-0.0449087
-0.0431945
-0.0414163
-0.0383663
-0.0335944
-0.0273923
-0.0213181
-0.0149154
-0.0063080
0.0051355
0.0183002
0.0305006
0.0389848
0.0425974
0.0411913
0.0356232
0.0300605
0.0270660
0.0254596
0.0247498
0.0250193
0.0239574
0.0190124
0.0121055
0.0069366
0.0056485
0.0072656
0.0082511
0.0066196
0.0031642
-0.0018056
-0.0076886
-0.0137444
-0.0193788
-0.0220127
-0.0213772
-0.0194565
-0.0174368
-0.0150803
-0.0136799
-0.0143110
-0.0144913
-0.0122817
-0.0064970
0.0010640
0.0071935
0.0136864
0.0209824
0.0272975
0.0320819
0.0348135
0.0366805
0.0386025
0.0408484
0.0433061
0.0444294
0.0444164
0.0455922
0.0480038
0.0505435
0.0537815
0.0591080
0.0663680
0.0735602
0.0778530
0.0780366
0.0757788
0.0728758
0.0696786
0.0658099
0.0612544
0.0548821
0.0453533
0.0329402
0.0186164
0.0012368
-0.0188870
-0.0381153
-0.0572914
-0.0771564
-0.0943326
-0.1050178
-0.1081409
-0.1075503
-0.1062098
-0.1048865
-0.1044010
-0.1057617
-0.1099159
-0.1178814
-0.1290001
-0.1395517
-0.1473380
-0.1524374
-0.1545442
-0.1540529
-0.1529533
-0.1513406
-0.1494578
-0.1490402
-0.1496341
-0.1509534
-0.1517814
-0.1500213
-0.1471285
-0.1455563
-0.1451387
-0.1440544
-0.1425819
-0.1414655
-0.1390875
-0.1351761
-0.1307086
-0.1237442
-0.1113440
-0.0947238
-0.0759226
-0.0561088
-0.0370138
-0.0184811
0.0004545
0.0173438
0.0300702
0.0407481
0.0498798
0.0575028
0.0641966
0.0705737
0.0755232
0.0786680
0.0813395
0.0804309
0.0750043
0.0654322
0.0527661
0.0404872
0.0285880
0.0187817
0.0116881
0.0043990
-0.0025776
-0.0104307
-0.0208330
-0.0315115
-0.0414979
-0.0520758
-0.0601132
-0.0644635
-0.0683599
-0.0706398
-0.0715866
-0.0725209
-0.0727453
-0.0711391
-0.0663465
-0.0586219
-0.0469651
-0.0320157
-0.0175809
-0.0052580
0.0051001
0.0129210
0.0165515
0.0171615
0.0167370
0.0140878
0.0101617
0.0073179
0.0053922
0.0034951
0.0014156
-0.0011923
-0.0059473
-0.0136215
-0.0234675
-0.0344911
-0.0456827
-0.0558643
-0.0635700
-0.0687762
-0.0717882
-0.0726682
-0.0711463
-0.0663295
-0.0584313
-0.0483848
-0.0366086
-0.0217855
-0.0034738
0.0143434
0.0285815
0.0398515
0.0494989
0.0585943
0.0666889
0.0734998
0.0784397
0.0807673
0.0810787
0.0797254
0.0774355
0.0752784
0.0724652
0.0681705
0.0618908
0.0531949
0.0442018
0.0362285
0.0277417
0.0174381
0.0060244
-0.0058319
-0.0175695
-0.0285077
-0.0379615
-0.0447973
-0.0474090
-0.0454523
-0.0416463
-0.0354148
-0.0244023
-0.0099802
0.0050889
0.0175948
0.0268974
0.0356450
0.0428938
0.0478437
0.0514355
0.0528662
0.0556058
0.0609391
0.0659615
0.0706500
0.0737875
0.0725390
0.0666386
0.0579110
0.0470790
0.0352032
0.0235197
0.0108905
-0.0025887
-0.0166606
-0.0309935
-0.0426898
-0.0514747
-0.0570363
-0.0583182
-0.0587546
-0.0592144
-0.0580315
-0.0543235
-0.0462073
-0.0341701
-0.0202567
-0.0045829
0.0135919
0.0328279
0.0507572
0.0665375
0.0798650
0.0908167
0.0979811
0.1005005
0.1008295
0.0980826
0.0907815
0.0817668
0.0719533
0.0592684
0.0440523
0.0281372
0.0125673
-0.0013173
-0.0131791
-0.0210604
-0.0250693
-0.0286312
-0.0333182
-0.0407806
-0.0492215
-0.0550756
-0.0566369
-0.0534793
-0.0475970
-0.0399998
-0.0301330
-0.0175163
-0.0034982
0.0096541
0.0216951
0.0319007
0.0399128
0.0445228
0.0437136
0.0402411
0.0354013
0.0286356
0.0226213
0.0177656
0.0124430
0.0074768
0.0031684
-0.0010572
-0.0049972
-0.0087903
-0.0110225
-0.0100796
-0.0064092
-0.0008642
0.0061131
0.0147725
0.0247005
0.0331804
0.0391773
0.0447310
0.0494531
0.0521662
0.0539950
0.0532841
0.0496369
0.0458019
0.0418748
0.0364204
0.0282935
0.0172959
0.0035105
-0.0121634
-0.0282661
-0.0430886
-0.0555261
-0.0672207
-0.0795870
-0.0908734
-0.0985585
-0.1016231
-0.1009516
-0.0983247
-0.0944033
-0.0892506
-0.0844503
-0.0813081
-0.0795331
-0.0782054
-0.0759540
-0.0729620
-0.0700227
-0.0684567
-0.0682913
-0.0666472
-0.0633721
-0.0603816
-0.0569502
-0.0515551
-0.0435124
-0.0330206
-0.0206385
-0.0079816
0.0020933
0.0081721
0.0103945
0.0097567
0.0056989
-0.0016323
-0.0096869
-0.0179342
-0.0271153
-0.0360321
-0.0425924
-0.0467221
-0.0506081
-0.0549770
-0.0581357
-0.0596181
-0.0602581
-0.0598896
-0.0582891
-0.0560135
-0.0553880
-0.0567472
-0.0568717
-0.0563257
-0.0568483
-0.0583306
-0.0604637
-0.0622603
-0.0638168
-0.0648335
-0.0643132
-0.0623687
-0.0597435
-0.0575529
-0.0563161
-0.0554788
-0.0540687
-0.0525389
-0.0512241
-0.0467563
-0.0380060
-0.0274972
-0.0159622
-0.0027771
0.0117434
0.0254346
0.0370258
0.0455338
0.0497285
0.0502815
0.0490604
0.0460429
0.0411234
0.0350190
0.0265607
0.0166853
0.0064298
-0.0052974
-0.0160350
-0.0241049
-0.0312925
-0.0356953
-0.0357580
-0.0336841
-0.0298715
-0.0240942
-0.0165818
-0.0061055
0.0085712
0.0264682
0.0451818
0.0625968
0.0771676
0.0899458
0.1017820
0.1110912
0.1173240
0.1220713
0.1262668
0.1289472
0.1300805
0.1312709
0.1332002
0.1345467
0.1339105
0.1301815
0.1224924
0.1115461
0.0996835
0.0891419
0.0785388
0.0662307
0.0538651
0.0413669
0.0277465
0.0135937
0.0004706
-0.0106602
-0.0191265
-0.0231408
-0.0230751
-0.0204950
-0.0165925
-0.0125738
-0.0075759
-0.0015699
0.0041585
0.0101725
0.0157203
0.0204160
0.0262039
0.0327216
0.0383087
0.0427250
0.0456447
0.0473811
0.0492739
0.0508373
0.0510042
0.0493599
0.0465965
0.0433500
0.0386608
0.0321092
0.0234755
0.0142542
0.0069767
0.0013342
-0.0044237
-0.0102742
-0.0149008
-0.0186574
-0.0225666
-0.0258435
-0.0276787
-0.0278602
-0.0273907
-0.0275199
-0.0281266
-0.0279061
-0.0254495
-0.0230860
-0.0229720
-0.0228644
-0.0208344
-0.0177443
-0.0144650
-0.0116170
-0.0095025
-0.0089121
-0.0101510
-0.0118039
-0.0131233
-0.0143755
-0.0155457
-0.0159600
-0.0152846
-0.0128192
-0.0106689
-0.0107286
-0.0094729
-0.0072108
-0.0072151
-0.0076526
-0.0065042
-0.0041353
-0.0025128
-0.0030037
-0.0035383
-0.0040834
-0.0073265
-0.0133185
-0.0195079
-0.0240566
-0.0265801
-0.0259016
-0.0216136
-0.0141497
-0.0044499
0.0053368
0.0145263
0.0234005
0.0314342
0.0387058
0.0442187
0.0464082
0.0461558
0.0450226
0.0432869
0.0399482
0.0351842
0.0288577
0.0204702
0.0116382
0.0026001
-0.0065117
-0.0141324
-0.0202060
-0.0252155
-0.0268888
-0.0236555
-0.0181618
-0.0112274
-0.0042508
0.0018312
0.0091464
0.0164390
0.0221471
0.0257951
0.0291004
0.0334392
0.0371676
0.0387319
0.0358815
0.0305444
0.0257870
0.0204658
0.0146228
0.0091463
0.0043010
0.0016124
-0.0002239
-0.0024123
-0.0051145
-0.0102282
-0.0153345
-0.0189383
-0.0224687
-0.0244689
-0.0242511
-0.0228850
-0.0194426
-0.0143290
-0.0088131
-0.0025901
0.0041359
0.0112576
0.0179332
0.0220920
0.0245491
0.0279158
0.0308061
0.0325613
0.0334516
0.0335317
0.0346245
0.0365494
0.0382581
0.0392208
0.0405802
0.0422476
0.0419759
0.0400311
0.0391812
0.0404271
0.0417764
0.0426344
0.0422317
0.0409097
0.0413638
0.0430418
0.0451175
0.0478373
0.0506257
0.0543541
0.0591957
0.0637116
0.0670428
0.0707416
0.0755751
0.0797611
0.0836675
0.0880284
0.0918719
0.0960269
0.1005876
0.1034449
0.1044287
0.1037715
0.1012746
0.0972640
0.0928589
0.0890395
0.0862760
0.0837330
0.0794929
0.0740448
0.0679852
0.0636184
0.0606254
0.0554275
0.0489982
0.0435540
0.0393601
0.0345433
0.0287733
0.0230324
0.0187843
0.0161769
0.0141029
0.0114887
0.0079031
0.0051069
0.0025089
-0.0004162
-0.0026846
-0.0047546
-0.0085819
-0.0138938
-0.0190106
-0.0239640
-0.0296622
-0.0353086
-0.0399080
-0.0434231
-0.0449996
-0.0446300
-0.0434065
-0.0422180
-0.0389296
-0.0344461
-0.0312204
-0.0260837
-0.0213077
-0.0205553
-0.0205343
-0.0206869
-0.0228320
-0.0256220
-0.0271203
-0.0281451
-0.0289308
-0.0303957
-0.0330548
-0.0336192
-0.0321588
-0.0306655
-0.0276988
-0.0223643
-0.0167785
-0.0110526
-0.0042080
0.0017450
0.0080030
0.0140887
0.0184461
0.0239406
0.0308250
0.0360159
0.0393856
0.0436767
0.0475545
0.0505029
0.0511767
0.0475080
0.0425648
0.0371982
0.0309181
0.0240766
0.0169157
0.0099918
0.0039620
0.0003138
-0.0014028
-0.0018509
-0.0002010
0.0023009
0.0035385
0.0041344
0.0049346
0.0057653
0.0075552
0.0094055
0.0096965
0.0093851
0.0091528
0.0103734
0.0129588
0.0141379
0.0143166
0.0155797
0.0190293
0.0222946
0.0225904
0.0211719
0.0186983
0.0141348
0.0091275
0.0057662
0.0020939
-0.0014988
-0.0038826
-0.0064639
-0.0095162
-0.0124557
-0.0149094
-0.0168629
-0.0192905
-0.0223722
-0.0250176
-0.0285788
-0.0321742
-0.0358507
-0.0406413
-0.0448444
-0.0497050
-0.0538228
-0.0568954
-0.0613337
-0.0660528
-0.0696039
-0.0705868
-0.0693823
-0.0679157
-0.0661450
-0.0632716
-0.0607498
-0.0579254
-0.0530042
-0.0472697
-0.0420598
-0.0377918
-0.0341488
-0.0318039
-0.0320237
-0.0341991
-0.0360295
-0.0379927
-0.0403797
-0.0401421
-0.0377122
-0.0344344
-0.0317880
-0.0302662
-0.0266916
-0.0200143
-0.0123307
-0.0060336
-0.0017285
0.0025266
0.0071019
0.0097126
0.0109473
0.0136297
0.0172271
0.0183498
0.0165090
0.0135463
0.0121089
0.0131374
0.0141585
0.0148235
0.0161630
0.0176741
0.0188638
0.0202658
0.0211823
0.0198190
0.0175927
0.0159298
0.0127807
0.0082505
0.0044935
0.0021666
0.0012611
0.0014011
0.0016310
0.0003948
-0.0043871
-0.0117063
-0.0193568
-0.0280557
-0.0375073
-0.0453661
-0.0518782
-0.0580949
-0.0630134
-0.0665290
-0.0690944
-0.0712178
-0.0730193
-0.0735655
-0.0705810
-0.0644909
-0.0575460
-0.0505847
-0.0442718
-0.0370842
-0.0288517
-0.0206441
-0.0122132
-0.0041017
0.0034361
0.0091838
0.0119380
0.0128815
0.0128615
0.0128089
0.0140639
0.0166273
0.0202452
0.0237133
0.0258730
0.0288030
0.0324153
0.0341019
0.0340858
0.0324960
0.0302518
0.0290295
0.0292682
0.0300535
0.0293731
0.0267761
0.0241010
0.0242340
0.0260187
0.0261057
0.0267322
0.0293825
0.0313763
0.0333398
0.0364345
0.0395299
0.0420863
0.0438698
0.0450229
0.0456893
0.0452640
0.0447495
0.0455347
0.0463007
0.0457614
0.0441764
0.0416991
0.0393203
0.0377714
0.0354311
0.0331041
0.0329726
0.0334770
0.0337439
0.0336636
0.0329659
0.0326832
0.0308411
0.0257892
0.0210583
0.0172381
0.0137637
0.0119429
0.0105876
0.0105135
0.0122206
0.0134557
0.0145441
0.0173854
0.0220178
0.0275890
0.0339542
0.0416511
0.0501528
0.0572882
0.0623796
0.0676121
0.0731773
0.0770572
0.0787206
0.0793332
0.0807691
0.0827450
0.0834330
0.0831920
0.0836136
0.0854564
0.0879480
0.0878660
0.0850745
0.0827076
0.0821529
0.0832121
0.0840843
0.0835305
0.0829267
0.0835869
0.0852582
0.0872380
0.0890444
0.0908441
0.0929239
0.0956099
0.0977382
0.0994260
0.1020193
0.1043566
0.1048219
0.1039767
0.1038819
0.1042531
0.1032746
0.1009192
0.0982165
0.0949478
0.0918371
0.0878489
0.0815847
0.0752341
0.0690470
0.0643347
0.0607487
0.0561715
0.0523515
0.0491777
0.0461282
0.0425834
0.0373876
0.0320374
0.0275420
0.0249572
0.0227548
0.0189519
0.0161980
0.0133186
0.0091304
0.0049988
0.0006631
-0.0041998
-0.0104464
-0.0168912
-0.0215798
-0.0232226
-0.0240499
-0.0269384
-0.0298635
-0.0320932
-0.0348624
-0.0359679
-0.0354472
-0.0354115
-0.0352560
-0.0349261
-0.0330854
-0.0284200
-0.0232180
-0.0187551
-0.0143418
-0.0107170
-0.0069721
-0.0025615
0.0013680
0.0026707
0.0025214
0.0035828
0.0034372
0.0024438
0.0021922
0.0015369
-0.0007299
-0.0033608
-0.0051084
-0.0070364
-0.0087292
-0.0105944
-0.0132835
-0.0152372
-0.0153596
-0.0151965
-0.0173322
-0.0202839
-0.0223050
-0.0236677
-0.0242224
-0.0253989
-0.0275099
-0.0285438
-0.0287260
-0.0284473
-0.0268237
-0.0254215
-0.0239877
-0.0209252
-0.0172799
-0.0128560
-0.0074127
-0.0024130
0.0017462
0.0049419
0.0067597
0.0069951
0.0064065
0.0051008
0.0028685
0.0003684
-0.0017989
-0.0038436
-0.0082629
-0.0153771
-0.0214413
-0.0262743
-0.0320107
-0.0362139
-0.0386906
-0.0414686
-0.0446924
-0.0473464
-0.0475398
-0.0450415
-0.0422157
-0.0421118
-0.0430015
-0.0435539
-0.0437300
-0.0428497
-0.0429970
-0.0436055
-0.0427321
-0.0408656
-0.0390059
-0.0383493
-0.0387932
-0.0380369
-0.0350962
-0.0329782
-0.0331557
-0.0321095
-0.0295543
-0.0288936
-0.0295913
-0.0297494
-0.0309376
-0.0333655
-0.0357968
-0.0381083
-0.0396082
-0.0413890
-0.0438147
-0.0455866
-0.0459643
-0.0457639
-0.0455989
-0.0456172
-0.0464166
-0.0466205
-0.0464751
-0.0464396
-0.0463779
-0.0454873
-0.0429575
-0.0415083
-0.0405770
-0.0381455
-0.0358260
-0.0343448
-0.0324590
-0.0299522
-0.0284349
-0.0287038
-0.0290734
-0.0290475
-0.0287575
-0.0281542
-0.0285854
-0.0287543
-0.0288129
-0.0305612
-0.0327808
-0.0342005
-0.0339137
-0.0326255
-0.0326478
-0.0337776
-0.0339701
-0.0336647
-0.0326664
-0.0321828
-0.0337670
-0.0342448
-0.0338335
-0.0341517
-0.0356135
-0.0386319
-0.0414744
-0.0426378
-0.0424162
-0.0419927
-0.0414581
-0.0416726
-0.0428338
-0.0436994
-0.0443692
-0.0440218
-0.0420346
-0.0394369
-0.0373076
-0.0348076
-0.0307665
-0.0245891
-0.0169985
-0.0105002
-0.0044818
0.0013876
0.0051971
0.0074234
0.0086825
0.0079280
0.0070004
0.0068446
0.0038874
-0.0021458
-0.0090990
-0.0136912
-0.0142684
-0.0150997
-0.0195756
-0.0261801
-0.0299660
-0.0308262
-0.0320196
-0.0332500
-0.0337743
-0.0332581
-0.0317552
-0.0294961
-0.0273524
-0.0269374
-0.0261867
-0.0235487
-0.0212490
-0.0188213
-0.0160600
-0.0134793
-0.0112931
-0.0100091
-0.0079236
-0.0058755
-0.0048807
-0.0037613
-0.0019829
-0.0005026
-0.0009106
-0.0015522
-0.0013627
-0.0010187
-0.0005581
-0.0002460
0.0005662
0.0018947
0.0033918
0.0053883
0.0075838
0.0096592
0.0116604
0.0128785
0.0122633
0.0127135
0.0150011
0.0149651
0.0135336
0.0117814
0.0093113
0.0074513
0.0038936
-0.0009272
-0.0042031
-0.0059381
-0.0071281
-0.0084276
-0.0085928
-0.0084787
-0.0084601
-0.0070173
-0.0048604
-0.0037496
-0.0040514
-0.0034155
-0.0027364
-0.0036804
-0.0047576
-0.0054094
-0.0051037
-0.0054421
-0.0064799
-0.0061632
-0.0056155
-0.0064250
-0.0091464
-0.0133913
-0.0175156
-0.0216652
-0.0267657
-0.0314665
-0.0352618
-0.0382778
-0.0404588
-0.0419946
-0.0419096
-0.0413962
-0.0421547
-0.0425064
-0.0410698
-0.0382655
-0.0352959
-0.0334370
-0.0318225
-0.0288155
-0.0244975
-0.0200790
-0.0161603
-0.0132827
-0.0107094
-0.0058890
0.0000682
0.0053998
0.0091121
0.0109150
0.0137509
0.0171522
0.0188533
0.0190006
0.0173206
0.0137067
0.0100913
0.0076964
0.0049316
-0.0000531
-0.0062022
-0.0108232
-0.0147868
-0.0187795
-0.0228914
-0.0273671
-0.0309003
-0.0326603
-0.0315741
-0.0299823
-0.0293438
-0.0274323
-0.0250572
-0.0231135
-0.0212223
-0.0193717
-0.0169455
-0.0145709
-0.0128187
-0.0106661
-0.0082091
-0.0063745
-0.0043078
-0.0024541
-0.0023423
-0.0026214
-0.0026162
-0.0033816
-0.0057425
-0.0101715
-0.0142225
-0.0166045
-0.0197767
-0.0232014
-0.0257761
-0.0273429
-0.0265561
-0.0250083
-0.0228436
-0.0189484
-0.0134072
-0.0060715
0.0000507
0.0044388
0.0082993
0.0117314
0.0157238
0.0191204
0.0217023
0.0243488
0.0274749
0.0302901
0.0318215
0.0336936
0.0358075
0.0374946
0.0387692
0.0396548
0.0414071
0.0429583
0.0427752
0.0421667
0.0425976
0.0423388
0.0395228
0.0350996
0.0306917
0.0267250
0.0231743
0.0196364
0.0134323
0.0066093
0.0019364
-0.0031896
-0.0092282
-0.0144416
-0.0175271
-0.0188479
-0.0208821
-0.0232131
-0.0234771
-0.0229099
-0.0225156
-0.0221728
-0.0210012
-0.0194218
-0.0186190
-0.0176975
-0.0159779
-0.0139464
-0.0129582
-0.0102300
-0.0064308
-0.0043379
-0.0007731
0.0038097
0.0078743
0.0119233
0.0151079
0.0184737
0.0218913
0.0247420
0.0285058
0.0322683
0.0340767
0.0356354
0.0380694
0.0389209
0.0393731
0.0411990
0.0429695
0.0434431
0.0416401
0.0386981
0.0375109
0.0373889
0.0358148
0.0331763
0.0307892
0.0292562
0.0294215
0.0304698
0.0305937
0.0301170
0.0294027
0.0295010
0.0300771
0.0296222
0.0296978
0.0297635
0.0294199
0.0283516
0.0258788
0.0242829
0.0228663
0.0209401
0.0179353
0.0136490
0.0087252
0.0036870
0.0002767
-0.0018598
-0.0026326
-0.0022504
-0.0020731
-0.0016870
0.0003785
0.0029771
0.0039060
0.0050811
0.0075900
0.0095236
0.0096725
0.0091299
0.0083715
0.0054915
0.0040862
0.0064011
0.0090582
0.0103980
0.0093633
0.0082425
0.0086719
0.0090459
0.0080436
0.0053026
0.0032897
0.0011750
-0.0020289
-0.0044816
-0.0066958
-0.0099519
-0.0146951
-0.0195287
-0.0225210
-0.0237587
-0.0261325
-0.0308386
-0.0346024
-0.0360308
-0.0377448
-0.0403438
-0.0436490
-0.0471147
-0.0499857
-0.0526174
-0.0535838
-0.0537456
-0.0552980
-0.0576239
-0.0591385
-0.0586521
-0.0578918
-0.0582092
-0.0584182
-0.0581679
-0.0580936
-0.0578266
-0.0570896
-0.0573178
-0.0569133
-0.0548279
-0.0512916
-0.0471755
-0.0446272
-0.0414414
-0.0361864
-0.0312629
-0.0283341
-0.0269071
-0.0253316
-0.0224200
-0.0198540
-0.0194932
-0.0200865
-0.0202877
-0.0203694
-0.0203326
-0.0195149
-0.0180837
-0.0159972
-0.0144445
-0.0133267
-0.0109809
-0.0086450
-0.0066224
-0.0040511
-0.0007708
0.0025238
0.0058946
0.0093661
0.0114425
0.0125599
0.0132352
0.0132450
0.0126533
0.0106701
0.0091558
0.0093370
0.0093095
0.0092468
0.0082227
0.0054509
0.0037337
0.0039438
0.0046288
0.0042844
0.0018516
-0.0008070
-0.0023763
-0.0039378
-0.0059612
-0.0081568
-0.0094443
-0.0099997
-0.0112861
-0.0124413
-0.0110029
-0.0077686
-0.0069947
-0.0074601
-0.0055334
-0.0035771
-0.0026459
-0.0008957
0.0015928
0.0039994
0.0049615
0.0041769
0.0026221
0.0003107
-0.0023531
-0.0041740
-0.0054787
-0.0075600
-0.0080971
-0.0075654
-0.0079352
-0.0076260
-0.0081452
-0.0081560
-0.0070047
-0.0074068
-0.0078937
-0.0085370
-0.0088685
-0.0080913
-0.0077623
-0.0066297
-0.0045185
-0.0022828
0.0003801
0.0011341
0.0000499
0.0000145
-0.0002662
-0.0002696
-0.0001816
-0.0014422
-0.0031398
-0.0050381
-0.0062296
-0.0084252
-0.0114023
-0.0140996
-0.0165234
-0.0176721
-0.0175544
-0.0170157
-0.0176632
-0.0176371
-0.0163375
-0.0164583
-0.0170653
-0.0166964
-0.0168000
-0.0159453
-0.0120380
-0.0091527
-0.0077604
-0.0040531
0.0003773
0.0034271
0.0044842
0.0047392
0.0060276
0.0063603
0.0051359
0.0041126
0.0041185
0.0057084
0.0084523
0.0101596
0.0100343
0.0105505
0.0116907
0.0125709
0.0130667
0.0113718
0.0088151
0.0072958
0.0058342
0.0042589
0.0030359
0.0010100
-0.0025428
-0.0065778
-0.0104674
-0.0143340
-0.0180706
-0.0222738
-0.0267195
-0.0298655
-0.0303499
-0.0287710
-0.0282087
-0.0284036
-0.0280489
-0.0257346
-0.0213986
-0.0182430
-0.0165720
-0.0150143
-0.0128739
-0.0116295
-0.0120397
-0.0120698
-0.0095726
-0.0072055
-0.0075876
-0.0075297
-0.0058557
-0.0036880
-0.0015431
-0.0004200
0.0000218
0.0013468
0.0036413
0.0069560
0.0098424
0.0124000
0.0154284
0.0182746
0.0223826
0.0259840
0.0275213
0.0287403
0.0301963
0.0318829
0.0332877
0.0335565
0.0326303
0.0320267
0.0322111
0.0312228
0.0291305
0.0277996
0.0278382
0.0272841
0.0247631
0.0233772
0.0243016
0.0238616
0.0211694
0.0185054
0.0166273
0.0156848
0.0148861
0.0126433
0.0097612
0.0070631
0.0045097
0.0023329
0.0000546
-0.0022182
-0.0050619
-0.0077474
-0.0088578
-0.0107915
-0.0137446
-0.0162700
-0.0184304
-0.0199200
-0.0211779
-0.0221420
-0.0225979
-0.0224599
-0.0220943
-0.0214517
-0.0209694
-0.0219315
-0.0228560
-0.0220037
-0.0204128
-0.0204728
-0.0219974
-0.0222741
-0.0207941
-0.0198800
-0.0203605
-0.0211399
-0.0205554
-0.0179142
-0.0160112
-0.0142734
-0.0114799
-0.0091987
-0.0066509
-0.0039156
-0.0010950
0.0030876
0.0081294
0.0118209
0.0135628
0.0160035
0.0193429
0.0214045
0.0231907
0.0247065
0.0245445
0.0236402
0.0223828
0.0206295
0.0200228
0.0195889
0.0175445
0.0153463
0.0131735
0.0112447
0.0096227
0.0065784
0.0031446
0.0005465
-0.0008761
-0.0021667
-0.0048179
-0.0072831
-0.0089524
-0.0105059
-0.0107533
-0.0091935
-0.0087285
-0.0102151
-0.0120346
-0.0121174
-0.0092990
-0.0073063
-0.0076989
-0.0085213
-0.0088739
-0.0082117
-0.0061077
-0.0026791
-0.0002624
0.0020795
0.0051972
0.0077750
0.0110134
0.0136939
0.0152679
0.0162700
0.0161815
0.0155021
0.0152823
0.0151199
0.0135463
0.0121644
0.0114814
0.0105018
0.0088181
0.0074637
0.0076656
0.0078491
0.0080324
0.0081859
0.0076397
0.0077209
0.0072325
0.0048152
0.0032865
0.0033620
0.0039086
0.0043325
0.0039054
0.0034491
0.0034068
0.0029082
0.0011265
-0.0007467
-0.0011600
-0.0012189
-0.0027803
-0.0054467
-0.0073913
-0.0084051
-0.0090509
-0.0089244
-0.0091729
-0.0096777
-0.0088832
-0.0086462
-0.0093072
-0.0090745
-0.0095826
-0.0113349
-0.0125708
-0.0133198
-0.0132490
-0.0126740
-0.0126176
-0.0127736
-0.0133416
-0.0157733
-0.0179171
-0.0190447
-0.0209690
-0.0215714
-0.0211528
-0.0213015
-0.0213424
-0.0214754
-0.0218910
-0.0209656
-0.0185636
-0.0174802
-0.0169890
-0.0150605
-0.0138080
-0.0135046
-0.0127754
-0.0109030
-0.0086247
-0.0085783
-0.0095474
-0.0093561
-0.0084638
-0.0072171
-0.0059471
-0.0047485
-0.0040887
-0.0032092
-0.0005564
0.0014891
0.0023316
0.0031347
0.0033163
0.0039529
0.0061818
0.0085154
0.0083586
0.0064878
0.0050611
0.0035478
0.0021387
0.0011464
-0.0002765
-0.0017516
-0.0033656
-0.0047528
-0.0061714
-0.0082826
-0.0102935
-0.0119488
-0.0134073
-0.0139055
-0.0137086
-0.0138856
-0.0137145
-0.0139557
-0.0142138
-0.0141696
-0.0150907
-0.0164532
-0.0180534
-0.0194471
-0.0216855
-0.0240126
-0.0256379
-0.0271390
-0.0281701
-0.0293511
-0.0294672
-0.0293140
-0.0298460
-0.0303621
-0.0318618
-0.0332502
-0.0341240
-0.0354938
-0.0369080
-0.0384134
-0.0399415
-0.0413381
-0.0427009
-0.0428682
-0.0420235
-0.0419655
-0.0421126
-0.0412348
-0.0394541
-0.0381788
-0.0382281
-0.0391851
-0.0393965
-0.0388576
-0.0388980
-0.0389365
-0.0389309
-0.0390153
-0.0386582
-0.0387159
-0.0393041
-0.0387061
-0.0385928
-0.0392891
-0.0390909
-0.0388337
-0.0374603
-0.0350635
-0.0342994
-0.0342796
-0.0328619
-0.0310088
-0.0300283
-0.0282558
-0.0248177
-0.0215389
-0.0189866
-0.0166824
-0.0143249
-0.0123164
-0.0107368
-0.0100486
-0.0101636
-0.0087918
-0.0062824
-0.0049644
-0.0059264
-0.0078070
-0.0087536
-0.0098246
-0.0123588
-0.0166054
-0.0219501
-0.0261081
-0.0284328
-0.0300285
-0.0320170
-0.0344109
-0.0357496
-0.0357020
-0.0352462
-0.0359069
-0.0367615
-0.0369196
-0.0369936
-0.0364339
-0.0357851
-0.0352898
-0.0347466
-0.0345052
-0.0344095
-0.0336354
-0.0315324
-0.0295404
-0.0278579
-0.0263263
-0.0252246
-0.0236370
-0.0219714
-0.0205131
-0.0183863
-0.0154148
-0.0123559
-0.0086744
-0.0049343
-0.0018752
0.0014985
0.0045743
0.0075175
0.0100085
0.0122691
0.0151880
0.0171529
0.0186005
0.0191117
0.0183227
0.0189804
0.0215694
0.0232554
0.0228934
0.0226579
0.0246865
0.0276602
0.0286302
0.0280972
0.0276637
0.0277428
0.0278239
0.0273540
0.0260694
0.0245738
0.0235249
0.0230191
0.0236633
0.0234736
0.0217627
0.0197153
0.0169754
0.0150118
0.0142934
0.0135551
0.0128413
0.0117311
0.0101346
0.0089780
0.0083624
0.0083280
0.0086117
0.0086503
0.0078748
0.0060474
0.0055699
0.0066469
0.0067496
0.0060525
0.0050924
0.0049331
0.0052048
0.0044178
0.0035039
0.0024866
0.0014711
0.0011321
0.0009960
0.0003504
-0.0011231
-0.0014791
-0.0000769
0.0012730
0.0026427
0.0043014
0.0050052
0.0041951
0.0035588
0.0047100
0.0062504
0.0059461
0.0061002
0.0083797
0.0104300
0.0116584
0.0129055
0.0150812
0.0177784
0.0195854
0.0202459
0.0212328
0.0238516
0.0265717
0.0282943
0.0302963
0.0317465
0.0316305
0.0321614
0.0332398
0.0334942
0.0324771
0.0310846
0.0304657
0.0307594
0.0328027
0.0354034
0.0381558
0.0406505
0.0425467
0.0451548
0.0476979
0.0501570
0.0516173
0.0511396
0.0513265
0.0514865
0.0499665
0.0484386
0.0464602
0.0439627
0.0412198
0.0375129
0.0343073
0.0315243
0.0290007
0.0267501
0.0233129
0.0188334
0.0152200
0.0124631
0.0096814
0.0075084
0.0059403
0.0050519
0.0047515
0.0058619
0.0086094
0.0118096
0.0140545
0.0154129
0.0172724
0.0188919
0.0205712
0.0222436
0.0228580
0.0224359
0.0215873
0.0208171
0.0198975
0.0186927
0.0173747
0.0171933
0.0175313
0.0173715
0.0174950
0.0171465
0.0160259
0.0156621
0.0164601
0.0174173
0.0180950
0.0186652
0.0196563
0.0215490
0.0220506
0.0224021
0.0244455
0.0258457
0.0264166
0.0252671
0.0244643
0.0252291
0.0250989
0.0253976
0.0255444
0.0248325
0.0245211
0.0241178
0.0228209
0.0208868
0.0205926
0.0218254
0.0225060
0.0227998
0.0233253
0.0242756
0.0250970
0.0262143
0.0286500
0.0302204
0.0306633
0.0326863
0.0352986
0.0374011
0.0386319
0.0385329
0.0397668
0.0418908
0.0426180
0.0431804
0.0435805
0.0431529
0.0426071
0.0417296
0.0408545
0.0414297
0.0413066
0.0397986
0.0392914
0.0390231
0.0395008
0.0397963
0.0389442
0.0389017
0.0389081
0.0386741
0.0385423
0.0378326
0.0366984
0.0355532
0.0358035
0.0368026
0.0362322
0.0346371
0.0336000
0.0333606
0.0322592
0.0300878
0.0278437
0.0267428
0.0266305
0.0261731
0.0250242
0.0225531
0.0209788
0.0211970
0.0204314
0.0190772
0.0181704
0.0168017
0.0150771
0.0133061
0.0114667
0.0089867
0.0062351
0.0037168
0.0004372
-0.0021814
-0.0046162
-0.0071095
-0.0068015
-0.0066504
-0.0069925
-0.0064434
-0.0069384
-0.0076434
-0.0071696
-0.0065198
-0.0068162
-0.0063599
-0.0062030
-0.0068330
-0.0062418
-0.0059358
-0.0060913
-0.0054321
-0.0039847
-0.0033170
-0.0046869
-0.0059043
-0.0062451
-0.0064589
-0.0065294
-0.0053200
-0.0040755
-0.0047251
-0.0056564
-0.0056914
-0.0038226
-0.0017010
-0.0026307
-0.0039792
-0.0032220
-0.0031076
-0.0030529
-0.0025767
-0.0026289
-0.0024059
-0.0026438
-0.0007309
0.0028255
0.0039869
0.0039851
0.0056713
0.0060815
0.0048599
0.0069020
0.0091126
0.0103512
0.0126430
0.0145907
0.0162078
0.0189031
0.0210029
0.0224984
0.0251624
0.0260724
0.0263715
0.0284643
0.0305613
0.0308779
0.0298358
0.0295839
0.0305344
0.0310344
0.0298238
0.0290669
0.0296383
0.0302436
0.0299690
0.0281967
0.0273965
0.0270186
0.0255386
0.0239850
0.0234711
0.0234745
0.0227194
0.0219488
0.0200729
0.0185539
0.0173105
0.0152046
0.0144040
0.0137704
0.0129988
0.0115313
0.0096930
0.0085456
0.0075960
0.0072106
0.0062429
0.0043661
0.0024208
0.0004468
-0.0014629
-0.0024881
-0.0048882
-0.0075282
-0.0070911
-0.0064916
-0.0071018
-0.0072188
-0.0066762
-0.0076524
-0.0086259
-0.0081567
-0.0076111
-0.0068797
-0.0062116
-0.0047610
-0.0025833
-0.0032109
-0.0055142
-0.0054961
-0.0060126
-0.0080084
-0.0084396
-0.0075396
-0.0066685
-0.0056382
-0.0042537
-0.0017625
0.0005594
0.0008854
0.0007859
0.0014725
0.0035399
0.0060825
0.0087475
0.0102733
0.0101337
0.0105919
0.0125473
0.0141727
0.0143266
0.0143509
0.0139424
0.0151573
0.0179446
0.0193889
0.0193828
0.0181447
0.0173786
0.0183635
0.0183605
0.0181515
0.0181508
0.0168832
0.0173430
0.0177606
0.0162548
0.0144335
0.0132790
0.0127535
0.0123736
0.0115375
0.0093450
0.0081089
0.0068627
0.0046402
0.0045198
0.0052286
0.0050824
0.0059053
0.0084957
0.0116632
0.0134925
0.0155885
0.0191621
0.0217844
0.0241192
0.0252918
0.0240866
0.0223089
0.0213161
0.0211574
0.0201784
0.0181920
0.0157431
0.0125170
0.0099940
0.0074477
0.0048170
0.0032208
0.0011423
0.0002293
-0.0005151
-0.0018842
-0.0024964
-0.0041815
-0.0049868
-0.0062853
-0.0093448
-0.0102496
-0.0110950
-0.0129328
-0.0134731
-0.0122059
-0.0102345
-0.0094175
-0.0098351
-0.0105726
-0.0106583
-0.0101766
-0.0098559
-0.0101180
-0.0107052
-0.0104768
-0.0102605
-0.0104560
-0.0096296
-0.0093540
-0.0088357
-0.0071869
-0.0073892
-0.0084244
-0.0082734
-0.0080486
-0.0078122
-0.0075066
-0.0081295
-0.0079876
-0.0077257
-0.0091851
-0.0105556
-0.0105894
-0.0102744
-0.0108795
-0.0124424
-0.0141704
-0.0161573
-0.0181193
-0.0190491
-0.0198020
-0.0198851
-0.0199117
-0.0202943
-0.0204670
-0.0224394
-0.0247091
-0.0249867
-0.0239882
-0.0241389
-0.0260811
-0.0269358
-0.0273450
-0.0282039
-0.0275031
-0.0249377
-0.0226219
-0.0233409
-0.0247199
-0.0244130
-0.0229229
-0.0205128
-0.0188382
-0.0169692
-0.0151942
-0.0139506
-0.0118982
-0.0103154
-0.0092982
-0.0077085
-0.0059451
-0.0058695
-0.0051332
-0.0025846
-0.0013071
-0.0013174
-0.0003542
0.0020976
0.0031482
0.0049169
0.0072893
0.0070817
0.0085039
0.0112425
0.0119339
0.0134728
0.0163380
0.0181126
0.0202904
0.0229366
0.0239324
0.0249355
0.0271725
0.0280992
0.0273225
0.0272260
0.0274673
0.0274595
0.0273473
0.0258930
0.0241462
0.0235974
0.0230015
0.0220835
0.0209762
0.0194163
0.0191090
0.0188028
0.0179105
0.0186208
0.0173732
0.0152760
0.0154761
0.0139800
0.0126964
0.0126052
0.0110612
0.0103329
0.0101465
0.0094635
0.0090881
0.0087742
0.0088469
0.0092016
0.0091382
0.0087949
0.0105812
0.0130864
0.0134964
0.0132887
0.0141744
0.0159160
0.0158733
0.0140149
0.0123678
0.0115919
0.0122509
0.0131405
0.0119383
0.0112598
0.0112777
0.0104739
0.0096603
0.0080484
0.0076009
0.0081465
0.0083217
0.0086036
0.0085378
0.0091762
0.0107796
0.0115546
0.0127406
0.0153145
0.0163479
0.0157125
0.0152173
0.0151037
0.0152407
0.0138440
0.0122356
0.0120452
0.0114273
0.0097451
0.0073758
0.0059258
0.0053510
0.0041416
0.0019445
0.0012954
0.0027112
0.0024923
0.0007064
-0.0009541
-0.0013434
-0.0007079
-0.0009730
-0.0010257
-0.0006257
-0.0008945
-0.0007690
-0.0007831
-0.0008852
-0.0002554
-0.0002651
-0.0008689
-0.0008200
-0.0019807
-0.0038500
-0.0039850
-0.0033290
-0.0025528
-0.0033704
-0.0047218
-0.0051336
-0.0051484
-0.0042258
-0.0036576
-0.0040597
-0.0039482
-0.0023195
-0.0002561
0.0011307
0.0009418
-0.0006071
-0.0006952
0.0008525
0.0024258
0.0041306
0.0046159
0.0034799
0.0027732
0.0022730
0.0005219
-0.0014064
-0.0021311
-0.0035124
-0.0059159
-0.0067898
-0.0079949
-0.0103325
-0.0120385
-0.0128583
-0.0130582
-0.0132567
-0.0128561
-0.0125555
-0.0126815
-0.0133457
-0.0134266
-0.0119067
-0.0107640
-0.0110558
-0.0114994
-0.0119617
-0.0129629
-0.0113973
-0.0091396
-0.0096264
-0.0109543
-0.0115488
-0.0121995
-0.0142885
-0.0150911
-0.0139096
-0.0136818
-0.0142400
-0.0155905
-0.0173384
-0.0177452
-0.0174456
-0.0173029
-0.0179027
-0.0185201
-0.0180488
-0.0170208
-0.0163201
-0.0168243
-0.0175966
-0.0171322
-0.0157726
-0.0142541
-0.0123865
-0.0114725
-0.0124467
-0.0129858
-0.0124717
-0.0119668
-0.0121328
-0.0121260
-0.0105967
-0.0103824
-0.0115905
-0.0118361
-0.0114123
-0.0113441
-0.0129666
-0.0146013
-0.0143821
-0.0140200
-0.0146371
-0.0162252
-0.0187490
-0.0195110
-0.0186239
-0.0187334
-0.0202770
-0.0225968
-0.0227814
-0.0217181
-0.0225936
-0.0236474
-0.0229995
-0.0227986
-0.0230925
-0.0225239
-0.0229674
-0.0245812
-0.0262702
-0.0275105
-0.0284685
-0.0300424
-0.0315913
-0.0338357
-0.0369463
-0.0388526
-0.0404469
-0.0423853
-0.0427565
-0.0428775
-0.0440742
-0.0448902
-0.0459413
-0.0470308
-0.0469307
-0.0465843
-0.0466920
-0.0469103
-0.0470463
-0.0470768
-0.0472719
-0.0473334
-0.0471719
-0.0470934
-0.0456949
-0.0429853
-0.0413897
-0.0410149
-0.0389572
-0.0355083
-0.0336572
-0.0336408
-0.0332237
-0.0306209
-0.0282841
-0.0262702
-0.0238840
-0.0226463
-0.0199154
-0.0172617
-0.0171602
-0.0164107
-0.0141956
-0.0119422
-0.0097882
-0.0089166
-0.0087897
-0.0068543
-0.0047504
-0.0039656
-0.0028235
-0.0011108
0.0002484
0.0016689
0.0034820
0.0053987
0.0068549
0.0071855
0.0072753
0.0087213
0.0109650
0.0119026
0.0110844
0.0104157
0.0105835
0.0109800
0.0115813
0.0122251
0.0118102
0.0104626
0.0103429
0.0110868
0.0113375
0.0108790
0.0112875
0.0126154
0.0137878
0.0148913
0.0151423
0.0154423
0.0170958
0.0191960
0.0201419
0.0198537
0.0191723
0.0188723
0.0185022
0.0172751
0.0161172
0.0151456
0.0130506
0.0108171
0.0094020
0.0072982
0.0045717
0.0021368
-0.0003318
-0.0020177
-0.0027828
-0.0043670
-0.0061299
-0.0060550
-0.0055931
-0.0058186
-0.0059380
-0.0061949
-0.0058106
-0.0040148
-0.0017997
-0.0009598
-0.0000939
0.0021087
0.0029291
0.0018554
0.0016169
0.0022366
0.0023404
0.0023348
0.0022492
0.0022024
0.0024399
0.0025797
0.0026484
0.0026344
0.0027860
0.0033373
0.0044745
0.0064373
0.0080910
0.0083281
0.0079259
0.0089628
0.0099794
0.0087082
0.0069545
0.0072867
0.0099557
0.0122551
0.0118910
0.0105682
0.0105236
0.0107848
0.0115431
0.0140884
0.0159755
0.0155362
0.0151450
0.0152495
0.0153228
0.0157079
0.0158388
0.0160024
0.0159019
0.0157332
0.0159662
0.0158178
0.0157873
0.0158842
0.0157761
0.0160079
0.0159694
0.0158589
0.0173193
0.0199224
0.0210545
0.0210447
0.0223419
0.0241218
0.0255249
0.0269764
0.0279988
0.0281685
0.0276176
0.0272950
0.0274797
0.0276988
0.0280495
0.0278060
0.0274755
0.0277749
0.0277648
0.0277976
0.0280461
0.0280041
0.0280597
0.0296588
0.0319004
0.0323710
0.0319988
0.0320923
0.0325819
0.0326977
0.0323379
0.0334415
0.0361282
0.0376972
0.0371112
0.0356051
0.0345111
0.0337957
0.0329233
0.0323709
0.0326790
0.0332701
0.0322723
0.0306811
0.0308009
0.0317714
0.0327066
0.0323718
0.0296208
0.0270672
0.0266610
0.0272959
0.0279106
0.0277024
0.0264397
0.0245000
0.0227148
0.0224239
0.0226072
0.0212130
0.0190924
0.0176150
0.0165142
0.0154537
0.0148764
0.0147308
0.0142469
0.0129886
0.0114927
0.0109997
0.0115018
0.0117836
0.0116110
0.0113530
0.0108938
0.0107780
0.0117036
0.0123578
0.0115775
0.0106234
0.0103510
0.0108133
0.0110344
0.0104966
0.0105540
0.0105108
0.0092353
0.0071270
0.0058218
0.0053699
0.0042150
0.0026140
0.0018123
0.0025458
0.0030604
0.0030999
0.0031376
0.0030544
0.0035121
0.0037088
0.0037940
0.0032973
0.0021344
0.0009972
-0.0001291
-0.0004636
-0.0001437
-0.0002484
-0.0021926
-0.0046871
-0.0050220
-0.0043996
-0.0054629
-0.0075102
-0.0086040
-0.0086109
-0.0072393
-0.0055861
-0.0056464
-0.0068745
-0.0077444
-0.0077118
-0.0077615
-0.0087127
-0.0096927
-0.0094889
-0.0089515
-0.0089940
-0.0090288
-0.0091174
-0.0092072
-0.0091718
-0.0088853
-0.0088358
-0.0093929
-0.0086666
-0.0079497
-0.0083598
-0.0075965
-0.0066292
-0.0055135
-0.0049217
-0.0064078
-0.0074823
-0.0066235
-0.0043867
-0.0029760
-0.0037768
-0.0046826
-0.0046659
-0.0049027
-0.0064739
-0.0086591
-0.0095273
-0.0090880
-0.0089744
-0.0108542
-0.0134530
-0.0147556
-0.0157904
-0.0169225
-0.0173510
-0.0185065
-0.0205440
-0.0215686
-0.0213437
-0.0204793
-0.0202368
-0.0212060
-0.0231388
-0.0255658
-0.0277900
-0.0291092
-0.0290178
-0.0287231
-0.0289876
-0.0291558
-0.0292896
-0.0294110
-0.0294008
-0.0293537
-0.0292238
-0.0293367
-0.0296000
-0.0292764
-0.0298157
-0.0319667
-0.0340248
-0.0346173
-0.0340547
-0.0340974
-0.0354921
-0.0376665
-0.0386199
-0.0382637
-0.0381325
-0.0386688
-0.0398356
-0.0413209
-0.0418840
-0.0405268
-0.0383452
-0.0374580
-0.0378503
-0.0365783
-0.0343148
-0.0324612
-0.0307288
-0.0297947
-0.0284942
-0.0260720
-0.0246771
-0.0241942
-0.0223468
-0.0211977
-0.0214822
-0.0209927
-0.0199462
-0.0193802
-0.0199357
-0.0214275
-0.0222884
-0.0218298
-0.0217939
-0.0237286
-0.0257982
-0.0272502
-0.0293344
-0.0298551
-0.0296231
-0.0315417
-0.0335480
-0.0340335
-0.0337114
-0.0332155
-0.0333507
-0.0338776
-0.0339393
-0.0338123
-0.0337160
-0.0336607
-0.0336315
-0.0336805
-0.0338670
-0.0321273
-0.0291345
-0.0283629
-0.0292007
-0.0285051
-0.0254332
-0.0238752
-0.0249268
-0.0249726
-0.0228644
-0.0209123
-0.0210979
-0.0218363
-0.0206517
-0.0180830
-0.0169399
-0.0175971
-0.0182969
-0.0167958
-0.0135872
-0.0122087
-0.0122807
-0.0112592
-0.0096945
-0.0089662
-0.0092902
-0.0098389
-0.0096178
-0.0092374
-0.0082453
-0.0072769
-0.0072539
-0.0070351
-0.0074449
-0.0087207
-0.0091180
-0.0087895
-0.0089765
-0.0086419
-0.0082627
-0.0096048
-0.0110911
-0.0117039
-0.0115440
-0.0118126
-0.0122544
-0.0119002
-0.0117130
-0.0113432
-0.0116223
-0.0109910
-0.0088481
-0.0078629
-0.0086247
-0.0097197
-0.0091599
-0.0068410
-0.0045330
-0.0041925
-0.0047966
-0.0041653
-0.0019307
-0.0002248
-0.0003021
-0.0008829
-0.0010758
0.0001486
0.0019610
0.0021986
0.0015484
0.0012580
0.0009641
0.0001563
-0.0006791
-0.0007943
-0.0004692
-0.0000726
-0.0006676
-0.0022568
-0.0038109
-0.0050836
-0.0051620
-0.0041352
-0.0040383
-0.0045820
-0.0047334
-0.0049624
-0.0049118
-0.0047496
-0.0050089
-0.0049799
-0.0045481
-0.0047284
-0.0051390
-0.0053075
-0.0052110
-0.0044214
-0.0033625
-0.0019903
-0.0004431
-0.0003043
-0.0000061
0.0025216
0.0039231
0.0032113
0.0027092
0.0022206
0.0033812
0.0062692
0.0080479
0.0077062
0.0066204
0.0064389
0.0072902
0.0088067
0.0097426
0.0097963
0.0098315
0.0104597
0.0097937
0.0077989
0.0072744
0.0081765
0.0093186
0.0093636
0.0085000
0.0079759
0.0077812
0.0080246
0.0087313
0.0085447
0.0082016
0.0083750
0.0081142
0.0087477
0.0096352
0.0096821
0.0091515
0.0089345
0.0094470
0.0098573
0.0097982
0.0095156
0.0096830
0.0105131
0.0118593
0.0124650
0.0124720
0.0125028
0.0125450
0.0124550
0.0124188
0.0125795
0.0124076
0.0126132
0.0125226
0.0121741
0.0117019
0.0099835
0.0094514
0.0092820
0.0078253
0.0076176
0.0080254
0.0075307
0.0072731
0.0073511
0.0062085
0.0040871
0.0021992
0.0022626
0.0034057
0.0023620
-0.0004121
-0.0020484
-0.0018905
-0.0010617
-0.0006772
-0.0012684
-0.0020635
-0.0033042
-0.0045750
-0.0050214
-0.0050990
-0.0045960
-0.0046148
-0.0057246
-0.0077820
-0.0098968
-0.0103292
-0.0111705
-0.0131038
-0.0133905
-0.0130749
-0.0146641
-0.0163632
-0.0172329
-0.0173282
-0.0163720
-0.0165627
-0.0173073
-0.0172222
-0.0171410
-0.0172821
-0.0174923
-0.0173491
-0.0175050
-0.0177631
-0.0175248
-0.0182129
-0.0202166
-0.0219335
-0.0220610
-0.0213007
-0.0210649
-0.0220724
-0.0230959
-0.0220490
-0.0205397
-0.0209737
-0.0215624
-0.0208795
-0.0190127
-0.0165963
-0.0162714
-0.0174566
-0.0175014
-0.0172858
-0.0173266
-0.0170256
-0.0169366
-0.0171855
-0.0176833
-0.0175172
-0.0172871
-0.0183298
-0.0189785
-0.0189051
-0.0193936
-0.0197550
-0.0206355
-0.0215318
-0.0203456
-0.0183768
-0.0168821
-0.0175013
-0.0187906
-0.0180715
-0.0178934
-0.0178710
-0.0174401
-0.0178420
-0.0175565
-0.0174206
-0.0177819
-0.0173138
-0.0171247
-0.0174000
-0.0173348
-0.0181452
-0.0202106
-0.0219972
-0.0220735
-0.0211006
-0.0206517
-0.0216432
-0.0239334
-0.0263558
-0.0273530
-0.0260480
-0.0252691
-0.0257626
-0.0263249
-0.0265192
-0.0263072
-0.0265101
-0.0263866
-0.0261906
-0.0262730
-0.0263739
-0.0264251
-0.0264882
-0.0262070
-0.0259315
-0.0262653
-0.0263117
-0.0248432
-0.0220201
-0.0206223
-0.0211509
-0.0221183
-0.0221737
-0.0214344
-0.0212451
-0.0211697
-0.0212383
-0.0228722
-0.0254174
-0.0264923
-0.0262503
-0.0254688
-0.0257068
-0.0266003
-0.0263039
-0.0264569
-0.0271185
-0.0280473
-0.0296338
-0.0305808
-0.0313254
-0.0309885
-0.0302423
-0.0311120
-0.0311565
-0.0302816
-0.0304126
-0.0310130
-0.0306977
-0.0301355
-0.0301444
-0.0301297
-0.0302810
-0.0288980
-0.0262275
-0.0254967
-0.0258655
-0.0259198
-0.0261874
-0.0262320
-0.0252723
-0.0234596
-0.0214062
-0.0213085
-0.0225598
-0.0226157
-0.0224429
-0.0220144
-0.0221078
-0.0227498
-0.0224871
-0.0224326
-0.0224332
-0.0220264
-0.0215384
-0.0211201
-0.0199550
-0.0181258
-0.0176722
-0.0181420
-0.0184058
-0.0171993
-0.0150536
-0.0133660
-0.0131108
-0.0126058
-0.0100688
-0.0093488
-0.0097290
-0.0086536
-0.0062426
-0.0048521
-0.0060538
-0.0065527
-0.0064382
-0.0064871
-0.0067827
-0.0090582
-0.0109920
-0.0107574
-0.0099628
-0.0095184
-0.0097179
-0.0101480
-0.0098753
-0.0081672
-0.0057304
-0.0044901
-0.0049544
-0.0059287
-0.0058984
-0.0044065
-0.0022769
-0.0006414
0.0001934
0.0013526
0.0028516
0.0032815
0.0027177
0.0032521
0.0055373
0.0072629
0.0072784
0.0067344
0.0065493
0.0064470
0.0068752
0.0072170
0.0055594
0.0029159
0.0015634
0.0021351
0.0028220
0.0029889
0.0044041
0.0063464
0.0067334
0.0059836
0.0056907
0.0058326
0.0062097
0.0068010
0.0076813
0.0090278
0.0099199
0.0103374
0.0099680
0.0090642
0.0086930
0.0076950
0.0061174
0.0048723
0.0033078
0.0019257
0.0014189
0.0004670
-0.0023903
-0.0059797
-0.0076233
-0.0082466
-0.0094027
-0.0101398
-0.0102194
-0.0101100
-0.0099899
-0.0100614
-0.0104043
-0.0102862
-0.0106846
-0.0126814
-0.0147660
-0.0152369
-0.0143250
-0.0139619
-0.0146095
-0.0149091
-0.0147306
-0.0150335
-0.0150435
-0.0150526
-0.0154940
-0.0153653
-0.0150640
-0.0136011
-0.0113098
-0.0103134
-0.0110771
-0.0118570
-0.0114533
-0.0111159
-0.0107154
-0.0101213
-0.0080966
-0.0058768
-0.0057159
-0.0050451
-0.0032953
-0.0022659
-0.0017552
0.0000025
0.0022377
0.0037577
0.0053827
0.0073460
0.0093878
0.0114367
0.0129993
0.0137828
0.0147812
0.0165408
0.0177014
0.0174433
0.0168792
0.0167036
0.0169571
0.0170951
0.0170162
0.0163018
0.0139572
0.0118942
0.0122948
0.0132965
0.0130621
0.0121898
0.0119929
0.0129326
0.0135363
0.0133826
0.0116508
0.0088878
0.0088473
0.0115027
0.0140962
0.0148555
0.0135845
0.0129415
0.0129452
0.0116733
0.0099462
0.0090163
0.0107837
0.0136712
0.0145743
0.0137727
0.0122157
0.0124824
0.0137778
0.0134610
0.0131901
0.0141726
0.0158355
0.0169835
0.0173357
0.0174371
0.0172472
0.0180035
0.0185334
0.0173894
0.0169809
0.0172451
0.0173401
0.0178589
0.0176265
0.0172643
0.0174118
0.0173955
0.0173435
0.0151370
0.0124856
0.0128296
0.0141370
0.0140403
0.0130079
0.0107729
0.0086112
0.0088064
0.0092071
0.0096104
0.0098022
0.0089608
0.0087422
0.0089161
0.0091222
0.0092210
0.0090597
0.0090005
0.0091369
0.0089658
0.0087779
0.0093699
0.0094844
0.0096117
0.0114762
0.0131412
0.0129479
0.0126962
0.0133081
0.0149692
0.0173325
0.0181781
0.0172513
0.0166863
0.0173653
0.0193129
0.0217613
0.0224270
0.0215815
0.0209227
0.0211028
0.0214661
0.0199437
0.0168805
0.0161268
0.0172482
0.0176211
0.0176234
0.0166835
0.0162247
0.0168727
0.0170392
0.0168561
0.0167765
0.0167601
0.0168592
0.0167458
0.0165890
0.0181298
0.0194212
0.0200742
0.0210698
0.0212822
0.0220365
0.0237564
0.0258613
0.0273027
0.0293555
0.0304495
0.0287698
0.0284840
0.0295319
0.0295063
0.0305155
0.0335441
0.0343478
0.0335434
0.0331323
0.0322327
0.0331006
0.0341611
0.0331354
0.0331992
0.0353568
0.0377233
0.0387790
0.0376352
0.0367929
0.0373694
0.0379432
0.0379789
0.0385786
0.0405681
0.0418687
0.0422647
0.0424859
0.0437105
0.0459816
0.0466445
0.0458821
0.0456552
0.0454221
0.0456893
0.0463482
0.0455126
0.0453481
0.0458634
0.0455171
0.0457069
0.0458399
0.0454772
0.0451232
0.0435743
0.0418388
0.0418351
0.0422576
0.0413549
0.0410397
0.0417658
0.0413313
0.0412676
0.0417703
0.0411767
0.0409421
0.0416712
0.0414974
0.0416287
0.0445320
0.0469320
0.0462987
0.0448473
0.0444059
0.0452372
0.0456120
0.0451260
0.0457069
0.0455955
0.0444361
0.0454525
0.0459014
0.0439218
0.0419218
0.0403308
0.0403732
0.0415573
0.0399109
0.0369229
0.0364120
0.0369828
0.0371352
0.0372072
0.0360149
0.0330668
0.0318706
0.0327425
0.0336958
0.0342969
0.0331492
0.0322731
0.0330164
0.0330190
0.0317755
0.0304954
0.0308688
0.0334496
0.0351050
0.0332678
0.0324408
0.0334474
0.0320426
0.0299942
0.0288879
0.0288753
0.0299657
0.0297920
0.0292769
0.0298284
0.0291506
0.0285460
0.0287698
0.0289449
0.0299098
0.0303612
0.0296531
0.0290079
0.0295242
0.0303057
0.0294459
0.0286811
0.0301337
0.0300547
0.0288160
0.0295968
0.0304142
0.0314961
0.0332639
0.0341387
0.0334000
0.0335087
0.0341689
0.0345361
0.0366000
0.0379034
0.0380343
0.0377411
0.0375167
0.0379727
0.0371988
0.0343763
0.0321436
0.0333429
0.0343062
0.0339826
0.0341867
0.0321754
0.0296237
0.0290750
0.0291561
0.0299028
0.0301876
0.0294095
0.0289451
0.0286150
0.0299515
0.0304662
0.0285100
0.0293435
0.0303745
0.0293347
0.0296241
0.0297020
0.0296664
0.0309164
0.0334119
0.0348020
0.0338532
0.0334097
0.0331268
0.0338487
0.0359594
0.0368711
0.0374246
0.0390076
0.0385710
0.0366357
0.0371125
0.0388065
0.0385876
0.0370354
0.0367637
0.0353547
0.0331544
0.0333392
0.0339887
0.0347293
0.0360714
0.0372512
0.0384114
0.0383928
0.0373963
0.0374139
0.0378724
0.0357490
0.0332740
0.0337493
0.0401519
0.0397491
0.0394458
0.0399464
0.0394985
0.0380648
0.0360120
0.0340040
0.0344776
0.0355129
0.0355454
0.0343466
0.0318203
0.0296719
0.0278459
0.0257752
0.0257730
0.0267131
0.0250465
0.0249919
0.0262218
0.0243644
0.0226443
0.0215762
0.0195584
0.0195780
0.0194643
0.0170824
0.0155340
0.0149572
0.0164136
0.0163607
0.0137645
0.0118736
0.0103183
0.0106787
0.0117900
0.0110123
0.0100200
0.0106426
0.0105657
0.0095855
0.0098749
0.0103291
0.0099329
0.0095481
0.0092536
0.0084983
0.0067561
0.0053941
0.0053194
0.0054698
0.0050327
0.0043048
0.0046814
0.0044950
0.0042064
0.0044087
0.0022634
0.0002460
-0.0004615
-0.0008332
-0.0000409
0.0000367
-0.0001430
-0.0002747
-0.0015937
-0.0033781
-0.0049883
-0.0055466
-0.0054107
-0.0055289
-0.0066381
-0.0089209
-0.0107344
-0.0101393
-0.0084655
-0.0085212
-0.0095958
-0.0106287
-0.0117415
-0.0124918
-0.0136888
-0.0146157
-0.0139542
-0.0143634
-0.0151737
-0.0161810
-0.0192305
-0.0200734
-0.0187512
-0.0197443
-0.0220449
-0.0242251
-0.0252366
-0.0238101
-0.0232187
-0.0246722
-0.0246381
-0.0241883
-0.0250670
-0.0248252
-0.0244761
-0.0251031
-0.0253207
-0.0248436
-0.0249057
-0.0257370
-0.0261497
-0.0266244
-0.0282116
-0.0292052
-0.0289354
-0.0294328
-0.0301670
-0.0301706
-0.0293829
-0.0296855
-0.0308838
-0.0302430
-0.0298999
-0.0304113
-0.0301804
-0.0306912
-0.0318636
-0.0319307
-0.0315376
-0.0307379
-0.0295855
-0.0305979
-0.0315040
-0.0303843
-0.0300508
-0.0288396
-0.0263292
-0.0259875
-0.0266315
-0.0268909
-0.0270128
-0.0266825
-0.0255245
-0.0231983
-0.0218727
-0.0226450
-0.0232395
-0.0232501
-0.0228400
-0.0221050
-0.0225151
-0.0231258
-0.0224140
-0.0218520
-0.0225560
-0.0230236
-0.0226121
-0.0220404
-0.0223469
-0.0230027
-0.0235039
-0.0259331
-0.0277359
-0.0261208
-0.0254730
-0.0274580
-0.0296409
-0.0309718
-0.0305275
-0.0293217
-0.0292604
-0.0302044
-0.0305024
-0.0296225
-0.0295816
-0.0298679
-0.0297773
-0.0296286
-0.0285051
-0.0261650
-0.0248737
-0.0261234
-0.0263649
-0.0259325
-0.0261460
-0.0260859
-0.0273406
-0.0288712
-0.0295273
-0.0293560
-0.0286577
-0.0288341
-0.0293232
-0.0292006
-0.0291776
-0.0291889
-0.0285620
-0.0292689
-0.0316939
-0.0329636
-0.0323819
-0.0311789
-0.0306873
-0.0313842
-0.0322020
-0.0320747
-0.0322686
-0.0339565
-0.0350025
-0.0350170
-0.0350625
-0.0345205
-0.0340923
-0.0347520
-0.0363759
-0.0379768
-0.0381255
-0.0370138
-0.0362520
-0.0366637
-0.0372017
-0.0364188
-0.0362523
-0.0366008
-0.0360449
-0.0360662
-0.0358379
-0.0352392
-0.0355854
-0.0353904
-0.0346621
-0.0350363
-0.0351649
-0.0344855
-0.0338808
-0.0344264
-0.0357369
-0.0371627
-0.0376674
-0.0368550
-0.0366360
-0.0374920
-0.0396203
-0.0404883
-0.0393846
-0.0384603
-0.0385798
-0.0391487
-0.0387137
-0.0383952
-0.0383174
-0.0380162
-0.0377652
-0.0377696
-0.0376524
-0.0360416
-0.0340338
-0.0330817
-0.0332298
-0.0337243
-0.0328223
-0.0305373
-0.0286935
-0.0289886
-0.0298840
-0.0295203
-0.0289246
-0.0285520
-0.0285944
-0.0284795
-0.0279553
-0.0272511
-0.0268075
-0.0268790
-0.0267241
-0.0258695
-0.0239519
-0.0231253
-0.0237555
-0.0239046
-0.0236216
-0.0232106
-0.0229569
-0.0228842
-0.0228650
-0.0225875
-0.0224748
-0.0224622
-0.0215533
-0.0197910
-0.0183454
-0.0186604
-0.0190707
-0.0186726
-0.0185194
-0.0182576
-0.0179236
-0.0176286
-0.0178375
-0.0178619
-0.0171033
-0.0164473
-0.0149676
-0.0135035
-0.0137122
-0.0137818
-0.0137689
-0.0137454
-0.0131326
-0.0132114
-0.0131996
-0.0126800
-0.0118631
-0.0101769
-0.0094927
-0.0098958
-0.0098625
-0.0096700
-0.0085331
-0.0068193
-0.0061888
-0.0060785
-0.0048829
-0.0035491
-0.0031885
-0.0035092
-0.0038888
-0.0035620
-0.0022789
-0.0016036
-0.0010248
-0.0002799
-0.0009267
-0.0006713
-0.0001408
-0.0005622
-0.0003961
-0.0000591
-0.0002883
-0.0004663
-0.0002284
0.0003130
0.0013731
0.0026995
0.0031171
0.0023659
0.0019894
0.0024720
0.0026180
0.0025465
0.0027490
0.0031739
0.0038112
0.0036223
0.0032186
0.0042783
0.0052702
0.0052608
0.0052077
0.0046310
0.0045909
0.0052240
0.0051921
0.0048129
0.0048820
0.0050262
0.0047934
0.0049587
0.0050503
0.0049889
0.0048456
0.0038371
0.0026005
0.0022151
0.0027048
0.0031732
0.0026425
0.0008792
-0.0001842
0.0003834
0.0007591
0.0008741
0.0006288
0.0004880
0.0007529
0.0006206
0.0008193
0.0008513
0.0009008
0.0016618
0.0024143
0.0029254
0.0031419
0.0030696
0.0030043
0.0030411
0.0030854
0.0026625
0.0025193
0.0029476
0.0030471
0.0031496
0.0031825
0.0036676
0.0039604
0.0034091
0.0041236
0.0053874
0.0053205
0.0047537
0.0046345
0.0050204
0.0055228
0.0061755
0.0069498
0.0068063
0.0063549
0.0065229
0.0071080
0.0080176
0.0086658
0.0090048
0.0091388
0.0095162
0.0102110
0.0102756
0.0105871
0.0115257
0.0117586
0.0113184
0.0108350
0.0109573
0.0120079
0.0128215
0.0126614
0.0122860
0.0119657
0.0118926
0.0120002
0.0118541
0.0115639
0.0114164
0.0114895
0.0112757
0.0108536
0.0098840
0.0088374
0.0088705
0.0090143
0.0089010
0.0087992
0.0084583
0.0081997
0.0083349
0.0084241
0.0077945
0.0078330
0.0081584
0.0076011
0.0073724
0.0067040
0.0057198
0.0054804
0.0058991
0.0062801
0.0058422
0.0051958
0.0051137
0.0054429
0.0058631
0.0063840
0.0065746
0.0061412
0.0056227
0.0058207
0.0063189
0.0060945
0.0057224
0.0057170
0.0055688
0.0055168
0.0054217
0.0046486
0.0037512
0.0034149
0.0036542
0.0038174
0.0035237
0.0034452
0.0034155
0.0032112
0.0031990
0.0031072
0.0030719
0.0031529
0.0028886
0.0027671
0.0028786
0.0027819
0.0026328
0.0026937
0.0033418
0.0038020
0.0035716
0.0034721
0.0033852
0.0030887
0.0031873
0.0035858
0.0039173
0.0039123
0.0037038
0.0037409
0.0037874
0.0036335
0.0032749
0.0027652
0.0021997
0.0018851
0.0017555
0.0013898
0.0007316
0.0003937
0.0004252
0.0001460
-0.0005945
-0.0014104
-0.0017891
-0.0020261
-0.0019249
-0.0016131
-0.0017237
-0.0021326
-0.0027008
-0.0031106
-0.0030958
-0.0028445
-0.0027678
-0.0029291
-0.0031932
-0.0035659
-0.0040185
-0.0040743
-0.0038044
-0.0036759
-0.0037663
-0.0042422
-0.0047752
-0.0048823
-0.0045502
-0.0044144
-0.0045058
-0.0044797
-0.0047479
-0.0052347
-0.0054672
-0.0052177
-0.0049211
-0.0050331
-0.0054846
-0.0058916
-0.0057667
-0.0054444
-0.0056505
-0.0061143
-0.0062611
-0.0060555
-0.0057653
-0.0056832
-0.0057005
-0.0058174
-0.0060676
-0.0062076
-0.0060511
-0.0058773
-0.0057708
-0.0056083
-0.0055554
-0.0055120
-0.0053538
-0.0052115
-0.0051103
-0.0049769
-0.0048811
-0.0047275
-0.0046433
-0.0046383
-0.0044057
-0.0042433
-0.0042216
-0.0041027
-0.0040012
-0.0038147
-0.0036908
-0.0037101
-0.0034989
-0.0033205
-0.0033321
-0.0032356
-0.0030303
-0.0029125
-0.0029104
-0.0028075
-0.0026346
-0.0025196
-0.0024254
-0.0023201
-0.0022739
-0.0021589
-0.0019673
-0.0019665
-0.0018998
-0.0017317
-0.0016672
-0.0015460
-0.0014647
-0.0014100
-0.0012799
-0.0012001
-0.0010702
-0.0010261
-0.0009750
-0.0007787
-0.0006932
-0.0005714
-0.0004806
-0.0005078
-0.0004597
-0.0003461
-0.0002356
-0.0000501
0.0001077
0.0001449
0.0001026
0.0000348
0.0002171
0.0004005
0.0003474
0.0003798
0.0002956
0.0001174
0.0002753
0.0004657
0.0005184
0.0005768
0.0006519
0.0007422
0.0008396
0.0009094
0.0009925
0.0011901
0.0014271
0.0016038
0.0016593
0.0016636
0.0017213
0.0018450
0.0019054
0.0018940
0.0019800
0.0021181
0.0021339
0.0021561
0.0022559
0.0022730
0.0023122
0.0024455
0.0024718
0.0024449
0.0025704
0.0026675
0.0026382
0.0026756
0.0027652
0.0027935
0.0028355
0.0028788
0.0029229
0.0029769
0.0029991
0.0030507
0.0031051
0.0031039
0.0031413
0.0032181
0.0032397
0.0032516
0.0032750
0.0033444
0.0033766
0.0033828
0.0034856
0.0035159
0.0034896
0.0035565
0.0035947
0.0035592
0.0035616
0.0036100
0.0036321
0.0036411
0.0036790
0.0037153
0.0037129
0.0037190
0.0037584
0.0037704
0.0037798
0.0038062
0.0038319
0.0038898
0.0039750
0.0039844
0.0039550
0.0039471
0.0039472
0.0039734
0.0039728
0.0039471
0.0039769
0.0040510
0.0040552
0.0040011
0.0039331
0.0038829
0.0038808
0.0038909
0.0038783
0.0038011
0.0037491
0.0037719
0.0037754
0.0037709
0.0037508
0.0036985
0.0036613
0.0036431
0.0036463
0.0036665
0.0036512
0.0036105
0.0036105
0.0036122
0.0035917
0.0035796
0.0035571
0.0035422
0.0035379
0.0035069
0.0034798
0.0034701
0.0034450
0.0034166
0.0033943
0.0033610
0.0033281
0.0032965
0.0032594
0.0032353
0.0032151
0.0031832
0.0031522
0.0031234
0.0030891
0.0030537
0.0030151
0.0029743
0.0029382
0.0028970
0.0028532
0.0028126
0.0027700
0.0027244
0.0026734
0.0026228
0.0025748
0.0025239
0.0024712
0.0024156
0.0023553
0.0022941
0.0022342
0.0021752
0.0021142
0.0020494
0.0019818
0.0019133
0.0018449
0.0017764
0.0017063
0.0016348
0.0015628
0.0014895
0.0014150
0.0013396
0.0012632
0.0011864
0.0011088
0.0010304
0.0009513
0.0008714
0.0007908
