0.0002856
0.0003920
0.0005301
0.0005329
0.0004834
0.0003490
0.0001682
-0.0000404
-0.0002675
-0.0005017
-0.0007323
-0.0009343
-0.0010794
-0.0011634
-0.0011961
-0.0011822
-0.0011320
-0.0010693
-0.0010106
-0.0009601
-0.0009199
-0.0008849
-0.0008492
-0.0008234
-0.0008108
-0.0007897
-0.0007491
-0.0007022
-0.0006558
-0.0005940
-0.0005050
-0.0004064
-0.0003188
-0.0002460
-0.0001925
-0.0001549
-0.0001259
-0.0001147
-0.0001155
-0.0001175
-0.0001205
-0.0001128
-0.0001019
-0.0001060
-0.0001147
-0.0001153
-0.0001164
-0.0001322
-0.0001644
-0.0002060
-0.0002433
-0.0002521
-0.0002198
-0.0001770
-0.0001753
-0.0002214
-0.0002717
-0.0002965
-0.0003011
-0.0002886
-0.0002722
-0.0002653
-0.0002537
-0.0002405
-0.0002226
-0.0001664
-0.0000982
-0.0000786
-0.0000728
0.0000034
0.0001222
0.0001847
0.0001758
0.0001252
0.0000527
-0.0000073
-0.0000391
-0.0000529
-0.0000675
-0.0001126
-0.0001776
-0.0002214
-0.0002605
-0.0002760
-0.0001979
-0.0000865
-0.0000817
-0.0001900
-0.0003172
-0.0004596
-0.0006409
-0.0007811
-0.0008305
-0.0008270
-0.0007332
-0.0004754
-0.0000784
0.0003470
0.0006346
0.0007004
0.0006302
0.0005560
0.0005210
0.0004801
0.0004314
0.0004126
0.0004058
0.0003451
0.0002082
0.0000846
-0.0000076
-0.0001875
-0.0004225
-0.0005277
-0.0004788
-0.0004205
-0.0003969
-0.0003435
-0.0003255
-0.0004700
-0.0007518
-0.0010519
-0.0011605
-0.0008937
-0.0004929
-0.0003151
-0.0003092
-0.0002414
-0.0000821
0.0000858
0.0002585
0.0004357
0.0005981
0.0006905
0.0007354
0.0007671
0.0007039
0.0005309
0.0003714
0.0003695
0.0004673
0.0004423
0.0002432
-0.0000236
-0.0003489
-0.0006574
-0.0007628
-0.0007923
-0.0009673
-0.0011013
-0.0010326
-0.0009870
-0.0011993
-0.0015569
-0.0017658
-0.0018185
-0.0017783
-0.0013666
-0.0005242
0.0001933
0.0004074
0.0004368
0.0006222
0.0009190
0.0011835
0.0013005
0.0012818
0.0012500
0.0011830
0.0008789
0.0002976
-0.0004323
-0.0012867
-0.0021881
-0.0028310
-0.0029485
-0.0028579
-0.0029255
-0.0026654
-0.0017997
-0.0009611
-0.0005697
-0.0004610
-0.0004294
-0.0002962
0.0000731
0.0004274
0.0005917
0.0009010
0.0013957
0.0017414
0.0017760
0.0014546
0.0009710
0.0005410
0.0001273
-0.0003485
-0.0009508
-0.0014042
-0.0013351
-0.0008887
-0.0004706
-0.0003347
-0.0004230
-0.0005986
-0.0008238
-0.0010587
-0.0012728
-0.0014009
-0.0015297
-0.0018124
-0.0022089
-0.0026140
-0.0029876
-0.0032778
-0.0031071
-0.0020492
-0.0004327
0.0006938
0.0007914
0.0005420
0.0007658
0.0013198
0.0016673
0.0017278
0.0015064
0.0008295
0.0000439
-0.0002023
-0.0000726
-0.0001998
-0.0006988
-0.0012858
-0.0016386
-0.0016756
-0.0015417
-0.0013138
-0.0010524
-0.0007830
-0.0005764
-0.0004753
-0.0002716
0.0000456
0.0001908
0.0001224
0.0001516
0.0005185
0.0010774
0.0016104
0.0017575
0.0011874
0.0001414
-0.0011370
-0.0024423
-0.0031967
-0.0030707
-0.0025715
-0.0023171
-0.0022025
-0.0020441
-0.0019755
-0.0020017
-0.0020559
-0.0020526
-0.0016959
-0.0010187
-0.0006774
-0.0007635
-0.0008066
-0.0009520
-0.0014010
-0.0019598
-0.0023102
-0.0021107
-0.0015068
-0.0009329
-0.0006215
-0.0006344
-0.0007957
-0.0008534
-0.0008045
-0.0006633
-0.0004211
-0.0001485
0.0005533
0.0017997
0.0028307
0.0031260
0.0026514
0.0017277
0.0007679
-0.0002706
-0.0013190
-0.0019800
-0.0022898
-0.0026212
-0.0030342
-0.0032767
-0.0035170
-0.0042138
-0.0046988
-0.0035307
-0.0010761
0.0005432
0.0007042
0.0004740
0.0002895
0.0002297
0.0006243
0.0013590
0.0019383
0.0020870
0.0021732
0.0024150
0.0021557
0.0013011
0.0005447
0.0001092
-0.0000030
0.0001283
0.0002208
0.0001514
0.0000092
-0.0000944
-0.0001656
-0.0000476
0.0006096
0.0018005
0.0027882
0.0029200
0.0027972
0.0028139
0.0022235
0.0010708
0.0002232
-0.0001759
-0.0003983
0.0000619
0.0014938
0.0028673
0.0032959
0.0025393
0.0008118
-0.0007568
-0.0013607
-0.0017820
-0.0024051
-0.0018407
0.0006566
0.0041609
0.0071414
0.0082832
0.0075895
0.0064284
0.0056019
0.0045127
0.0029583
0.0017223
0.0010520
0.0002362
-0.0008765
-0.0017415
-0.0026433
-0.0033787
-0.0025038
-0.0004642
0.0003688
-0.0007074
-0.0022120
-0.0028310
-0.0023110
-0.0014096
-0.0010212
-0.0007566
0.0008148
0.0039645
0.0064256
0.0068576
0.0062563
0.0044881
0.0006689
-0.0039348
-0.0069597
-0.0077470
-0.0066044
-0.0041880
-0.0021904
-0.0013604
-0.0011116
-0.0009563
-0.0008322
-0.0011065
-0.0013351
-0.0001030
0.0028700
0.0069140
0.0110851
0.0135413
0.0128813
0.0087573
0.0027464
-0.0008844
0.0001898
0.0031168
0.0044416
0.0044974
0.0044057
0.0030795
0.0001904
-0.0022070
-0.0026021
-0.0018823
-0.0011210
-0.0000481
0.0012826
0.0022571
0.0029233
0.0038043
0.0044679
0.0035201
0.0010762
-0.0005642
0.0002788
0.0025700
0.0041209
0.0044640
0.0045523
0.0048261
0.0049372
0.0035319
-0.0001643
-0.0040042
-0.0051749
-0.0034036
-0.0000864
0.0030934
0.0046189
0.0039328
0.0012740
-0.0019552
-0.0036679
-0.0034421
-0.0027286
-0.0024012
-0.0020539
-0.0013580
-0.0006600
-0.0007935
-0.0013918
-0.0012974
-0.0004880
0.0003081
0.0001332
-0.0000834
0.0021647
0.0060959
0.0081802
0.0069844
0.0043053
0.0028063
0.0033311
0.0049418
0.0061341
0.0050283
0.0008204
-0.0041192
-0.0065279
-0.0068948
-0.0071734
-0.0061565
-0.0027853
0.0006529
0.0019500
0.0011238
-0.0004133
-0.0014282
-0.0015767
-0.0007371
-0.0001598
-0.0008364
-0.0003887
0.0031748
0.0075840
0.0098272
0.0093122
0.0068225
0.0037898
0.0008263
-0.0032319
-0.0082102
-0.0118583
-0.0134070
-0.0128140
-0.0087580
-0.0012916
0.0059052
0.0086733
0.0074442
0.0060323
0.0064699
0.0077120
0.0079113
0.0066193
0.0043794
0.0016121
-0.0007125
-0.0010625
0.0003673
0.0015715
0.0017184
0.0005974
-0.0025234
-0.0073802
-0.0117567
-0.0128510
-0.0109286
-0.0088885
-0.0082713
-0.0086840
-0.0092504
-0.0089588
-0.0075465
-0.0063634
-0.0059443
-0.0053309
-0.0045676
-0.0039115
-0.0037450
-0.0047495
-0.0045463
-0.0007635
0.0036473
0.0052286
0.0049558
0.0048609
0.0050166
0.0044692
0.0025010
-0.0009049
-0.0051428
-0.0091806
-0.0118591
-0.0129145
-0.0132557
-0.0131049
-0.0115435
-0.0082222
-0.0042510
-0.0009662
0.0016171
0.0041951
0.0072743
0.0109723
0.0146257
0.0178864
0.0214175
0.0247336
0.0256698
0.0227246
0.0164377
0.0088510
0.0018418
-0.0036003
-0.0067519
-0.0076338
-0.0076072
-0.0085114
-0.0107528
-0.0129119
-0.0140823
-0.0139871
-0.0119562
-0.0085295
-0.0050724
-0.0017304
0.0013837
0.0032444
0.0039924
0.0047132
0.0054051
0.0055206
0.0049761
0.0048493
0.0054833
0.0054650
0.0054385
0.0076215
0.0131186
0.0196339
0.0225926
0.0218156
0.0199754
0.0182681
0.0168026
0.0143437
0.0093767
0.0025811
-0.0029203
-0.0056800
-0.0068319
-0.0068363
-0.0062699
-0.0062201
-0.0070612
-0.0080560
-0.0085739
-0.0092759
-0.0090889
-0.0060155
-0.0007611
0.0051299
0.0111742
0.0165591
0.0199939
0.0217918
0.0228624
0.0229417
0.0224293
0.0220416
0.0214444
0.0203559
0.0194511
0.0194032
0.0193543
0.0188210
0.0174372
0.0141025
0.0097545
0.0061682
0.0041280
0.0037282
0.0041063
0.0041251
0.0036455
0.0032559
0.0031995
0.0029767
0.0020492
0.0010914
0.0010118
0.0011000
0.0002614
-0.0012622
-0.0019734
-0.0006461
0.0020051
0.0048930
0.0071707
0.0075402
0.0058450
0.0031348
-0.0004638
-0.0052466
-0.0102536
-0.0138627
-0.0150368
-0.0138377
-0.0114002
-0.0094921
-0.0091601
-0.0101834
-0.0108874
-0.0102072
-0.0093070
-0.0091555
-0.0095475
-0.0089288
-0.0053141
0.0003446
0.0045979
0.0062863
0.0065515
0.0063074
0.0069800
0.0096357
0.0141423
0.0185729
0.0200319
0.0202598
0.0232537
0.0275640
0.0296978
0.0299194
0.0292202
0.0274066
0.0251732
0.0225988
0.0188850
0.0143784
0.0102775
0.0078515
0.0075126
0.0076895
0.0065982
0.0059920
0.0090294
0.0147416
0.0202310
0.0246335
0.0276657
0.0291024
0.0295163
0.0297153
0.0294370
0.0272047
0.0229217
0.0179083
0.0124727
0.0068079
0.0014811
-0.0036082
-0.0081523
-0.0109116
-0.0114634
-0.0113149
-0.0127700
-0.0170535
-0.0238152
-0.0313020
-0.0367143
-0.0388964
-0.0398856
-0.0412719
-0.0413455
-0.0380356
-0.0320102
-0.0250699
-0.0172910
-0.0088228
-0.0030480
-0.0026565
-0.0051888
-0.0067522
-0.0066619
-0.0065023
-0.0072982
-0.0083255
-0.0090073
-0.0100028
-0.0095216
-0.0055561
-0.0007573
0.0009191
-0.0019850
-0.0071119
-0.0106303
-0.0115184
-0.0108771
-0.0084019
-0.0027959
0.0039330
0.0079891
0.0084918
0.0068423
0.0043162
0.0012687
-0.0023816
-0.0058338
-0.0074280
-0.0067667
-0.0052872
-0.0042663
-0.0040350
-0.0048043
-0.0058055
-0.0062992
-0.0068402
-0.0080654
-0.0101423
-0.0131371
-0.0178455
-0.0235984
-0.0283369
-0.0316092
-0.0339269
-0.0358643
-0.0380908
-0.0402401
-0.0412217
-0.0408360
-0.0390575
-0.0350910
-0.0285520
-0.0206347
-0.0136917
-0.0103502
-0.0114939
-0.0153570
-0.0199423
-0.0241770
-0.0270686
-0.0286695
-0.0301332
-0.0304862
-0.0264497
-0.0175835
-0.0079022
0.0002817
0.0073937
0.0124260
0.0143668
0.0140408
0.0130257
0.0118978
0.0095291
0.0045797
-0.0022122
-0.0079780
-0.0117242
-0.0154475
-0.0200774
-0.0244712
-0.0273667
-0.0277121
-0.0253466
-0.0230836
-0.0231606
-0.0226835
-0.0188773
-0.0130073
-0.0081228
-0.0065588
-0.0079889
-0.0112319
-0.0161925
-0.0223202
-0.0275293
-0.0295107
-0.0296255
-0.0304801
-0.0292247
-0.0225820
-0.0137689
-0.0083119
-0.0075182
-0.0082410
-0.0066445
-0.0006720
0.0094863
0.0219863
0.0337124
0.0403385
0.0394251
0.0331801
0.0252648
0.0173755
0.0107000
0.0070037
0.0060917
0.0052343
0.0023532
-0.0019299
-0.0053613
-0.0063209
-0.0042026
0.0010074
0.0077074
0.0135198
0.0180157
0.0219858
0.0255139
0.0287783
0.0324700
0.0369225
0.0424301
0.0479503
0.0501243
0.0475632
0.0422128
0.0354039
0.0267980
0.0162000
0.0042622
-0.0082353
-0.0216014
-0.0352561
-0.0458848
-0.0510215
-0.0503691
-0.0442615
-0.0338049
-0.0201280
-0.0047909
0.0086856
0.0166753
0.0191526
0.0195412
0.0204481
0.0218199
0.0214163
0.0169822
0.0084349
-0.0027498
-0.0135999
-0.0220487
-0.0287418
-0.0345549
-0.0400003
-0.0455328
-0.0503600
-0.0529782
-0.0527821
-0.0494320
-0.0427356
-0.0336754
-0.0220390
-0.0069083
0.0102623
0.0262952
0.0372317
0.0411234
0.0398427
0.0364003
0.0328475
0.0298293
0.0270495
0.0240623
0.0212214
0.0207061
0.0247368
0.0315305
0.0357083
0.0348192
0.0312280
0.0276531
0.0256112
0.0265290
0.0317069
0.0394036
0.0441833
0.0430601
0.0379487
0.0316995
0.0252741
0.0177091
0.0087635
0.0001883
-0.0064064
-0.0095875
-0.0073254
-0.0003474
0.0071949
0.0122187
0.0139434
0.0132018
0.0122429
0.0114905
0.0090573
0.0041049
-0.0023934
-0.0082097
-0.0113519
-0.0125789
-0.0132884
-0.0123467
-0.0085185
-0.0026504
0.0026037
0.0047250
0.0032441
-0.0016379
-0.0088724
-0.0170376
-0.0258924
-0.0334077
-0.0364101
-0.0348946
-0.0303154
-0.0233177
-0.0152273
-0.0077791
-0.0018288
0.0019639
0.0035742
0.0042191
0.0043113
0.0037717
0.0032514
0.0027584
0.0017129
-0.0003946
-0.0032665
-0.0052260
-0.0050851
-0.0036865
-0.0032291
-0.0051748
-0.0091060
-0.0133442
-0.0162169
-0.0173693
-0.0163398
-0.0128828
-0.0097715
-0.0097296
-0.0115508
-0.0129339
-0.0137325
-0.0135741
-0.0109397
-0.0055405
0.0007202
0.0057479
0.0103500
0.0161779
0.0227264
0.0275148
0.0294844
0.0305788
0.0313857
0.0323952
0.0359788
0.0411991
0.0436104
0.0403115
0.0323397
0.0231570
0.0153174
0.0089745
0.0025678
-0.0044993
-0.0098461
-0.0108549
-0.0072634
-0.0000928
0.0082687
0.0145977
0.0192556
0.0245912
0.0289272
0.0301356
0.0305711
0.0333739
0.0383032
0.0423560
0.0428984
0.0399561
0.0361040
0.0338892
0.0341758
0.0372985
0.0425342
0.0481863
0.0543128
0.0614648
0.0676728
0.0707534
0.0712210
0.0702871
0.0672798
0.0617464
0.0546831
0.0467651
0.0388202
0.0316273
0.0246761
0.0161486
0.0044133
-0.0098314
-0.0235583
-0.0336871
-0.0382779
-0.0361342
-0.0263728
-0.0090724
0.0117758
0.0300374
0.0419404
0.0467706
0.0468570
0.0445804
0.0400531
0.0332360
0.0254050
0.0186427
0.0147153
0.0136163
0.0124100
0.0071142
-0.0032026
-0.0142819
-0.0218656
-0.0252361
-0.0225570
-0.0134390
-0.0035220
0.0012526
0.0004083
-0.0039826
-0.0111381
-0.0199852
-0.0289215
-0.0375162
-0.0464469
-0.0550302
-0.0612918
-0.0643908
-0.0638839
-0.0600968
-0.0538515
-0.0453561
-0.0351092
-0.0225823
-0.0066575
0.0105590
0.0237220
0.0284756
0.0252563
0.0190609
0.0146987
0.0125332
0.0100485
0.0060431
0.0020715
-0.0001278
-0.0014155
-0.0032125
-0.0056488
-0.0086898
-0.0119336
-0.0145584
-0.0164249
-0.0176297
-0.0180241
-0.0178957
-0.0180246
-0.0190484
-0.0203151
-0.0200895
-0.0168119
-0.0093943
0.0003264
0.0068606
0.0074610
0.0050788
0.0036037
0.0053493
0.0102993
0.0154746
0.0179634
0.0170563
0.0135163
0.0086601
0.0034592
-0.0025175
-0.0112034
-0.0243558
-0.0405302
-0.0543032
-0.0616496
-0.0638428
-0.0648361
-0.0671749
-0.0704371
-0.0735680
-0.0749919
-0.0719481
-0.0641925
-0.0544255
-0.0450051
-0.0371304
-0.0309411
-0.0246628
-0.0163762
-0.0067482
0.0023623
0.0092859
0.0128100
0.0143219
0.0170702
0.0228521
0.0307327
0.0380122
0.0436790
0.0493752
0.0560442
0.0614413
0.0613994
0.0527168
0.0342888
0.0091643
-0.0164782
-0.0369604
-0.0486901
-0.0523109
-0.0502335
-0.0430704
-0.0325038
-0.0222280
-0.0142589
-0.0081484
-0.0032619
-0.0001895
0.0006293
-0.0011011
-0.0063368
-0.0140744
-0.0209324
-0.0242238
-0.0245058
-0.0239392
-0.0234896
-0.0238678
-0.0264052
-0.0319719
-0.0388305
-0.0440043
-0.0469547
-0.0487017
-0.0497710
-0.0501594
-0.0495661
-0.0485013
-0.0478262
-0.0480441
-0.0499603
-0.0535885
-0.0588686
-0.0652740
-0.0707563
-0.0732114
-0.0711294
-0.0650081
-0.0576689
-0.0516193
-0.0469772
-0.0426853
-0.0393445
-0.0385253
-0.0408493
-0.0460006
-0.0519453
-0.0561520
-0.0581036
-0.0586765
-0.0580075
-0.0562199
-0.0542194
-0.0517726
-0.0483023
-0.0439852
-0.0386913
-0.0324570
-0.0256126
-0.0175881
-0.0082408
0.0003133
0.0060221
0.0083566
0.0079514
0.0080192
0.0111864
0.0161979
0.0211606
0.0249222
0.0275975
0.0311895
0.0374144
0.0471148
0.0589956
0.0695598
0.0751131
0.0718304
0.0580826
0.0357818
0.0079182
-0.0186156
-0.0342675
-0.0376288
-0.0360149
-0.0365774
-0.0405835
-0.0451493
-0.0487755
-0.0511234
-0.0505704
-0.0461123
-0.0385643
-0.0295267
-0.0211457
-0.0144896
-0.0074801
0.0032014
0.0175870
0.0323744
0.0445732
0.0531199
0.0580072
0.0589690
0.0570792
0.0553197
0.0551893
0.0558319
0.0565913
0.0577510
0.0587059
0.0596633
0.0632693
0.0709053
0.0797377
0.0833898
0.0764768
0.0578340
0.0295711
-0.0005742
-0.0205472
-0.0245693
-0.0157103
0.0011835
0.0248643
0.0528523
0.0764980
0.0891704
0.0909792
0.0862175
0.0798675
0.0731374
0.0626974
0.0451677
0.0214467
-0.0042409
-0.0266298
-0.0420515
-0.0512569
-0.0563601
-0.0565089
-0.0499421
-0.0382221
-0.0260314
-0.0162181
-0.0063201
0.0064833
0.0209021
0.0345552
0.0441660
0.0460091
0.0406490
0.0330185
0.0278596
0.0248540
0.0205904
0.0160526
0.0144004
0.0149563
0.0154628
0.0151257
0.0149024
0.0156993
0.0165503
0.0167010
0.0164687
0.0152710
0.0113056
0.0035326
-0.0069158
-0.0177114
-0.0270472
-0.0336665
-0.0373587
-0.0393670
-0.0398511
-0.0381363
-0.0348726
-0.0309304
-0.0253551
-0.0157163
-0.0007709
0.0187224
0.0415419
0.0650682
0.0840372
0.0938457
0.0941799
0.0883960
0.0791357
0.0657107
0.0461276
0.0218633
-0.0015525
-0.0202641
-0.0327538
-0.0392413
-0.0415060
-0.0393531
-0.0319267
-0.0202366
-0.0070690
0.0052437
0.0167561
0.0282242
0.0389877
0.0468371
0.0513199
0.0544888
0.0570073
0.0568200
0.0522376
0.0451132
0.0384617
0.0324852
0.0258548
0.0174445
0.0070423
-0.0028559
-0.0096298
-0.0151891
-0.0247948
-0.0404606
-0.0580994
-0.0726436
-0.0821319
-0.0863983
-0.0849825
-0.0783397
-0.0689311
-0.0594752
-0.0515530
-0.0443187
-0.0365491
-0.0291909
-0.0229423
-0.0165321
-0.0077041
0.0027517
0.0101613
0.0119925
0.0097719
0.0064850
0.0044684
0.0046723
0.0077953
0.0139455
0.0223289
0.0322891
0.0433438
0.0543677
0.0623590
0.0641028
0.0575999
0.0419291
0.0202968
-0.0005069
-0.0151955
-0.0203684
-0.0147332
-0.0018952
0.0126838
0.0262977
0.0390787
0.0517248
0.0616561
0.0637414
0.0575022
0.0480431
0.0400675
0.0341195
0.0267003
0.0141438
-0.0034106
-0.0226072
-0.0399976
-0.0528188
-0.0603556
-0.0645538
-0.0673984
-0.0694727
-0.0689012
-0.0629364
-0.0521343
-0.0389198
-0.0254740
-0.0148625
-0.0086082
-0.0061325
-0.0071066
-0.0104620
-0.0126017
-0.0097808
-0.0011819
0.0118155
0.0251270
0.0328232
0.0309499
0.0200787
0.0046019
-0.0108714
-0.0235229
-0.0326479
-0.0389495
-0.0417356
-0.0380570
-0.0268400
-0.0119790
-0.0005955
0.0028498
0.0008413
-0.0007913
-0.0001445
0.0014711
0.0046402
0.0091036
0.0117203
0.0106440
0.0065342
0.0005224
-0.0063784
-0.0144166
-0.0253113
-0.0400727
-0.0570963
-0.0723032
-0.0820626
-0.0860953
-0.0869322
-0.0867764
-0.0871133
-0.0892496
-0.0918306
-0.0913165
-0.0858347
-0.0768400
-0.0670671
-0.0583448
-0.0518908
-0.0467151
-0.0379646
-0.0193692
0.0105458
0.0446823
0.0735972
0.0933736
0.1064985
0.1169524
0.1260856
0.1336142
0.1385626
0.1396409
0.1363936
0.1289586
0.1169449
0.0995341
0.0785412
0.0578201
0.0374629
0.0168334
0.0006600
-0.0047208
0.0013602
0.0137161
0.0279742
0.0423606
0.0562624
0.0687160
0.0772065
0.0808219
0.0812534
0.0799072
0.0766627
0.0710066
0.0619914
0.0486547
0.0325869
0.0152854
-0.0058894
-0.0327587
-0.0613061
-0.0862466
-0.1051969
-0.1176967
-0.1235274
-0.1215057
-0.1113620
-0.0955295
-0.0772402
-0.0583257
-0.0388952
-0.0199209
-0.0056464
0.0001337
-0.0025080
-0.0111651
-0.0221297
-0.0318387
-0.0389235
-0.0444278
-0.0494358
-0.0528939
-0.0530552
-0.0493927
-0.0426957
-0.0352102
-0.0305378
-0.0301865
-0.0312659
-0.0313314
-0.0319633
-0.0367036
-0.0478428
-0.0645814
-0.0823994
-0.0952466
-0.1014208
-0.1028172
-0.1006094
-0.0953758
-0.0878405
-0.0793386
-0.0704244
-0.0607042
-0.0502648
-0.0383893
-0.0238406
-0.0071068
0.0088139
0.0209071
0.0280356
0.0292796
0.0243795
0.0152065
0.0057276
-0.0012798
-0.0068992
-0.0116622
-0.0142966
-0.0152419
-0.0152377
-0.0133035
-0.0087702
-0.0034683
0.0003092
0.0027108
0.0060781
0.0123289
0.0197534
0.0248221
0.0261726
0.0255775
0.0270026
0.0326625
0.0404877
0.0461956
0.0475395
0.0477653
0.0521459
0.0615840
0.0723130
0.0805267
0.0855353
0.0886548
0.0905248
0.0909013
0.0898359
0.0865585
0.0786514
0.0648370
0.0476096
0.0323040
0.0225380
0.0174698
0.0156189
0.0166483
0.0198164
0.0246017
0.0308268
0.0376810
0.0432517
0.0436115
0.0348210
0.0168795
-0.0070968
-0.0334561
-0.0588843
-0.0799183
-0.0924946
-0.0949280
-0.0891886
-0.0774185
-0.0621110
-0.0465489
-0.0325079
-0.0217933
-0.0157908
-0.0136830
-0.0137738
-0.0149169
-0.0160042
-0.0135030
-0.0047667
0.0081139
0.0208006
0.0309613
0.0393742
0.0463372
0.0508289
0.0525045
0.0512472
0.0458488
0.0350334
0.0203361
0.0065964
-0.0027268
-0.0091981
-0.0164652
-0.0256470
-0.0348186
-0.0408604
-0.0416419
-0.0371082
-0.0291679
-0.0214344
-0.0163633
-0.0149448
-0.0171812
-0.0205560
-0.0226023
-0.0218428
-0.0161960
-0.0050200
0.0093907
0.0228189
0.0299413
0.0278996
0.0201859
0.0126349
0.0084357
0.0082834
0.0114767
0.0174378
0.0252141
0.0305674
0.0286666
0.0206356
0.0116729
0.0048817
0.0016860
0.0044221
0.0127354
0.0196625
0.0174102
0.0048718
-0.0128330
-0.0285986
-0.0376057
-0.0406278
-0.0428045
-0.0474511
-0.0540538
-0.0607001
-0.0639164
-0.0609813
-0.0533926
-0.0437144
-0.0323986
-0.0196532
-0.0067332
0.0059086
0.0182453
0.0289824
0.0371733
0.0426961
0.0470819
0.0522473
0.0568538
0.0589797
0.0598205
0.0610621
0.0618019
0.0597414
0.0524600
0.0384918
0.0193199
-0.0011164
-0.0182226
-0.0286731
-0.0331578
-0.0348936
-0.0363003
-0.0388799
-0.0428256
-0.0467830
-0.0477957
-0.0425211
-0.0304330
-0.0150039
-0.0002416
0.0125489
0.0221381
0.0266350
0.0261091
0.0221591
0.0158613
0.0080970
0.0008670
-0.0048034
-0.0094006
-0.0130953
-0.0163286
-0.0188125
-0.0196621
-0.0199682
-0.0203970
-0.0189458
-0.0148097
-0.0110055
-0.0113432
-0.0166585
-0.0245599
-0.0313483
-0.0344881
-0.0329811
-0.0269348
-0.0174403
-0.0044168
0.0115785
0.0275759
0.0421991
0.0557901
0.0673373
0.0752371
0.0803955
0.0857644
0.0926710
0.1006197
0.1084433
0.1133143
0.1115660
0.1016826
0.0834438
0.0555461
0.0186382
-0.0229788
-0.0634059
-0.0933499
-0.1045252
-0.0980924
-0.0802576
-0.0571458
-0.0354977
-0.0207683
-0.0145412
-0.0155137
-0.0207456
-0.0237230
-0.0184135
-0.0077966
-0.0008155
-0.0016463
-0.0086340
-0.0183814
-0.0276521
-0.0352307
-0.0414222
-0.0462060
-0.0491687
-0.0504402
-0.0498024
-0.0477164
-0.0459195
-0.0436101
-0.0383880
-0.0305535
-0.0233463
-0.0210138
-0.0257512
-0.0361546
-0.0489338
-0.0606582
-0.0695084
-0.0760058
-0.0815330
-0.0862584
-0.0879593
-0.0844351
-0.0760610
-0.0639599
-0.0494918
-0.0334499
-0.0151384
0.0049885
0.0265351
0.0496665
0.0717678
0.0889299
0.0993753
0.1025979
0.0983064
0.0877056
0.0744182
0.0615307
0.0487315
0.0350514
0.0209317
0.0074459
-0.0035473
-0.0096427
-0.0105048
-0.0087532
-0.0080650
-0.0108650
-0.0163127
-0.0214548
-0.0240344
-0.0238720
-0.0229878
-0.0230634
-0.0235921
-0.0243753
-0.0252986
-0.0250351
-0.0226372
-0.0183239
-0.0141143
-0.0114734
-0.0081491
-0.0013680
0.0094627
0.0222898
0.0325322
0.0353646
0.0277443
0.0124929
-0.0028634
-0.0130139
-0.0178255
-0.0212578
-0.0275333
-0.0370021
-0.0471147
-0.0546216
-0.0554663
-0.0484529
-0.0367531
-0.0226466
-0.0053352
0.0133738
0.0268189
0.0297160
0.0229725
0.0127153
0.0042751
-0.0017422
-0.0076102
-0.0143777
-0.0208152
-0.0260645
-0.0302284
-0.0328599
-0.0322625
-0.0269573
-0.0169315
-0.0026512
0.0149521
0.0325216
0.0447967
0.0486877
0.0463565
0.0446368
0.0495681
0.0608341
0.0720091
0.0752617
0.0667758
0.0474986
0.0223442
-0.0029357
-0.0264397
-0.0485624
-0.0678150
-0.0802755
-0.0817143
-0.0705677
-0.0504445
-0.0258836
0.0018422
0.0316678
0.0596739
0.0803801
0.0903470
0.0894667
0.0813703
0.0713047
0.0611368
0.0496242
0.0370817
0.0264028
0.0180754
0.0092235
-0.0014205
-0.0128364
-0.0221644
-0.0258743
-0.0217348
-0.0099664
0.0047482
0.0172402
0.0261129
0.0334626
0.0411579
0.0486662
0.0557232
0.0619875
0.0673039
0.0720655
0.0757138
0.0771829
0.0752841
0.0696811
0.0622283
0.0545974
0.0465760
0.0377019
0.0273276
0.0158232
0.0043904
-0.0063362
-0.0147998
-0.0193020
-0.0183719
-0.0115383
-0.0023588
0.0039614
0.0054349
0.0044522
0.0041606
0.0052694
0.0087079
0.0153031
0.0239035
0.0337527
0.0443752
0.0562073
0.0692545
0.0799305
0.0848789
0.0843053
0.0819887
0.0816535
0.0835811
0.0858382
0.0854762
0.0813398
0.0757022
0.0720707
0.0715586
0.0725303
0.0721386
0.0686923
0.0640716
0.0597996
0.0580393
0.0613589
0.0689028
0.0775066
0.0820861
0.0814796
0.0789006
0.0771670
0.0771968
0.0775166
0.0759228
0.0702965
0.0607452
0.0496999
0.0397199
0.0335249
0.0327378
0.0353250
0.0378833
0.0382283
0.0363176
0.0350333
0.0380166
0.0466209
0.0582914
0.0669336
0.0673659
0.0595362
0.0469462
0.0338770
0.0230714
0.0141978
0.0055052
-0.0049972
-0.0196734
-0.0380493
-0.0572929
-0.0745910
-0.0868822
-0.0937899
-0.0989759
-0.1050635
-0.1093414
-0.1094837
-0.1048804
-0.0940588
-0.0776355
-0.0573677
-0.0358587
-0.0161591
-0.0005915
0.0109036
0.0212422
0.0315013
0.0387783
0.0389565
0.0305950
0.0151362
-0.0056396
-0.0304665
-0.0572149
-0.0813870
-0.0996605
-0.1125636
-0.1218567
-0.1298783
-0.1384046
-0.1464392
-0.1503609
-0.1465331
-0.1352809
-0.1208865
-0.1073884
-0.0950547
-0.0811607
-0.0655507
-0.0483084
-0.0269880
-0.0043969
0.0131029
0.0213123
0.0202986
0.0141467
0.0063883
-0.0008403
-0.0063676
-0.0114477
-0.0193754
-0.0320521
-0.0481984
-0.0626741
-0.0714018
-0.0746617
-0.0737423
-0.0701162
-0.0650036
-0.0577522
-0.0464160
-0.0319894
-0.0157374
0.0026219
0.0213562
0.0372106
0.0454515
0.0442011
0.0390471
0.0386977
0.0446306
0.0503750
0.0514247
0.0487361
0.0464963
0.0466563
0.0485238
0.0516114
0.0541559
0.0555023
0.0558913
0.0561924
0.0579438
0.0605586
0.0624483
0.0610458
0.0535013
0.0387894
0.0190747
-0.0026386
-0.0237019
-0.0398347
-0.0486530
-0.0517394
-0.0501068
-0.0449726
-0.0417054
-0.0437060
-0.0498366
-0.0606792
-0.0752966
-0.0895576
-0.0990799
-0.1004235
-0.0929980
-0.0766707
-0.0526697
-0.0261716
-0.0051345
0.0066570
0.0134166
0.0215393
0.0320179
0.0409675
0.0463650
0.0492713
0.0521574
0.0566845
0.0613189
0.0614076
0.0531777
0.0381614
0.0219074
0.0088192
-0.0018572
-0.0137051
-0.0278109
-0.0421719
-0.0544594
-0.0628365
-0.0628948
-0.0493960
-0.0227579
0.0095862
0.0394904
0.0636995
0.0825605
0.0986217
0.1142132
0.1265465
0.1305823
0.1257115
0.1165067
0.1088112
0.1055626
0.1052369
0.1048879
0.1034562
0.1011676
0.0994500
0.0986468
0.0994706
0.1037269
0.1106529
0.1174217
0.1195279
0.1154591
0.1077918
0.0984611
0.0888074
0.0796436
0.0711004
0.0633105
0.0552948
0.0450992
0.0334585
0.0229869
0.0141144
0.0070927
0.0032297
0.0019746
0.0015675
0.0013709
0.0009243
0.0006093
-0.0000812
-0.0030638
-0.0085788
-0.0162203
-0.0254465
-0.0365004
-0.0494219
-0.0620143
-0.0721843
-0.0790297
-0.0819827
-0.0813453
-0.0779421
-0.0732439
-0.0672594
-0.0575481
-0.0461795
-0.0401828
-0.0431221
-0.0533573
-0.0661543
-0.0768569
-0.0822741
-0.0791428
-0.0667440
-0.0464419
-0.0217894
0.0006199
0.0164164
0.0262314
0.0326369
0.0368906
0.0384640
0.0367264
0.0355418
0.0405052
0.0521545
0.0668305
0.0804319
0.0899537
0.0935356
0.0930850
0.0918680
0.0910882
0.0921497
0.0963743
0.1031097
0.1087954
0.1084997
0.0993692
0.0807956
0.0537908
0.0218662
-0.0114689
-0.0438406
-0.0722634
-0.0952925
-0.1132493
-0.1261715
-0.1360624
-0.1447818
-0.1512814
-0.1541468
-0.1536656
-0.1530717
-0.1537205
-0.1521282
-0.1455722
-0.1357258
-0.1264267
-0.1209219
-0.1211770
-0.1280667
-0.1399415
-0.1515155
-0.1581957
-0.1578258
-0.1505213
-0.1404835
-0.1308861
-0.1205681
-0.1079733
-0.0941743
-0.0817686
-0.0718630
-0.0637206
-0.0569084
-0.0519232
-0.0482578
-0.0458733
-0.0456205
-0.0470912
-0.0503853
-0.0577408
-0.0706825
-0.0865030
-0.1000808
-0.1088176
-0.1152487
-0.1227695
-0.1311443
-0.1383212
-0.1421185
-0.1431239
-0.1432820
-0.1419863
-0.1387095
-0.1340287
-0.1292778
-0.1264790
-0.1253413
-0.1230744
-0.1180075
-0.1112125
-0.1045444
-0.0977613
-0.0897530
-0.0804116
-0.0708797
-0.0638866
-0.0614141
-0.0624376
-0.0644493
-0.0657115
-0.0656841
-0.0641641
-0.0607620
-0.0573688
-0.0548049
-0.0508462
-0.0468625
-0.0448957
-0.0440153
-0.0433627
-0.0422782
-0.0395482
-0.0348817
-0.0300934
-0.0261049
-0.0215078
-0.0151339
-0.0076194
-0.0000118
0.0056596
0.0071898
0.0043520
-0.0019014
-0.0081678
-0.0113408
-0.0121072
-0.0114598
-0.0092118
-0.0053400
-0.0008971
0.0029959
0.0078676
0.0150807
0.0225432
0.0255769
0.0213733
0.0118585
0.0015942
-0.0057551
-0.0099219
-0.0111500
-0.0105910
-0.0106868
-0.0120855
-0.0148722
-0.0181232
-0.0188981
-0.0140091
-0.0033628
0.0104449
0.0239067
0.0321836
0.0332349
0.0311139
0.0309626
0.0336062
0.0374174
0.0396134
0.0381370
0.0361975
0.0386629
0.0452341
0.0523723
0.0575322
0.0611091
0.0658463
0.0725045
0.0797660
0.0869319
0.0943809
0.1032140
0.1144683
0.1280247
0.1414457
0.1509158
0.1544474
0.1520082
0.1433509
0.1301273
0.1135058
0.0938772
0.0739602
0.0557760
0.0427016
0.0376402
0.0390124
0.0432721
0.0481436
0.0550570
0.0658998
0.0792828
0.0923005
0.1033817
0.1118882
0.1184897
0.1250682
0.1319804
0.1391084
0.1450896
0.1486327
0.1509433
0.1514114
0.1483003
0.1422043
0.1347666
0.1280032
0.1236332
0.1216093
0.1207105
0.1194717
0.1174765
0.1146109
0.1114500
0.1094119
0.1092015
0.1116072
0.1159477
0.1205759
0.1244363
0.1292609
0.1372734
0.1474984
0.1585844
0.1684046
0.1759620
0.1820989
0.1858487
0.1872200
0.1875668
0.1878428
0.1883384
0.1873515
0.1850799
0.1822911
0.1779402
0.1726096
0.1669539
0.1607534
0.1538622
0.1471848
0.1415665
0.1369687
0.1341967
0.1327620
0.1319372
0.1312397
0.1289587
0.1253461
0.1215774
0.1172196
0.1102802
0.0991952
0.0863148
0.0740706
0.0620081
0.0484796
0.0332932
0.0179744
0.0023352
-0.0117651
-0.0194293
-0.0199563
-0.0182437
-0.0180306
-0.0188870
-0.0192772
-0.0190471
-0.0187856
-0.0190947
-0.0209307
-0.0235130
-0.0263577
-0.0300859
-0.0321047
-0.0286580
-0.0197966
-0.0107358
-0.0046782
0.0016316
0.0111253
0.0226517
0.0318699
0.0355841
0.0352329
0.0357954
0.0415937
0.0507438
0.0573519
0.0578250
0.0527435
0.0463138
0.0434157
0.0456474
0.0510251
0.0576189
0.0645740
0.0719074
0.0800312
0.0884594
0.0971731
0.1065901
0.1172037
0.1301561
0.1460057
0.1626637
0.1768911
0.1877185
0.1948713
0.1972367
0.1951184
0.1905088
0.1852476
0.1795369
0.1725055
0.1639945
0.1549907
0.1457991
0.1354432
0.1239992
0.1112264
0.0966558
0.0817830
0.0670597
0.0524266
0.0400336
0.0321187
0.0284744
0.0271767
0.0258951
0.0246458
0.0246198
0.0252678
0.0278230
0.0333052
0.0398790
0.0460604
0.0516728
0.0568457
0.0612601
0.0645646
0.0647574
0.0605543
0.0536122
0.0453360
0.0367017
0.0274407
0.0173425
0.0064096
-0.0055830
-0.0183493
-0.0313691
-0.0442822
-0.0582150
-0.0739003
-0.0917412
-0.1128425
-0.1384970
-0.1693251
-0.2039184
-0.2387819
-0.2731166
-0.3085870
-0.3413437
-0.3639059
-0.3732897
-0.3719401
-0.3654145
-0.3592371
-0.3541825
-0.3485774
-0.3429809
-0.3399897
-0.3401487
-0.3413104
-0.3422367
-0.3428783
-0.3432207
-0.3426644
-0.3398105
-0.3349452
-0.3266928
-0.3088254
-0.2720603
-0.2067549
-0.1135251
-0.0082038
0.0853783
0.1492064
0.1810050
0.1919394
0.1929205
0.1853978
0.1687081
0.1464984
0.1242542
0.1053191
0.0887500
0.0723379
0.0543713
0.0344518
0.0132987
-0.0063514
-0.0203379
-0.0279775
-0.0299254
-0.0288756
-0.0278891
-0.0276183
-0.0277814
-0.0276035
-0.0281824
-0.0303519
-0.0313423
-0.0278912
-0.0195509
-0.0106135
-0.0074600
-0.0116664
-0.0223305
-0.0400694
-0.0609612
-0.0773046
-0.0841973
-0.0818506
-0.0735764
-0.0640274
-0.0588728
-0.0574646
-0.0567061
-0.0553153
-0.0530754
-0.0518869
-0.0518720
-0.0550000
-0.0639232
-0.0773907
-0.0935976
-0.1126883
-0.1336378
-0.1504606
-0.1593344
-0.1643688
-0.1692976
-0.1734390
-0.1767177
-0.1786656
-0.1785876
-0.1776425
-0.1772365
-0.1783809
-0.1809574
-0.1846435
-0.1889179
-0.1922587
-0.1938728
-0.1955244
-0.1990516
-0.2035687
-0.2087100
-0.2152111
-0.2231557
-0.2306596
-0.2367878
-0.2414364
-0.2427297
-0.2422340
-0.2408613
-0.2362459
-0.2309515
-0.2288996
-0.2281872
-0.2272551
-0.2253940
-0.2190143
-0.2079846
-0.1949970
-0.1791742
-0.1594095
-0.1368415
-0.1119862
-0.0886971
-0.0707323
-0.0548776
-0.0400821
-0.0260642
-0.0131074
-0.0043711
0.0010311
0.0069333
0.0129691
0.0148683
0.0147757
0.0126057
0.0044589
-0.0072930
-0.0195046
-0.0341647
-0.0529104
-0.0744624
-0.0972147
-0.1170590
-0.1333406
-0.1455606
-0.1510141
-0.1521961
-0.1521513
-0.1504751
-0.1480446
-0.1473423
-0.1465375
-0.1427489
-0.1380341
-0.1324892
-0.1252519
-0.1183435
-0.1111495
-0.1054130
-0.1036309
-0.1033109
-0.1034860
-0.1034432
-0.1030191
-0.1041598
-0.1044738
-0.1020627
-0.0973008
-0.0923086
-0.0892233
-0.0851427
-0.0787453
-0.0702689
-0.0595349
-0.0488362
-0.0393268
-0.0315734
-0.0257930
-0.0206668
-0.0160609
-0.0110415
-0.0068298
-0.0053109
-0.0036502
0.0006158
0.0051669
0.0086049
0.0133962
0.0202813
0.0280632
0.0361311
0.0451664
0.0533264
0.0608880
0.0699237
0.0773600
0.0841678
0.0934898
0.1041825
0.1149055
0.1249085
0.1345759
0.1426212
0.1476617
0.1509837
0.1517669
0.1487974
0.1453294
0.1421480
0.1350316
0.1212231
0.0991215
0.0633050
0.0093500
-0.0553471
-0.1181689
-0.1647950
-0.1858747
-0.1851825
-0.1709449
-0.1479145
-0.1172804
-0.0832161
-0.0520677
-0.0310900
-0.0206324
-0.0130789
-0.0059946
0.0022223
0.0137543
0.0293140
0.0470976
0.0624746
0.0738300
0.0807148
0.0871361
0.0953862
0.1040623
0.1158159
0.1307034
0.1471299
0.1609253
0.1715172
0.1823026
0.1895797
0.1942774
0.1984736
0.1993869
0.1977656
0.1939306
0.1866362
0.1775428
0.1696531
0.1618559
0.1505011
0.1314518
0.1016410
0.0597810
0.0141684
-0.0232225
-0.0496875
-0.0624906
-0.0613972
-0.0505579
-0.0326282
-0.0110794
0.0102818
0.0286934
0.0401194
0.0416036
0.0360003
0.0291240
0.0253847
0.0274056
0.0337275
0.0413933
0.0500532
0.0573633
0.0608813
0.0609306
0.0593973
0.0596901
0.0607498
0.0622558
0.0674551
0.0758645
0.0846724
0.0913539
0.0968753
0.1019686
0.1051216
0.1060410
0.1044635
0.1003453
0.0933022
0.0837089
0.0734152
0.0640972
0.0571947
0.0530636
0.0514307
0.0503202
0.0491046
0.0495541
0.0542710
0.0634273
0.0735972
0.0841176
0.0916696
0.0966757
0.1027795
0.1074025
0.1108735
0.1153613
0.1204695
0.1242738
0.1259031
0.1254825
0.1243154
0.1244557
0.1238209
0.1216324
0.1192752
0.1171193
0.1168113
0.1172791
0.1169060
0.1159230
0.1165186
0.1194463
0.1218803
0.1248029
0.1293617
0.1353032
0.1411778
0.1447789
0.1452687
0.1393512
0.1248928
0.1027842
0.0739641
0.0399738
0.0041261
-0.0287392
-0.0528308
-0.0671140
-0.0734869
-0.0708696
-0.0621148
-0.0507912
-0.0387173
-0.0286149
-0.0199497
-0.0128772
-0.0082716
-0.0052971
-0.0056560
-0.0094738
-0.0140997
-0.0207730
-0.0294883
-0.0361860
-0.0406572
-0.0451869
-0.0476765
-0.0477948
-0.0463021
-0.0390120
-0.0259314
-0.0097376
0.0109498
0.0337897
0.0543418
0.0708921
0.0816952
0.0880675
0.0913779
0.0895904
0.0829353
0.0741695
0.0629774
0.0498214
0.0356140
0.0201423
0.0056619
-0.0092602
-0.0252366
-0.0397725
-0.0512302
-0.0589748
-0.0654821
-0.0705836
-0.0738411
-0.0766804
-0.0784269
-0.0789469
-0.0778815
-0.0741645
-0.0673731
-0.0568746
-0.0436728
-0.0309325
-0.0209662
-0.0127220
-0.0056777
-0.0018393
-0.0012788
-0.0023625
-0.0016911
0.0003528
0.0014015
0.0028681
0.0073439
0.0150046
0.0224950
0.0303272
0.0385772
0.0464101
0.0544003
0.0609317
0.0657576
0.0702966
0.0733538
0.0742750
0.0751305
0.0765824
0.0796691
0.0831866
0.0847115
0.0837505
0.0802735
0.0737830
0.0640628
0.0516499
0.0354919
0.0148256
-0.0072163
-0.0285411
-0.0470027
-0.0589196
-0.0649822
-0.0668073
-0.0654565
-0.0597093
-0.0515378
-0.0472623
-0.0483748
-0.0532078
-0.0598138
-0.0658999
-0.0712102
-0.0771561
-0.0810333
-0.0820733
-0.0830100
-0.0839201
-0.0850540
-0.0843633
-0.0788125
-0.0703368
-0.0607858
-0.0511497
-0.0416570
-0.0316430
-0.0215191
-0.0111819
-0.0041703
-0.0018282
-0.0023901
-0.0046413
-0.0071126
-0.0100807
-0.0134678
-0.0165247
-0.0197803
-0.0239655
-0.0288744
-0.0350186
-0.0409016
-0.0452418
-0.0484614
-0.0485738
-0.0435647
-0.0356437
-0.0270108
-0.0169770
-0.0067910
0.0032766
0.0146909
0.0261126
0.0368138
0.0446998
0.0475541
0.0471606
0.0429231
0.0342112
0.0220663
0.0086825
-0.0014942
-0.0084603
-0.0139983
-0.0178171
-0.0196214
-0.0196430
-0.0195482
-0.0186172
-0.0152673
-0.0123412
-0.0111072
-0.0104593
-0.0108968
-0.0120977
-0.0149394
-0.0205041
-0.0281539
-0.0362179
-0.0431376
-0.0475544
-0.0465276
-0.0376625
-0.0215841
-0.0007700
0.0222374
0.0430603
0.0582988
0.0674777
0.0725007
0.0759043
0.0788210
0.0816517
0.0828488
0.0828265
0.0843201
0.0859931
0.0865458
0.0856811
0.0832992
0.0774682
0.0644362
0.0426714
0.0096757
-0.0308984
-0.0708138
-0.1019958
-0.1193249
-0.1230864
-0.1140249
-0.0940270
-0.0666003
-0.0352173
-0.0015506
0.0331833
0.0669838
0.0967487
0.1181553
0.1303105
0.1348974
0.1320237
0.1242579
0.1151841
0.1063562
0.0996437
0.0943452
0.0888916
0.0837656
0.0801685
0.0793036
0.0772865
0.0715971
0.0646415
0.0561943
0.0452771
0.0312554
0.0165451
0.0047785
-0.0060654
-0.0165325
-0.0241186
-0.0284360
-0.0294692
-0.0284486
-0.0263515
-0.0246644
-0.0246871
-0.0232239
-0.0194321
-0.0169805
-0.0156402
-0.0134981
-0.0111192
-0.0079627
-0.0050878
-0.0038427
-0.0043955
-0.0085380
-0.0141926
-0.0177421
-0.0179606
-0.0133544
-0.0058657
0.0003823
0.0026188
0.0001572
-0.0054532
-0.0126656
-0.0202138
-0.0279623
-0.0359486
-0.0435683
-0.0500706
-0.0547544
-0.0564361
-0.0542756
-0.0496456
-0.0444720
-0.0386305
-0.0330301
-0.0300824
-0.0297276
-0.0296674
-0.0268052
-0.0214529
-0.0162200
-0.0121305
-0.0089772
-0.0064463
-0.0031737
0.0029014
0.0095958
0.0141498
0.0164687
0.0167171
0.0162427
0.0148955
0.0123078
0.0082018
-0.0002644
-0.0135082
-0.0286867
-0.0434738
-0.0545514
-0.0590598
-0.0592462
-0.0589598
-0.0586826
-0.0572376
-0.0547974
-0.0524795
-0.0490826
-0.0424012
-0.0340730
-0.0266007
-0.0205931
-0.0172878
-0.0171582
-0.0188350
-0.0212026
-0.0231516
-0.0235794
-0.0223862
-0.0199958
-0.0155238
-0.0097352
-0.0046186
-0.0002113
0.0030281
0.0044063
0.0025678
-0.0026372
-0.0104579
-0.0197974
-0.0289199
-0.0379256
-0.0457246
-0.0507618
-0.0517076
-0.0501961
-0.0511222
-0.0526422
-0.0492313
-0.0407348
-0.0312915
-0.0238530
-0.0179611
-0.0137781
-0.0119339
-0.0119737
-0.0130573
-0.0148834
-0.0175553
-0.0206704
-0.0235601
-0.0254571
-0.0263140
-0.0261098
-0.0260026
-0.0264488
-0.0262806
-0.0253897
-0.0236429
-0.0218669
-0.0202531
-0.0182369
-0.0173270
-0.0160227
-0.0135936
-0.0115144
-0.0091945
-0.0077430
-0.0076768
-0.0070662
-0.0057348
-0.0055543
-0.0062540
-0.0076453
-0.0097655
-0.0098741
-0.0081323
-0.0069137
-0.0058962
-0.0050489
-0.0032465
0.0009918
0.0053686
0.0065299
0.0051329
0.0043109
0.0050097
0.0063311
0.0064250
0.0069456
0.0105309
0.0162535
0.0244023
0.0338234
0.0421469
0.0495681
0.0552659
0.0579594
0.0575228
0.0548128
0.0498993
0.0424931
0.0340208
0.0268883
0.0214093
0.0159973
0.0107985
0.0066954
0.0044771
0.0048148
0.0085719
0.0160740
0.0250742
0.0332237
0.0409107
0.0488601
0.0546167
0.0560839
0.0540611
0.0498074
0.0453629
0.0403956
0.0332120
0.0237632
0.0130371
0.0023459
-0.0084282
-0.0188299
-0.0282149
-0.0353667
-0.0389033
-0.0387835
-0.0334071
-0.0231005
-0.0121428
-0.0020007
0.0078850
0.0167561
0.0249744
0.0323885
0.0380505
0.0425639
0.0464940
0.0485419
0.0483935
0.0473157
0.0453139
0.0410653
0.0349785
0.0288851
0.0229405
0.0181258
0.0146134
0.0122424
0.0118028
0.0114057
0.0103159
0.0090140
0.0071488
0.0052450
0.0033126
0.0023092
0.0020956
0.0031788
0.0074139
0.0138531
0.0211523
0.0270154
0.0311974
0.0358572
0.0415813
0.0459001
0.0473560
0.0497379
0.0529338
0.0540934
0.0548643
0.0574528
0.0614089
0.0658446
0.0700347
0.0726732
0.0738472
0.0735934
0.0733719
0.0741788
0.0745419
0.0749874
0.0762047
0.0762278
0.0735044
0.0685679
0.0624520
0.0567580
0.0507884
0.0419705
0.0290010
0.0118631
-0.0069968
-0.0248026
-0.0391560
-0.0472820
-0.0496940
-0.0494797
-0.0475300
-0.0442275
-0.0400295
-0.0347588
-0.0279131
-0.0196100
-0.0117618
-0.0072136
-0.0065971
-0.0081255
-0.0114670
-0.0164570
-0.0225293
-0.0284412
-0.0338159
-0.0385256
-0.0416331
-0.0436699
-0.0430370
-0.0377255
-0.0285942
-0.0177099
-0.0086722
-0.0028126
0.0013030
0.0035343
0.0029635
-0.0008629
-0.0070226
-0.0126102
-0.0170717
-0.0212084
-0.0242116
-0.0265422
-0.0284175
-0.0296147
-0.0321088
-0.0365001
-0.0412384
-0.0459657
-0.0509636
-0.0556825
-0.0600149
-0.0649337
-0.0687138
-0.0691947
-0.0671792
-0.0642542
-0.0624473
-0.0618675
-0.0607755
-0.0589889
-0.0564436
-0.0519232
-0.0457211
-0.0395096
-0.0335646
-0.0275858
-0.0231170
-0.0227079
-0.0248131
-0.0270634
-0.0294982
-0.0303989
-0.0304570
-0.0317094
-0.0330083
-0.0342305
-0.0354047
-0.0349161
-0.0318916
-0.0270451
-0.0227855
-0.0190772
-0.0152446
-0.0116109
-0.0072105
-0.0024752
0.0024435
0.0064078
0.0075165
0.0069346
0.0067134
0.0069590
0.0062260
0.0034348
-0.0011262
-0.0061255
-0.0100313
-0.0115604
-0.0111549
-0.0106311
-0.0100128
-0.0073195
-0.0012566
0.0061480
0.0127566
0.0183485
0.0213006
0.0217029
0.0207655
0.0185899
0.0163685
0.0145038
0.0125435
0.0106937
0.0090343
0.0074428
0.0063211
0.0054377
0.0032127
-0.0011992
-0.0071330
-0.0131672
-0.0193715
-0.0253129
-0.0301550
-0.0342784
-0.0373336
-0.0401407
-0.0413224
-0.0409501
-0.0407291
-0.0383312
-0.0348070
-0.0324807
-0.0314367
-0.0311324
-0.0307484
-0.0306544
-0.0306603
-0.0303857
-0.0303051
-0.0316313
-0.0335827
-0.0347781
-0.0364578
-0.0397723
-0.0447119
-0.0497441
-0.0541174
-0.0577301
-0.0592531
-0.0591868
-0.0588903
-0.0590243
-0.0597179
-0.0608323
-0.0626724
-0.0641086
-0.0649295
-0.0657765
-0.0651575
-0.0637543
-0.0634816
-0.0646544
-0.0668749
-0.0686322
-0.0686262
-0.0678750
-0.0675603
-0.0671516
-0.0664509
-0.0648679
-0.0620765
-0.0604737
-0.0606300
-0.0595820
-0.0554020
-0.0489343
-0.0428526
-0.0371684
-0.0315019
-0.0280547
-0.0272010
-0.0284983
-0.0326440
-0.0391997
-0.0466533
-0.0537679
-0.0599080
-0.0650376
-0.0692678
-0.0723837
-0.0743958
-0.0756827
-0.0757057
-0.0746936
-0.0735790
-0.0721455
-0.0708479
-0.0697590
-0.0682611
-0.0664164
-0.0644993
-0.0638411
-0.0643639
-0.0637622
-0.0605451
-0.0552682
-0.0487608
-0.0405539
-0.0305031
-0.0187233
-0.0066976
0.0036186
0.0134024
0.0245806
0.0362769
0.0456410
0.0525367
0.0579467
0.0608086
0.0619289
0.0618128
0.0586904
0.0528556
0.0455009
0.0363509
0.0249528
0.0126860
0.0017893
-0.0066665
-0.0129057
-0.0178031
-0.0215746
-0.0249102
-0.0270565
-0.0273349
-0.0274046
-0.0270123
-0.0258797
-0.0241092
-0.0205743
-0.0153524
-0.0099169
-0.0050953
0.0007688
0.0079697
0.0135437
0.0161196
0.0164298
0.0150219
0.0125677
0.0100953
0.0080484
0.0056639
0.0018645
-0.0031608
-0.0085801
-0.0136270
-0.0179140
-0.0215517
-0.0246367
-0.0269370
-0.0275746
-0.0263780
-0.0250105
-0.0252262
-0.0252428
-0.0215662
-0.0148572
-0.0079574
-0.0019383
0.0036266
0.0092963
0.0159281
0.0238240
0.0310935
0.0370200
0.0424462
0.0480942
0.0533403
0.0562011
0.0576192
0.0605545
0.0655091
0.0701360
0.0733804
0.0765918
0.0809571
0.0865850
0.0918232
0.0951703
0.0969602
0.0976298
0.0974184
0.0973700
0.0973692
0.0967566
0.0956172
0.0938065
0.0923411
0.0924296
0.0930152
0.0931109
0.0928544
0.0918248
0.0890905
0.0848201
0.0798838
0.0747951
0.0698188
0.0638087
0.0570998
0.0518269
0.0485688
0.0456861
0.0417076
0.0358198
0.0284903
0.0225778
0.0183746
0.0152023
0.0138572
0.0138712
0.0147104
0.0165354
0.0182827
0.0187518
0.0199778
0.0233464
0.0268545
0.0292459
0.0305925
0.0306604
0.0310425
0.0333766
0.0370765
0.0418492
0.0472937
0.0525018
0.0566216
0.0603266
0.0642876
0.0678279
0.0703131
0.0714185
0.0712816
0.0703427
0.0686726
0.0665187
0.0629990
0.0578306
0.0532066
0.0475904
0.0395937
0.0318504
0.0254194
0.0189548
0.0115814
0.0039462
-0.0038448
-0.0117574
-0.0192186
-0.0267087
-0.0344333
-0.0405471
-0.0442537
-0.0480539
-0.0518589
-0.0540391
-0.0563592
-0.0587512
-0.0602048
-0.0619279
-0.0624750
-0.0610559
-0.0607164
-0.0616420
-0.0601749
-0.0547967
-0.0477015
-0.0401398
-0.0323774
-0.0245813
-0.0162840
-0.0067294
0.0039919
0.0134907
0.0217702
0.0292938
0.0350189
0.0397914
0.0416711
0.0387647
0.0327992
0.0251511
0.0172487
0.0100945
0.0035948
-0.0018834
-0.0064520
-0.0110132
-0.0147076
-0.0179215
-0.0220136
-0.0263730
-0.0307601
-0.0338503
-0.0349885
-0.0350729
-0.0346853
-0.0339248
-0.0324320
-0.0298469
-0.0268100
-0.0263288
-0.0259974
-0.0232314
-0.0210763
-0.0193894
-0.0175797
-0.0153510
-0.0123521
-0.0093303
-0.0070137
-0.0058880
-0.0051709
-0.0043027
-0.0028682
-0.0018880
-0.0026331
-0.0050598
-0.0095987
-0.0147909
-0.0182056
-0.0215965
-0.0261335
-0.0304859
-0.0350794
-0.0414231
-0.0475815
-0.0515436
-0.0551007
-0.0573778
-0.0578529
-0.0576848
-0.0566191
-0.0559075
-0.0564819
-0.0553558
-0.0532342
-0.0522552
-0.0513898
-0.0508627
-0.0494871
-0.0482728
-0.0468327
-0.0445336
-0.0445074
-0.0437861
-0.0394634
-0.0345099
-0.0308866
-0.0282162
-0.0247108
-0.0190513
-0.0123605
-0.0054896
0.0024046
0.0110192
0.0201170
0.0292040
0.0377769
0.0457184
0.0518910
0.0560732
0.0577114
0.0573999
0.0570060
0.0562796
0.0541470
0.0516592
0.0490040
0.0463092
0.0436417
0.0400164
0.0376847
0.0371637
0.0366936
0.0370920
0.0389068
0.0405808
0.0412214
0.0414657
0.0415039
0.0407726
0.0387302
0.0361894
0.0333701
0.0302239
0.0293237
0.0306168
0.0311347
0.0307573
0.0318544
0.0361751
0.0427534
0.0478916
0.0495061
0.0493134
0.0493157
0.0491291
0.0486172
0.0476061
0.0460549
0.0458286
0.0463737
0.0465192
0.0466538
0.0469933
0.0479259
0.0498717
0.0516667
0.0527109
0.0552331
0.0590131
0.0614768
0.0635304
0.0661491
0.0679503
0.0697233
0.0715354
0.0713852
0.0706270
0.0728401
0.0752465
0.0755719
0.0758884
0.0751095
0.0746907
0.0752858
0.0743496
0.0731115
0.0725745
0.0717234
0.0708372
0.0693213
0.0674256
0.0667970
0.0665386
0.0666755
0.0662535
0.0644057
0.0631534
0.0609120
0.0572444
0.0546081
0.0515024
0.0473685
0.0445196
0.0424791
0.0405925
0.0390023
0.0375492
0.0372284
0.0378405
0.0372567
0.0365024
0.0371560
0.0378713
0.0377568
0.0373835
0.0374875
0.0374742
0.0371723
0.0377485
0.0385730
0.0392539
0.0403252
0.0406032
0.0415109
0.0425618
0.0424873
0.0425032
0.0412878
0.0391131
0.0356336
0.0315410
0.0295108
0.0280868
0.0260467
0.0254018
0.0256589
0.0235239
0.0221341
0.0223799
0.0229509
0.0249043
0.0259324
0.0284132
0.0313604
0.0319943
0.0344544
0.0383812
0.0424626
0.0442174
0.0428716
0.0420158
0.0401092
0.0362750
0.0318228
0.0293695
0.0283430
0.0264840
0.0247297
0.0230210
0.0210854
0.0186956
0.0172832
0.0169623
0.0177277
0.0188997
0.0178972
0.0175226
0.0177414
0.0169286
0.0149758
0.0126183
0.0124423
0.0128381
0.0137689
0.0134009
0.0122638
0.0130474
0.0135359
0.0147126
0.0161716
0.0167361
0.0172974
0.0175423
0.0166886
0.0156200
0.0155076
0.0144040
0.0127385
0.0117704
0.0103694
0.0075697
0.0054667
0.0057172
0.0063777
0.0071288
0.0082737
0.0126259
0.0186862
0.0207035
0.0208290
0.0208300
0.0202187
0.0199372
0.0174576
0.0124702
0.0070699
0.0009575
-0.0042091
-0.0072342
-0.0099915
-0.0132483
-0.0164662
-0.0200368
-0.0246654
-0.0292280
-0.0334961
-0.0398108
-0.0462531
-0.0513382
-0.0568873
-0.0621658
-0.0667775
-0.0711689
-0.0754722
-0.0774297
-0.0762584
-0.0755365
-0.0757245
-0.0741763
-0.0717266
-0.0701035
-0.0686550
-0.0675585
-0.0656557
-0.0622110
-0.0584495
-0.0539327
-0.0496853
-0.0462412
-0.0428899
-0.0411007
-0.0409210
-0.0412292
-0.0416306
-0.0423326
-0.0450236
-0.0484909
-0.0491362
-0.0490494
-0.0504463
-0.0516563
-0.0517699
-0.0519149
-0.0520333
-0.0499899
-0.0471537
-0.0439193
-0.0406632
-0.0386874
-0.0352667
-0.0299767
-0.0260970
-0.0235357
-0.0220871
-0.0218383
-0.0203663
-0.0192663
-0.0198335
-0.0212468
-0.0225690
-0.0234604
-0.0233214
-0.0210594
-0.0191850
-0.0183314
-0.0174026
-0.0164864
-0.0156687
-0.0153450
-0.0157246
-0.0163116
-0.0178153
-0.0201949
-0.0233889
-0.0275929
-0.0300894
-0.0331366
-0.0384306
-0.0429614
-0.0453971
-0.0458850
-0.0455515
-0.0453736
-0.0443090
-0.0406708
-0.0373141
-0.0352829
-0.0331583
-0.0321790
-0.0313400
-0.0296708
-0.0278642
-0.0263619
-0.0248420
-0.0235987
-0.0240915
-0.0241301
-0.0233879
-0.0233328
-0.0226070
-0.0213100
-0.0199198
-0.0184740
-0.0167267
-0.0139064
-0.0109014
-0.0078451
-0.0059648
-0.0056703
-0.0042726
-0.0029533
-0.0018891
-0.0002947
0.0006400
0.0007260
0.0008194
0.0025245
0.0050352
0.0070389
0.0083621
0.0089519
0.0099713
0.0117608
0.0140494
0.0167438
0.0193452
0.0222005
0.0253538
0.0289818
0.0321530
0.0333837
0.0338962
0.0361759
0.0384252
0.0386043
0.0393523
0.0400615
0.0401415
0.0400934
0.0384097
0.0359623
0.0345816
0.0328751
0.0299836
0.0277177
0.0268686
0.0273592
0.0265172
0.0234428
0.0214452
0.0197250
0.0166273
0.0136056
0.0105818
0.0089385
0.0091652
0.0093146
0.0095607
0.0103734
0.0137172
0.0198742
0.0246224
0.0280993
0.0326914
0.0363938
0.0382233
0.0384068
0.0377961
0.0361553
0.0328827
0.0284237
0.0226920
0.0171121
0.0117886
0.0065613
0.0011479
-0.0035613
-0.0059601
-0.0057504
-0.0042391
-0.0037779
-0.0037278
-0.0034114
-0.0026358
-0.0018623
-0.0023796
-0.0040071
-0.0059831
-0.0066319
-0.0060152
-0.0056631
-0.0056640
-0.0063985
-0.0084977
-0.0104097
-0.0115883
-0.0143079
-0.0173216
-0.0192916
-0.0210749
-0.0224800
-0.0232229
-0.0229871
-0.0222591
-0.0212429
-0.0207040
-0.0206514
-0.0197744
-0.0188944
-0.0192565
-0.0196001
-0.0192851
-0.0195390
-0.0203492
-0.0223287
-0.0245712
-0.0259292
-0.0276755
-0.0298368
-0.0317952
-0.0316614
-0.0302407
-0.0306649
-0.0316153
-0.0315717
-0.0306969
-0.0295154
-0.0287075
-0.0279888
-0.0271319
-0.0271884
-0.0278937
-0.0274869
-0.0273348
-0.0273934
-0.0274653
-0.0293084
-0.0313870
-0.0323522
-0.0338407
-0.0359299
-0.0380194
-0.0406085
-0.0427409
-0.0436206
-0.0438718
-0.0441511
-0.0448116
-0.0459523
-0.0457795
-0.0444638
-0.0443064
-0.0443177
-0.0434552
-0.0427417
-0.0416884
-0.0403493
-0.0394473
-0.0395504
-0.0408711
-0.0421004
-0.0421460
-0.0399694
-0.0373118
-0.0355021
-0.0339478
-0.0322385
-0.0296088
-0.0262689
-0.0248185
-0.0251040
-0.0239104
-0.0231805
-0.0241316
-0.0255417
-0.0266935
-0.0271422
-0.0269714
-0.0268704
-0.0268920
-0.0255797
-0.0253700
-0.0256645
-0.0232112
-0.0205359
-0.0185779
-0.0155746
-0.0105123
-0.0049216
-0.0000581
0.0065103
0.0136198
0.0181573
0.0210555
0.0235386
0.0260691
0.0288559
0.0304167
0.0319820
0.0351636
0.0369703
0.0374586
0.0392440
0.0414318
0.0434142
0.0453818
0.0474613
0.0491994
0.0506542
0.0526994
0.0544996
0.0558475
0.0564114
0.0561794
0.0564580
0.0575068
0.0585147
0.0588790
0.0593261
0.0605829
0.0606542
0.0596204
0.0600314
0.0603821
0.0598282
0.0598611
0.0591135
0.0560200
0.0525974
0.0497905
0.0463605
0.0423389
0.0373820
0.0330119
0.0316968
0.0315857
0.0313955
0.0317818
0.0318956
0.0315409
0.0311382
0.0307750
0.0310188
0.0317188
0.0317585
0.0313322
0.0311977
0.0310458
0.0295674
0.0270381
0.0260081
0.0264048
0.0268565
0.0272387
0.0266420
0.0261244
0.0268273
0.0270547
0.0263029
0.0249946
0.0238665
0.0233600
0.0231596
0.0233541
0.0228038
0.0212016
0.0190555
0.0164308
0.0144100
0.0135078
0.0125357
0.0104834
0.0083928
0.0070312
0.0065747
0.0059741
0.0044024
0.0030751
0.0021330
0.0009616
-0.0003182
-0.0013026
-0.0026631
-0.0034651
-0.0033054
-0.0030593
-0.0019586
-0.0011850
-0.0009257
0.0010489
0.0029967
0.0035174
0.0050160
0.0075407
0.0100915
0.0112632
0.0114505
0.0123212
0.0132220
0.0150529
0.0171159
0.0176725
0.0174588
0.0171955
0.0169134
0.0168717
0.0173533
0.0172675
0.0165305
0.0151161
0.0132569
0.0119593
0.0108319
0.0092766
0.0071264
0.0055221
0.0045414
0.0031384
0.0017311
0.0009513
0.0008704
0.0021975
0.0039509
0.0047815
0.0059242
0.0071268
0.0082116
0.0094835
0.0106038
0.0127130
0.0162477
0.0192104
0.0208248
0.0209076
0.0190575
0.0169962
0.0147482
0.0107594
0.0054362
-0.0001328
-0.0051420
-0.0083469
-0.0106075
-0.0128628
-0.0141877
-0.0144514
-0.0134912
-0.0124283
-0.0120306
-0.0114347
-0.0112758
-0.0112499
-0.0111714
-0.0118179
-0.0126176
-0.0138075
-0.0155145
-0.0169107
-0.0182219
-0.0206590
-0.0237100
-0.0260934
-0.0280236
-0.0299544
-0.0328654
-0.0362923
-0.0387942
-0.0414623
-0.0455763
-0.0493397
-0.0509240
-0.0522128
-0.0551387
-0.0588904
-0.0627741
-0.0662690
-0.0678435
-0.0683028
-0.0699273
-0.0721046
-0.0745077
-0.0770766
-0.0782849
-0.0783696
-0.0771918
-0.0758663
-0.0756627
-0.0744864
-0.0729384
-0.0722694
-0.0708411
-0.0676601
-0.0632218
-0.0582839
-0.0532592
-0.0478104
-0.0414034
-0.0343828
-0.0275780
-0.0213848
-0.0150195
-0.0082816
-0.0036026
-0.0028084
-0.0041625
-0.0045684
-0.0034997
-0.0030420
-0.0032113
-0.0046087
-0.0071888
-0.0081207
-0.0079254
-0.0072502
-0.0071590
-0.0085821
-0.0099512
-0.0108636
-0.0111446
-0.0116184
-0.0121365
-0.0118173
-0.0117934
-0.0118292
-0.0116987
-0.0110641
-0.0094614
-0.0090427
-0.0090471
-0.0079429
-0.0072677
-0.0074866
-0.0078678
-0.0078668
-0.0077814
-0.0073226
-0.0063532
-0.0053327
-0.0038472
-0.0021963
-0.0011350
0.0001971
0.0022148
0.0035656
0.0043466
0.0061602
0.0097625
0.0135801
0.0141037
0.0121147
0.0100940
0.0070712
0.0038737
0.0012115
-0.0009131
-0.0021511
-0.0026690
-0.0022014
-0.0018717
-0.0016499
0.0004665
0.0042981
0.0080694
0.0109212
0.0142451
0.0191613
0.0228735
0.0243631
0.0251359
0.0269357
0.0293633
0.0302280
0.0307846
0.0318128
0.0334860
0.0344147
0.0339006
0.0341589
0.0340646
0.0316828
0.0271898
0.0234369
0.0222575
0.0222160
0.0217030
0.0198420
0.0172124
0.0150754
0.0139421
0.0121890
0.0089497
0.0039190
-0.0022470
-0.0064716
-0.0084141
-0.0103148
-0.0136003
-0.0184912
-0.0233203
-0.0272794
-0.0309405
-0.0345338
-0.0386876
-0.0425657
-0.0448764
-0.0463721
-0.0486388
-0.0508376
-0.0524570
-0.0536767
-0.0535359
-0.0527955
-0.0526570
-0.0525549
-0.0518215
-0.0512943
-0.0499164
-0.0458837
-0.0406120
-0.0350213
-0.0294188
-0.0258285
-0.0228846
-0.0163249
-0.0069222
0.0017429
0.0090331
0.0157885
0.0218980
0.0276566
0.0334418
0.0383753
0.0426170
0.0461669
0.0480591
0.0488699
0.0495632
0.0507620
0.0518652
0.0527805
0.0548564
0.0558037
0.0552699
0.0546539
0.0537377
0.0527143
0.0515544
0.0505770
0.0494820
0.0477746
0.0445288
0.0399141
0.0348060
0.0295949
0.0238450
0.0182048
0.0130659
0.0072373
0.0011204
-0.0037054
-0.0060768
-0.0086358
-0.0117884
-0.0146120
-0.0175416
-0.0196263
-0.0220914
-0.0242331
-0.0250603
-0.0263883
-0.0284834
-0.0304113
-0.0321005
-0.0332730
-0.0345411
-0.0365624
-0.0371430
-0.0353392
-0.0340039
-0.0343292
-0.0345723
-0.0330909
-0.0290498
-0.0238805
-0.0188636
-0.0141525
-0.0101566
-0.0055280
-0.0007539
0.0012135
0.0010267
0.0024280
0.0057646
0.0076325
0.0086392
0.0100105
0.0107009
0.0118572
0.0126469
0.0116231
0.0102687
0.0092127
0.0076426
0.0060981
0.0046161
0.0026214
0.0007411
-0.0013518
-0.0041579
-0.0076320
-0.0102279
-0.0106525
-0.0108734
-0.0116520
-0.0121540
-0.0124893
-0.0123442
-0.0125126
-0.0130374
-0.0127986
-0.0126428
-0.0129718
-0.0128886
-0.0126496
-0.0126667
-0.0116657
-0.0096967
-0.0085426
-0.0087545
-0.0094092
-0.0096264
-0.0090037
-0.0075030
-0.0056689
-0.0046966
-0.0038918
-0.0028383
-0.0017530
-0.0003819
-0.0000893
-0.0008882
-0.0023349
-0.0033770
-0.0038270
-0.0041279
-0.0040394
-0.0046039
-0.0056447
-0.0053587
-0.0036690
-0.0025560
-0.0023573
-0.0021648
-0.0030432
-0.0062045
-0.0105344
-0.0151682
-0.0190140
-0.0207726
-0.0225491
-0.0260669
-0.0291230
-0.0306824
-0.0318468
-0.0322520
-0.0326554
-0.0337419
-0.0338665
-0.0333847
-0.0331758
-0.0325745
-0.0314215
-0.0298303
-0.0291880
-0.0292602
-0.0284218
-0.0283039
-0.0287299
-0.0289074
-0.0292315
-0.0284314
-0.0273682
-0.0274814
-0.0268865
-0.0252895
-0.0255217
-0.0269469
-0.0285350
-0.0300978
-0.0308245
-0.0321630
-0.0339705
-0.0361108
-0.0379932
-0.0376188
-0.0363114
-0.0362001
-0.0359101
-0.0334876
-0.0289455
-0.0238633
-0.0203192
-0.0164067
-0.0110858
-0.0051782
0.0010543
0.0051471
0.0057597
0.0050861
0.0048080
0.0046339
0.0041313
0.0030046
0.0018812
0.0009570
-0.0002768
-0.0006593
-0.0001726
-0.0009597
-0.0030561
-0.0051817
-0.0049471
-0.0029258
-0.0015484
0.0000004
0.0001583
-0.0004648
0.0015081
0.0041695
0.0068393
0.0093563
0.0099340
0.0108320
0.0132752
0.0159869
0.0187272
0.0197755
0.0201141
0.0224700
0.0245335
0.0253430
0.0266176
0.0282136
0.0294646
0.0304213
0.0319579
0.0341178
0.0359208
0.0366149
0.0374262
0.0391547
0.0398847
0.0405055
0.0423407
0.0437717
0.0437140
0.0420850
0.0406697
0.0407243
0.0415540
0.0418534
0.0411698
0.0409792
0.0411059
0.0411400
0.0413029
0.0414456
0.0416985
0.0421349
0.0424216
0.0425201
0.0419991
0.0405075
0.0399914
0.0404308
0.0403167
0.0404990
0.0416575
0.0427850
0.0426775
0.0420291
0.0422371
0.0435656
0.0449461
0.0442395
0.0432528
0.0436261
0.0431016
0.0417193
0.0404166
0.0398132
0.0386740
0.0367070
0.0359669
0.0357805
0.0351056
0.0338837
0.0326105
0.0308048
0.0291654
0.0292154
0.0293370
0.0282048
0.0272750
0.0274814
0.0287228
0.0300160
0.0300466
0.0307167
0.0338972
0.0395283
0.0439026
0.0449928
0.0461841
0.0474950
0.0481848
0.0498495
0.0520041
0.0523336
0.0516356
0.0513351
0.0516718
0.0532743
0.0542719
0.0541160
0.0536865
0.0523376
0.0501031
0.0466695
0.0427396
0.0401317
0.0374784
0.0346219
0.0305730
0.0240004
0.0182047
0.0144005
0.0110231
0.0069543
0.0029162
-0.0008894
-0.0043991
-0.0066858
-0.0083467
-0.0094902
-0.0097146
-0.0096835
-0.0098257
-0.0098877
-0.0100731
-0.0101059
-0.0100787
-0.0103018
-0.0096314
-0.0081044
-0.0065609
-0.0056731
-0.0061249
-0.0065218
-0.0059987
-0.0056437
-0.0056653
-0.0058184
-0.0057338
-0.0053698
-0.0055894
-0.0060337
-0.0067400
-0.0082178
-0.0091417
-0.0099815
-0.0115528
-0.0122372
-0.0125560
-0.0132521
-0.0130462
-0.0118180
-0.0107632
-0.0098124
-0.0095809
-0.0102791
-0.0097793
-0.0087956
-0.0090649
-0.0113400
-0.0148591
-0.0170997
-0.0178536
-0.0192357
-0.0225812
-0.0256139
-0.0265548
-0.0280644
-0.0305201
-0.0323567
-0.0336519
-0.0344609
-0.0351008
-0.0355479
-0.0349544
-0.0339260
-0.0342981
-0.0346871
-0.0340679
-0.0338916
-0.0344130
-0.0355864
-0.0368224
-0.0381408
-0.0397580
-0.0413446
-0.0424782
-0.0430804
-0.0435003
-0.0436390
-0.0437495
-0.0439056
-0.0438136
-0.0435081
-0.0436912
-0.0438029
-0.0434400
-0.0433247
-0.0432435
-0.0430385
-0.0434751
-0.0433218
-0.0427315
-0.0431717
-0.0431843
-0.0431606
-0.0435165
-0.0443508
-0.0456608
-0.0468631
-0.0478270
-0.0478162
-0.0477682
-0.0487052
-0.0497045
-0.0503980
-0.0513229
-0.0515388
-0.0509653
-0.0508572
-0.0508269
-0.0508332
-0.0500064
-0.0480278
-0.0471881
-0.0474918
-0.0476019
-0.0477174
-0.0475080
-0.0461829
-0.0451091
-0.0441644
-0.0424508
-0.0409747
-0.0394556
-0.0374391
-0.0358765
-0.0353528
-0.0349259
-0.0340591
-0.0332483
-0.0329392
-0.0335500
-0.0352366
-0.0362683
-0.0356808
-0.0348314
-0.0348166
-0.0356146
-0.0349756
-0.0334912
-0.0314092
-0.0274674
-0.0250579
-0.0247417
-0.0236499
-0.0200871
-0.0151830
-0.0119611
-0.0101615
-0.0089111
-0.0079352
-0.0064001
-0.0043829
-0.0022130
-0.0013425
-0.0020752
-0.0026412
-0.0024066
-0.0020780
-0.0018899
-0.0019432
-0.0023570
-0.0028252
-0.0037322
-0.0051362
-0.0070550
-0.0092833
-0.0119658
-0.0146325
-0.0172175
-0.0202364
-0.0227982
-0.0249356
-0.0273164
-0.0290121
-0.0295459
-0.0308903
-0.0315045
-0.0307456
-0.0310093
-0.0311528
-0.0308399
-0.0309305
-0.0304729
-0.0298910
-0.0305972
-0.0324752
-0.0336582
-0.0335434
-0.0344543
-0.0361844
-0.0379229
-0.0397745
-0.0404801
-0.0413717
-0.0427872
-0.0435903
-0.0449105
-0.0461756
-0.0451561
-0.0431552
-0.0427409
-0.0424370
-0.0413432
-0.0405467
-0.0385458
-0.0362631
-0.0362985
-0.0356694
-0.0328074
-0.0293452
-0.0260833
-0.0237822
-0.0213909
-0.0192603
-0.0182053
-0.0175778
-0.0176424
-0.0174294
-0.0162359
-0.0151695
-0.0138114
-0.0119779
-0.0108332
-0.0094402
-0.0072823
-0.0045526
-0.0019637
-0.0001879
0.0024585
0.0051337
0.0057973
0.0062311
0.0080536
0.0099758
0.0118747
0.0135776
0.0143175
0.0147540
0.0151351
0.0156533
0.0162220
0.0161113
0.0158109
0.0154359
0.0140587
0.0131663
0.0119707
0.0089776
0.0072240
0.0072480
0.0075582
0.0080036
0.0072761
0.0058341
0.0051203
0.0047070
0.0038166
0.0023970
0.0009267
-0.0006523
-0.0021566
-0.0032047
-0.0031916
-0.0038686
-0.0052775
-0.0054853
-0.0054117
-0.0054016
-0.0063362
-0.0075461
-0.0074986
-0.0071118
-0.0073972
-0.0085360
-0.0096869
-0.0105410
-0.0112430
-0.0112343
-0.0121830
-0.0142717
-0.0151294
-0.0151815
-0.0159820
-0.0180926
-0.0200573
-0.0200213
-0.0186347
-0.0176453
-0.0169201
-0.0163298
-0.0153713
-0.0136475
-0.0123468
-0.0126123
-0.0138632
-0.0133880
-0.0118452
-0.0108622
-0.0095007
-0.0081028
-0.0069407
-0.0059610
-0.0052878
-0.0041631
-0.0032678
-0.0031038
-0.0033956
-0.0038030
-0.0044185
-0.0056456
-0.0054857
-0.0044503
-0.0047795
-0.0049680
-0.0048317
-0.0049183
-0.0047889
-0.0048606
-0.0045302
-0.0036442
-0.0026589
-0.0011697
0.0006682
0.0016326
0.0019873
0.0036589
0.0069455
0.0098071
0.0102225
0.0104282
0.0124336
0.0142147
0.0149826
0.0148284
0.0146352
0.0141853
0.0130735
0.0124936
0.0122147
0.0118515
0.0120171
0.0121104
0.0111018
0.0100631
0.0099277
0.0105697
0.0109411
0.0106371
0.0104410
0.0109133
0.0122367
0.0130779
0.0131303
0.0122446
0.0094737
0.0076512
0.0067870
0.0054420
0.0039169
0.0016538
-0.0002182
-0.0018768
-0.0032401
-0.0036159
-0.0030277
-0.0026276
-0.0026035
-0.0018977
-0.0013566
-0.0007981
0.0015568
0.0038162
0.0036624
0.0034505
0.0041480
0.0055195
0.0073409
0.0075442
0.0065454
0.0062941
0.0070094
0.0087903
0.0110650
0.0118539
0.0109340
0.0105241
0.0109595
0.0111800
0.0109802
0.0103741
0.0104898
0.0108233
0.0104706
0.0104409
0.0101866
0.0083035
0.0063233
0.0053938
0.0038432
0.0017791
-0.0001900
-0.0006203
-0.0004852
-0.0010742
-0.0013248
-0.0021124
-0.0019937
-0.0007350
-0.0001593
0.0009561
0.0038590
0.0073620
0.0099091
0.0112612
0.0120720
0.0139516
0.0174969
0.0211126
0.0239523
0.0245799
0.0240556
0.0262276
0.0285490
0.0286018
0.0278126
0.0274231
0.0278873
0.0278655
0.0274043
0.0262166
0.0248368
0.0243169
0.0236937
0.0223241
0.0210221
0.0207580
0.0204533
0.0193691
0.0197136
0.0218844
0.0231405
0.0232066
0.0228658
0.0221705
0.0228871
0.0247060
0.0238552
0.0209337
0.0192366
0.0192327
0.0193636
0.0180991
0.0166210
0.0152817
0.0133728
0.0115638
0.0099165
0.0084204
0.0072935
0.0062412
0.0045308
0.0033351
0.0033854
0.0036815
0.0041836
0.0035865
0.0018071
0.0000167
-0.0010470
-0.0012191
-0.0018181
-0.0026752
-0.0026035
-0.0012081
0.0001349
0.0012072
0.0027722
0.0038327
0.0049295
0.0070225
0.0089080
0.0093531
0.0091478
0.0101650
0.0123742
0.0139261
0.0139702
0.0143443
0.0163763
0.0181171
0.0179012
0.0170568
0.0171511
0.0174016
0.0167384
0.0154777
0.0144857
0.0132966
0.0127476
0.0133270
0.0136902
0.0131575
0.0118534
0.0112699
0.0115289
0.0124424
0.0133398
0.0132449
0.0128550
0.0126727
0.0127324
0.0126461
0.0120104
0.0107441
0.0090805
0.0075119
0.0065734
0.0065252
0.0063231
0.0055027
0.0040113
0.0020517
0.0007451
0.0000369
-0.0009332
-0.0022776
-0.0025859
-0.0032407
-0.0061350
-0.0085262
-0.0100391
-0.0110581
-0.0115556
-0.0124168
-0.0125153
-0.0125321
-0.0116905
-0.0097466
-0.0084854
-0.0072548
-0.0057666
-0.0045843
-0.0033323
-0.0014546
-0.0001065
0.0010609
0.0034903
0.0054456
0.0061479
0.0069255
0.0081195
0.0101446
0.0115871
0.0117857
0.0120869
0.0127852
0.0149056
0.0166568
0.0161011
0.0153830
0.0161388
0.0181710
0.0200783
0.0215473
0.0228186
0.0234862
0.0241494
0.0248368
0.0245456
0.0246374
0.0258236
0.0259496
0.0261399
0.0268110
0.0263002
0.0248724
0.0229411
0.0214737
0.0204218
0.0186623
0.0149092
0.0108396
0.0082322
0.0058835
0.0050449
0.0052520
0.0053241
0.0067077
0.0080800
0.0082489
0.0099427
0.0118142
0.0115753
0.0113856
0.0109633
0.0111298
0.0131277
0.0143360
0.0146123
0.0147968
0.0147003
0.0158346
0.0165564
0.0167030
0.0170998
0.0177741
0.0190617
0.0187515
0.0178421
0.0178905
0.0199554
0.0221562
0.0214111
0.0202171
0.0204102
0.0206099
0.0205993
0.0209052
0.0211486
0.0219731
0.0240376
0.0253330
0.0248826
0.0244877
0.0244669
0.0252044
0.0267628
0.0275057
0.0269667
0.0274521
0.0286952
0.0290074
0.0291217
0.0287837
0.0290533
0.0290114
0.0281568
0.0274200
0.0261257
0.0249667
0.0239857
0.0235029
0.0237019
0.0236756
0.0235776
0.0225349
0.0215145
0.0217545
0.0214406
0.0210136
0.0192143
0.0169636
0.0163594
0.0159110
0.0154034
0.0140427
0.0121380
0.0109575
0.0095032
0.0077425
0.0074486
0.0068367
0.0053211
0.0049125
0.0051727
0.0050091
0.0041319
0.0044311
0.0041833
0.0024819
0.0025969
0.0026605
0.0027174
0.0036558
0.0036444
0.0030786
0.0033614
0.0049347
0.0068783
0.0072602
0.0055631
0.0051631
0.0050452
0.0041067
0.0043529
0.0039189
0.0019740
0.0013422
0.0020313
0.0018748
0.0016796
0.0014712
0.0012487
0.0012701
0.0011541
0.0000720
-0.0011939
-0.0011467
-0.0012595
-0.0018761
-0.0026023
-0.0032521
-0.0027519
-0.0019989
-0.0024364
-0.0016923
0.0014426
0.0029249
0.0016949
0.0021994
0.0049769
0.0068385
0.0081191
0.0096362
0.0101762
0.0106081
0.0112101
0.0109915
0.0111093
0.0113161
0.0113422
0.0124242
0.0131300
0.0128459
0.0135665
0.0146407
0.0152030
0.0162471
0.0176015
0.0187155
0.0211191
0.0233456
0.0239374
0.0255080
0.0271082
0.0276703
0.0273047
0.0257918
0.0257875
0.0274482
0.0288201
0.0293071
0.0287103
0.0300041
0.0323368
0.0331875
0.0341004
0.0352995
0.0369325
0.0380990
0.0377869
0.0380495
0.0392871
0.0406302
0.0415468
0.0413926
0.0408922
0.0405042
0.0398105
0.0399181
0.0402752
0.0376778
0.0358399
0.0362948
0.0364348
0.0359210
0.0334879
0.0315657
0.0312402
0.0302899
0.0285270
0.0261350
0.0232282
0.0211133
0.0203444
0.0195702
0.0173328
0.0157313
0.0165639
0.0159735
0.0144220
0.0138136
0.0123057
0.0117087
0.0114121
0.0109817
0.0110788
0.0102163
0.0097925
0.0091345
0.0091677
0.0103515
0.0094272
0.0088296
0.0100921
0.0099047
0.0085703
0.0091525
0.0102631
0.0097789
0.0090670
0.0096558
0.0098818
0.0084229
0.0060422
0.0037153
0.0036639
0.0043509
0.0043017
0.0042009
0.0035020
0.0039488
0.0053862
0.0053062
0.0041397
0.0027881
0.0018372
0.0021343
0.0022317
0.0016934
0.0009524
-0.0006805
-0.0006715
0.0004757
-0.0000985
-0.0003028
-0.0008612
-0.0018298
-0.0013137
-0.0004249
-0.0004900
-0.0018690
-0.0019523
-0.0024287
-0.0038822
-0.0039633
-0.0040763
-0.0037311
-0.0030283
-0.0034655
-0.0039160
-0.0032962
-0.0021124
0.0000519
0.0006767
-0.0000933
0.0013709
0.0023897
0.0017226
0.0025082
0.0048230
0.0059398
0.0052598
0.0044590
0.0053591
0.0067958
0.0074623
0.0070272
0.0059020
0.0055097
0.0049066
0.0051157
0.0052999
0.0044660
0.0040004
0.0045486
0.0048832
0.0036445
0.0037146
0.0039022
0.0021917
0.0014372
0.0011318
0.0002513
-0.0009115
-0.0024243
-0.0027621
-0.0028364
-0.0041962
-0.0054582
-0.0060214
-0.0068169
-0.0070563
-0.0071034
-0.0079854
-0.0083029
-0.0079640
-0.0089829
-0.0107523
-0.0111061
-0.0112983
-0.0111769
-0.0109460
-0.0121190
-0.0120046
-0.0111040
-0.0115716
-0.0107201
-0.0087270
-0.0079443
-0.0075955
-0.0077156
-0.0073408
-0.0060923
-0.0041201
-0.0019972
-0.0016791
-0.0009415
0.0008602
0.0034358
0.0060421
0.0072151
0.0084101
0.0098983
0.0113391
0.0136348
0.0159688
0.0178020
0.0193303
0.0207826
0.0234859
0.0258396
0.0271735
0.0283143
0.0296908
0.0309675
0.0313091
0.0315553
0.0321169
0.0323777
0.0321950
0.0316079
0.0312632
0.0304870
0.0281279
0.0267094
0.0257986
0.0235997
0.0217088
0.0205540
0.0191051
0.0176969
0.0170472
0.0165929
0.0163213
0.0166072
0.0164976
0.0153283
0.0140440
0.0139997
0.0148428
0.0152411
0.0157259
0.0164372
0.0161701
0.0160813
0.0168413
0.0170322
0.0178838
0.0193585
0.0204547
0.0216543
0.0224481
0.0228152
0.0223231
0.0219835
0.0219448
0.0214119
0.0215569
0.0218566
0.0218818
0.0226088
0.0239662
0.0249468
0.0252401
0.0252712
0.0252690
0.0257626
0.0277660
0.0298219
0.0296144
0.0286442
0.0285506
0.0289194
0.0291985
0.0285320
0.0283966
0.0291274
0.0285892
0.0272985
0.0266121
0.0260389
0.0248791
0.0237762
0.0222533
0.0208892
0.0208025
0.0208979
0.0210378
0.0211899
0.0212224
0.0214934
0.0216831
0.0218308
0.0223793
0.0227768
0.0221413
0.0220782
0.0242993
0.0269724
0.0268358
0.0252181
0.0252908
0.0248903
0.0235057
0.0229056
0.0226413
0.0226017
0.0221664
0.0207226
0.0193516
0.0189768
0.0195344
0.0204246
0.0201056
0.0187073
0.0190308
0.0214986
0.0224920
0.0220162
0.0216113
0.0211775
0.0217467
0.0218264
0.0215382
0.0217627
0.0216910
0.0216517
0.0218260
0.0219595
0.0217510
0.0218761
0.0220744
0.0221474
0.0228817
0.0240189
0.0245309
0.0244344
0.0245959
0.0247031
0.0247042
0.0241341
0.0231225
0.0225995
0.0230983
0.0223476
0.0197758
0.0180041
0.0158966
0.0142427
0.0135420
0.0119706
0.0103442
0.0093394
0.0080919
0.0056976
0.0024304
-0.0005314
-0.0022787
-0.0024248
-0.0027507
-0.0044792
-0.0060515
-0.0066298
-0.0077177
-0.0092259
-0.0097768
-0.0108254
-0.0118262
-0.0113804
-0.0113565
-0.0113910
-0.0109026
-0.0112771
-0.0111170
-0.0097965
-0.0092451
-0.0098035
-0.0094618
-0.0084959
-0.0086330
-0.0087415
-0.0068056
-0.0053231
-0.0060711
-0.0062690
-0.0058517
-0.0058805
-0.0066279
-0.0077262
-0.0082793
-0.0087380
-0.0095223
-0.0102200
-0.0102154
-0.0100518
-0.0116421
-0.0145361
-0.0168851
-0.0182108
-0.0191293
-0.0207762
-0.0218636
-0.0227414
-0.0243922
-0.0249208
-0.0251011
-0.0261425
-0.0262055
-0.0254028
-0.0260951
-0.0273854
-0.0276520
-0.0275450
-0.0283484
-0.0292345
-0.0294998
-0.0303411
-0.0314277
-0.0322115
-0.0328346
-0.0326295
-0.0327024
-0.0336351
-0.0345855
-0.0350697
-0.0343073
-0.0340404
-0.0344566
-0.0346002
-0.0341920
-0.0345187
-0.0363689
-0.0370653
-0.0364322
-0.0367695
-0.0383363
-0.0390628
-0.0394674
-0.0403100
-0.0400606
-0.0398597
-0.0409893
-0.0420369
-0.0422619
-0.0413407
-0.0392898
-0.0382846
-0.0390432
-0.0397109
-0.0397365
-0.0392226
-0.0389149
-0.0384201
-0.0365189
-0.0346173
-0.0350097
-0.0359528
-0.0351584
-0.0354320
-0.0353435
-0.0345989
-0.0353188
-0.0350788
-0.0351463
-0.0354438
-0.0351009
-0.0347825
-0.0344089
-0.0345858
-0.0344338
-0.0344028
-0.0339191
-0.0338975
-0.0344501
-0.0343803
-0.0355385
-0.0362296
-0.0361905
-0.0362896
-0.0358016
-0.0372957
-0.0387605
-0.0378138
-0.0379937
-0.0380458
-0.0367974
-0.0367127
-0.0369731
-0.0362948
-0.0359234
-0.0366430
-0.0374625
-0.0368326
-0.0366766
-0.0372642
-0.0370294
-0.0369615
-0.0358650
-0.0344057
-0.0333460
-0.0326576
-0.0320575
-0.0319349
-0.0328012
-0.0337884
-0.0347702
-0.0344112
-0.0328285
-0.0310782
-0.0302735
-0.0310181
-0.0319920
-0.0319452
-0.0307739
-0.0311172
-0.0321317
-0.0320966
-0.0330604
-0.0336045
-0.0343163
-0.0349008
-0.0346971
-0.0359754
-0.0372257
-0.0375207
-0.0371694
-0.0380710
-0.0396981
-0.0392994
-0.0389529
-0.0390293
-0.0378259
-0.0368738
-0.0367676
-0.0359701
-0.0360444
-0.0370760
-0.0365555
-0.0361029
-0.0365938
-0.0358750
-0.0349400
-0.0347723
-0.0347575
-0.0352265
-0.0358204
-0.0365118
-0.0371199
-0.0368661
-0.0361210
-0.0374265
-0.0384224
-0.0372330
-0.0380961
-0.0397382
-0.0400636
-0.0394510
-0.0389640
-0.0388540
-0.0373057
-0.0356629
-0.0350190
-0.0354100
-0.0362327
-0.0357253
-0.0352181
-0.0354359
-0.0353430
-0.0351628
-0.0354896
-0.0361553
-0.0353882
-0.0349980
-0.0369273
-0.0375071
-0.0366925
-0.0362983
-0.0360899
-0.0373307
-0.0379193
-0.0377881
-0.0389065
-0.0391516
-0.0389432
-0.0394520
-0.0396566
-0.0399818
-0.0399967
-0.0400654
-0.0403143
-0.0400412
-0.0397307
-0.0391968
-0.0384468
-0.0375477
-0.0365786
-0.0357107
-0.0350170
-0.0338457
-0.0321208
-0.0298427
-0.0281204
-0.0270497
-0.0258463
-0.0246936
-0.0231102
-0.0216945
-0.0205706
-0.0194743
-0.0182030
-0.0176229
-0.0167997
-0.0147988
-0.0136960
-0.0141611
-0.0150695
-0.0143914
-0.0134813
-0.0116755
-0.0093717
-0.0103402
-0.0109513
-0.0099867
-0.0102091
-0.0103375
-0.0103180
-0.0102668
-0.0101970
-0.0102189
-0.0098455
-0.0103573
-0.0103780
-0.0093971
-0.0101167
-0.0115257
-0.0122308
-0.0120489
-0.0107831
-0.0104741
-0.0097495
-0.0089109
-0.0099543
-0.0102934
-0.0099515
-0.0096374
-0.0097347
-0.0093936
-0.0075533
-0.0057533
-0.0049998
-0.0057716
-0.0061536
-0.0054497
-0.0052272
-0.0057595
-0.0056967
-0.0051890
-0.0052058
-0.0055870
-0.0059959
-0.0055918
-0.0040398
-0.0027127
-0.0040773
-0.0034056
-0.0022573
-0.0040640
-0.0034861
-0.0034518
-0.0044839
-0.0054423
-0.0061289
-0.0046301
-0.0046362
-0.0061383
-0.0059653
-0.0065278
-0.0071541
-0.0069625
-0.0085599
-0.0081041
-0.0069791
-0.0082270
-0.0093588
-0.0099584
-0.0099080
-0.0103446
-0.0114857
-0.0129829
-0.0153307
-0.0159246
-0.0162931
-0.0189487
-0.0208307
-0.0218920
-0.0235036
-0.0249556
-0.0247159
-0.0240533
-0.0245634
-0.0243709
-0.0241561
-0.0247247
-0.0256670
-0.0271734
-0.0273127
-0.0266108
-0.0266426
-0.0259575
-0.0258321
-0.0266653
-0.0261570
-0.0264186
-0.0269422
-0.0262457
-0.0264510
-0.0265770
-0.0265760
-0.0267666
-0.0266087
-0.0281750
-0.0301470
-0.0314189
-0.0313723
-0.0288620
-0.0278544
-0.0284227
-0.0278431
-0.0267965
-0.0261463
-0.0267045
-0.0267821
-0.0242815
-0.0222468
-0.0222503
-0.0225622
-0.0211441
-0.0183619
-0.0177378
-0.0179811
-0.0159787
-0.0147264
-0.0152315
-0.0146449
-0.0142078
-0.0144750
-0.0142293
-0.0137291
-0.0135245
-0.0134956
-0.0129502
-0.0116491
-0.0100286
-0.0091170
-0.0099672
-0.0108372
-0.0102883
-0.0102243
-0.0102045
-0.0101109
-0.0107035
-0.0110652
-0.0118288
-0.0129269
-0.0128574
-0.0131574
-0.0140767
-0.0140591
-0.0135995
-0.0134364
-0.0143927
-0.0150276
-0.0151485
-0.0157540
-0.0164617
-0.0180336
-0.0187172
-0.0180181
-0.0188627
-0.0209103
-0.0212701
-0.0213278
-0.0223718
-0.0228681
-0.0226544
-0.0221556
-0.0214366
-0.0193288
-0.0186799
-0.0189015
-0.0182801
-0.0169546
-0.0147422
-0.0144707
-0.0138576
-0.0119773
-0.0108119
-0.0103029
-0.0104135
-0.0105735
-0.0104406
-0.0101208
-0.0098870
-0.0104283
-0.0098969
-0.0078881
-0.0065258
-0.0053725
-0.0051288
-0.0051177
-0.0037482
-0.0025696
-0.0021224
-0.0009285
0.0012125
0.0019657
0.0012837
0.0015206
0.0013877
0.0013560
0.0018847
0.0019802
0.0020128
0.0021789
0.0032406
0.0029952
0.0021550
0.0026125
0.0028969
0.0023818
0.0026287
0.0037376
0.0035660
0.0029181
0.0017777
0.0010309
0.0016420
0.0019169
0.0021713
0.0018135
0.0012572
0.0016911
0.0016800
0.0010670
0.0016552
0.0032439
0.0026287
0.0003465
0.0009530
0.0018525
0.0007684
0.0012141
0.0020280
0.0021539
0.0031521
0.0030944
0.0018591
0.0005560
-0.0002527
-0.0003980
-0.0016371
-0.0015934
0.0009432
0.0016624
0.0007822
0.0007884
0.0002247
0.0013690
0.0010879
0.0002870
0.0025679
0.0016628
0.0005386
0.0018793
0.0015953
0.0013981
0.0021536
0.0016792
0.0016318
0.0014068
0.0015328
0.0020261
0.0012316
0.0010778
0.0014440
0.0026080
0.0046966
0.0060737
0.0056150
0.0048258
0.0054039
0.0057568
0.0050587
0.0060807
0.0078593
0.0081077
0.0094217
0.0114868
0.0124726
0.0131293
0.0140400
0.0153460
0.0165253
0.0171607
0.0172796
0.0171325
0.0175102
0.0191955
0.0213448
0.0217491
0.0225976
0.0245013
0.0256787
0.0267644
0.0271167
0.0283940
0.0304259
0.0307945
0.0319831
0.0340572
0.0348166
0.0349121
0.0353003
0.0371596
0.0391219
0.0394723
0.0387448
0.0382158
0.0399032
0.0426194
0.0435581
0.0428951
0.0425472
0.0433597
0.0450571
0.0444067
0.0423186
0.0424681
0.0428519
0.0429291
0.0429833
0.0428518
0.0428154
0.0428253
0.0434971
0.0444498
0.0452370
0.0458631
0.0460149
0.0462997
0.0468748
0.0470389
0.0468903
0.0467381
0.0460331
0.0449843
0.0442836
0.0444715
0.0439776
0.0426229
0.0420034
0.0403352
0.0387897
0.0387640
0.0378035
0.0356814
0.0344409
0.0333403
0.0318959
0.0305323
0.0287691
0.0275090
0.0263808
0.0253829
0.0242653
0.0223877
0.0213090
0.0204447
0.0201758
0.0207540
0.0199852
0.0189831
0.0186961
0.0178102
0.0167319
0.0171013
0.0177231
0.0176833
0.0174318
0.0163535
0.0151929
0.0151305
0.0153427
0.0160935
0.0174430
0.0175974
0.0173966
0.0176059
0.0175313
0.0172253
0.0174861
0.0177930
0.0176033
0.0175803
0.0172130
0.0174721
0.0175370
0.0155408
0.0145689
0.0150339
0.0143812
0.0130010
0.0114592
0.0110504
0.0110504
0.0098035
0.0091738
0.0087273
0.0083316
0.0085185
0.0079578
0.0073134
0.0069863
0.0068771
0.0073928
0.0082359
0.0083201
0.0079875
0.0086878
0.0091975
0.0092102
0.0096543
0.0092772
0.0088100
0.0091876
0.0090045
0.0079414
0.0063323
0.0052300
0.0050562
0.0039438
0.0023729
0.0014386
0.0006653
0.0003859
-0.0004118
-0.0020443
-0.0029166
-0.0036404
-0.0053125
-0.0059586
-0.0055843
-0.0065552
-0.0084339
-0.0095416
-0.0101423
-0.0111264
-0.0118692
-0.0120867
-0.0126899
-0.0138144
-0.0147391
-0.0151760
-0.0159170
-0.0172501
-0.0184327
-0.0195137
-0.0204576
-0.0215821
-0.0226051
-0.0236479
-0.0244712
-0.0239432
-0.0238163
-0.0242828
-0.0243685
-0.0242062
-0.0239983
-0.0245683
-0.0246651
-0.0225427
-0.0205637
-0.0204339
-0.0204428
-0.0211051
-0.0210262
-0.0203390
-0.0207430
-0.0197677
-0.0182334
-0.0173300
-0.0167087
-0.0169744
-0.0171053
-0.0164338
-0.0154446
-0.0142418
-0.0126567
-0.0108449
-0.0098337
-0.0087388
-0.0079697
-0.0081466
-0.0081298
-0.0080252
-0.0075405
-0.0076169
-0.0076835
-0.0066880
-0.0055341
-0.0047302
-0.0036609
-0.0032422
-0.0032757
-0.0016230
-0.0002307
0.0001908
0.0000766
-0.0005087
-0.0001726
-0.0009217
-0.0023908
-0.0023518
-0.0030591
-0.0040672
-0.0043474
-0.0049677
-0.0047108
-0.0037385
-0.0037836
-0.0041807
-0.0040328
-0.0038688
-0.0039827
-0.0039318
-0.0037452
-0.0036375
-0.0029253
-0.0012371
0.0006590
0.0017723
0.0020217
0.0030298
0.0039387
0.0041046
0.0048983
0.0055154
0.0062549
0.0076230
0.0085296
0.0081149
0.0074671
0.0074232
0.0085604
0.0081487
0.0073739
0.0097438
0.0111528
0.0119450
0.0127657
0.0124287
0.0135597
0.0153368
0.0162499
0.0167354
0.0176395
0.0192798
0.0194441
0.0187877
0.0183264
0.0177127
0.0170341
0.0165663
0.0163168
0.0151926
0.0144170
0.0141533
0.0134206
0.0128823
0.0125803
0.0121948
0.0117906
0.0119703
0.0115580
0.0108802
0.0121442
0.0123307
0.0120195
0.0124555
0.0121512
0.0124763
0.0125518
0.0135956
0.0142341
0.0134792
0.0137317
0.0131332
0.0141292
0.0169013
0.0174745
0.0164324
0.0157712
0.0161525
0.0162551
0.0162330
0.0168231
0.0168681
0.0162142
0.0156884
0.0153028
0.0146889
0.0138539
0.0129506
0.0123467
0.0119917
0.0116707
0.0122077
0.0121446
0.0119348
0.0120511
0.0113890
0.0116182
0.0116300
0.0110308
0.0113325
0.0120931
0.0125782
0.0121456
0.0117021
0.0128689
0.0141812
0.0151911
0.0166515
0.0169212
0.0167473
0.0183675
0.0208470
0.0213984
0.0208394
0.0208817
0.0209310
0.0213876
0.0230469
0.0248586
0.0257758
0.0253112
0.0242402
0.0249368
0.0260151
0.0255579
0.0246268
0.0247893
0.0252456
0.0249867
0.0253274
0.0260073
0.0264182
0.0276486
0.0291663
0.0293388
0.0279768
0.0285941
0.0303837
0.0300959
0.0317637
0.0335974
0.0331597
0.0340495
0.0357713
0.0362022
0.0367380
0.0380289
0.0395166
0.0404193
0.0410803
0.0424808
0.0415972
0.0405164
0.0417020
0.0422847
0.0418393
0.0428616
0.0443079
0.0437628
0.0447911
0.0462308
0.0453997
0.0458366
0.0458562
0.0455055
0.0459445
0.0445910
0.0432961
0.0432233
0.0433529
0.0429136
0.0422313
0.0410412
0.0400947
0.0398899
0.0392696
0.0394832
0.0388657
0.0363137
0.0347585
0.0340981
0.0333794
0.0330080
0.0318649
0.0309492
0.0307956
0.0302996
0.0300442
0.0287153
0.0274446
0.0269386
0.0262214
0.0252717
0.0230505
0.0217938
0.0207055
0.0190041
0.0186100
0.0175023
0.0155882
0.0136145
0.0121724
0.0121894
0.0113892
0.0095526
0.0087434
0.0084407
0.0083945
0.0089288
0.0084856
0.0079715
0.0080559
0.0065896
0.0054371
0.0060720
0.0070445
0.0072390
0.0062246
0.0061439
0.0067954
0.0065399
0.0073426
0.0082435
0.0078920
0.0077181
0.0076283
0.0076770
0.0083699
0.0088466
0.0102589
0.0130059
0.0131507
0.0114183
0.0114749
0.0117358
0.0123549
0.0152611
0.0165366
0.0154027
0.0149455
0.0144582
0.0135794
0.0139049
0.0148169
0.0147100
0.0141097
0.0134372
0.0118367
0.0103794
0.0100186
0.0104328
0.0097298
0.0083519
0.0084775
0.0078298
0.0076286
0.0069167
0.0041497
0.0039294
0.0040643
0.0030936
0.0041913
0.0042359
0.0032886
0.0026838
0.0016344
0.0021501
0.0026668
0.0029019
0.0036033
0.0035899
0.0025502
0.0014915
0.0009786
0.0013635
0.0023537
0.0013877
0.0008942
0.0016973
0.0015669
0.0051329
0.0038003
0.0029175
0.0032885
0.0036859
0.0035951
0.0033449
0.0031402
0.0034292
0.0032175
0.0037797
0.0048851
0.0044082
0.0041979
0.0045033
0.0059383
0.0070569
0.0054006
0.0040710
0.0036920
0.0026535
0.0037958
0.0067976
0.0069702
0.0066267
0.0063985
0.0058721
0.0076059
0.0089055
0.0095701
0.0103129
0.0098764
0.0103366
0.0105500
0.0085859
0.0070312
0.0058980
0.0057429
0.0061647
0.0048866
0.0037108
0.0034679
0.0025436
0.0012611
0.0003405
-0.0004548
-0.0016681
-0.0026762
-0.0031899
-0.0041041
-0.0047654
-0.0052865
-0.0057800
-0.0060035
-0.0067242
-0.0079531
-0.0077873
-0.0078354
-0.0091031
-0.0092864
-0.0091603
-0.0090884
-0.0092637
-0.0100406
-0.0104133
-0.0103510
-0.0107913
-0.0114896
-0.0120269
-0.0120950
-0.0121438
-0.0125877
-0.0128269
-0.0139701
-0.0145614
-0.0146935
-0.0158563
-0.0165843
-0.0165737
-0.0161302
-0.0162766
-0.0164918
-0.0163575
-0.0165243
-0.0164294
-0.0164977
-0.0167675
-0.0165140
-0.0163560
-0.0165954
-0.0168900
-0.0164496
-0.0153245
-0.0148380
-0.0139237
-0.0136138
-0.0144559
-0.0150391
-0.0160567
-0.0166824
-0.0173414
-0.0169620
-0.0155959
-0.0159597
-0.0171446
-0.0170319
-0.0154195
-0.0142407
-0.0134122
-0.0131961
-0.0140629
-0.0136156
-0.0131227
-0.0133846
-0.0134293
-0.0128011
-0.0111822
-0.0110083
-0.0112306
-0.0103346
-0.0095165
-0.0094456
-0.0101972
-0.0101775
-0.0091626
-0.0080067
-0.0067877
-0.0059302
-0.0058382
-0.0062516
-0.0063684
-0.0061303
-0.0057091
-0.0059047
-0.0060730
-0.0056943
-0.0058502
-0.0058337
-0.0057997
-0.0059784
-0.0058666
-0.0055356
-0.0064294
-0.0076838
-0.0080169
-0.0083443
-0.0088895
-0.0096709
-0.0093020
-0.0091606
-0.0092663
-0.0091364
-0.0102896
-0.0109033
-0.0111756
-0.0113982
-0.0102254
-0.0092892
-0.0094763
-0.0101330
-0.0102692
-0.0091882
-0.0086609
-0.0090637
-0.0086042
-0.0066009
-0.0050042
-0.0052366
-0.0052096
-0.0053437
-0.0058116
-0.0044502
-0.0033765
-0.0033283
-0.0036130
-0.0042796
-0.0043533
-0.0033696
-0.0024147
-0.0021559
-0.0015689
-0.0015969
-0.0020178
-0.0020004
-0.0018249
-0.0017275
-0.0018679
-0.0020991
-0.0020382
-0.0019290
-0.0022120
-0.0023987
-0.0028520
-0.0027482
-0.0023170
-0.0034149
-0.0041144
-0.0044850
-0.0059273
-0.0058770
-0.0061661
-0.0073777
-0.0072573
-0.0080368
-0.0093191
-0.0093793
-0.0089144
-0.0087875
-0.0091602
-0.0099307
-0.0107911
-0.0110467
-0.0107737
-0.0104948
-0.0109674
-0.0121302
-0.0128972
-0.0126803
-0.0122322
-0.0129527
-0.0139613
-0.0136509
-0.0125440
-0.0120526
-0.0123165
-0.0121941
-0.0125941
-0.0126022
-0.0118784
-0.0117943
-0.0108221
-0.0095342
-0.0087398
-0.0086109
-0.0085762
-0.0076405
-0.0064947
-0.0057935
-0.0052400
-0.0053398
-0.0058139
-0.0045112
-0.0023756
-0.0015606
-0.0023733
-0.0025349
-0.0013115
-0.0000410
0.0007756
0.0007219
0.0003597
0.0006966
0.0009285
0.0004991
0.0006805
0.0006341
0.0009578
0.0016505
0.0019030
0.0027521
0.0029053
0.0026508
0.0034016
0.0036634
0.0030364
0.0029552
0.0029926
0.0031569
0.0040878
0.0048816
0.0047325
0.0048814
0.0058539
0.0059618
0.0054043
0.0053410
0.0054506
0.0053038
0.0053204
0.0054724
0.0051005
0.0048516
0.0050531
0.0048739
0.0049679
0.0047380
0.0042907
0.0048822
0.0044946
0.0040507
0.0045529
0.0041698
0.0037511
0.0038225
0.0040569
0.0045261
0.0046308
0.0041994
0.0037465
0.0033375
0.0035758
0.0041175
0.0047598
0.0058201
0.0061932
0.0058022
0.0052857
0.0053119
0.0054918
0.0052982
0.0044465
0.0035208
0.0033127
0.0029210
0.0023167
0.0019429
0.0017412
0.0011748
0.0002942
0.0000044
-0.0002970
-0.0011103
-0.0015473
-0.0012124
-0.0011886
-0.0016071
-0.0013933
-0.0015846
-0.0019077
-0.0017777
-0.0023770
-0.0030330
-0.0034222
-0.0038106
-0.0038406
-0.0039707
-0.0043993
-0.0048032
-0.0048827
-0.0046005
-0.0045406
-0.0048734
-0.0047231
-0.0046535
-0.0057960
-0.0061944
-0.0060215
-0.0068171
-0.0073851
-0.0074436
-0.0073230
-0.0071854
-0.0072249
-0.0073375
-0.0073930
-0.0074773
-0.0073918
-0.0069660
-0.0063875
-0.0056145
-0.0053593
-0.0054566
-0.0052791
-0.0050929
-0.0050038
-0.0051328
-0.0052601
-0.0052409
-0.0051869
-0.0051797
-0.0046605
-0.0032804
-0.0026458
-0.0030360
-0.0034069
-0.0035222
-0.0032376
-0.0033551
-0.0034132
-0.0033556
-0.0036720
-0.0037609
-0.0033995
-0.0023806
-0.0016018
-0.0015227
-0.0019831
-0.0023310
-0.0021851
-0.0022587
-0.0022119
-0.0023089
-0.0023858
-0.0019519
-0.0020112
-0.0022596
-0.0021330
-0.0023456
-0.0031009
-0.0034709
-0.0032554
-0.0031997
-0.0035239
-0.0037054
-0.0036335
-0.0035738
-0.0032904
-0.0035791
-0.0043562
-0.0042543
-0.0040644
-0.0042327
-0.0042796
-0.0045188
-0.0047555
-0.0047998
-0.0050669
-0.0056769
-0.0059990
-0.0058667
-0.0059968
-0.0064914
-0.0060185
-0.0051325
-0.0051946
-0.0055909
-0.0058435
-0.0058069
-0.0057633
-0.0059311
-0.0058600
-0.0057955
-0.0063410
-0.0067484
-0.0067671
-0.0069175
-0.0070597
-0.0074982
-0.0080473
-0.0083713
-0.0084407
-0.0081584
-0.0083315
-0.0086205
-0.0089654
-0.0097186
-0.0099570
-0.0098045
-0.0098458
-0.0101587
-0.0103694
-0.0103428
-0.0103073
-0.0102951
-0.0104409
-0.0108759
-0.0112464
-0.0113765
-0.0116435
-0.0119970
-0.0122796
-0.0128284
-0.0132494
-0.0133661
-0.0139040
-0.0146597
-0.0152358
-0.0155486
-0.0158389
-0.0162587
-0.0166752
-0.0167595
-0.0166282
-0.0168906
-0.0169717
-0.0166629
-0.0165234
-0.0165091
-0.0162911
-0.0161849
-0.0161740
-0.0161643
-0.0165007
-0.0167903
-0.0169246
-0.0169013
-0.0168922
-0.0170351
-0.0173981
-0.0178424
-0.0178697
-0.0176947
-0.0173845
-0.0169733
-0.0168860
-0.0172144
-0.0175469
-0.0175614
-0.0173001
-0.0169166
-0.0168114
-0.0172394
-0.0177095
-0.0176222
-0.0168733
-0.0161914
-0.0161196
-0.0162711
-0.0164461
-0.0165003
-0.0162438
-0.0160187
-0.0158665
-0.0155382
-0.0154235
-0.0154992
-0.0156265
-0.0159610
-0.0159466
-0.0155943
-0.0156585
-0.0159014
-0.0158490
-0.0157427
-0.0153512
-0.0149164
-0.0147935
-0.0146367
-0.0144495
-0.0141569
-0.0140315
-0.0140387
-0.0140175
-0.0141447
-0.0140415
-0.0138329
-0.0137099
-0.0133699
-0.0130540
-0.0129215
-0.0128067
-0.0125906
-0.0124705
-0.0121953
-0.0117474
-0.0118361
-0.0119252
-0.0116108
-0.0112498
-0.0109953
-0.0108711
-0.0107564
-0.0105937
-0.0102761
-0.0099542
-0.0097296
-0.0095003
-0.0092183
-0.0089505
-0.0088306
-0.0084901
-0.0078544
-0.0073730
-0.0071083
-0.0068226
-0.0064928
-0.0063142
-0.0060762
-0.0057608
-0.0056469
-0.0056036
-0.0055233
-0.0054458
-0.0055089
-0.0052987
-0.0048820
-0.0047923
-0.0045931
-0.0042939
-0.0041652
-0.0040385
-0.0039574
-0.0038579
-0.0037302
-0.0036309
-0.0034547
-0.0032742
-0.0029599
-0.0026927
-0.0025751
-0.0023506
-0.0020945
-0.0018504
-0.0017062
-0.0014947
-0.0011727
-0.0010102
-0.0009701
-0.0010446
-0.0010181
-0.0006573
-0.0002374
0.0000952
0.0004574
0.0007102
0.0008369
0.0012278
0.0016725
0.0019340
0.0021883
0.0024158
0.0027578
0.0031715
0.0033715
0.0035379
0.0038387
0.0040779
0.0043458
0.0046006
0.0048081
0.0051078
0.0052013
0.0053479
0.0057431
0.0059618
0.0061344
0.0062476
0.0062282
0.0064003
0.0066875
0.0068410
0.0069441
0.0070334
0.0070940
0.0071045
0.0071589
0.0072748
0.0072687
0.0073321
0.0074142
0.0073942
0.0075004
0.0075454
0.0075615
0.0076474
0.0076596
0.0076993
0.0076846
0.0077595
0.0078975
0.0078473
0.0078220
0.0079203
0.0079794
0.0079524
0.0079957
0.0079807
0.0078676
0.0079318
0.0080248
0.0080776
0.0081115
0.0081438
0.0082113
0.0082070
0.0082632
0.0082982
0.0083143
0.0084080
0.0084942
0.0085775
0.0085711
0.0085688
0.0086396
0.0087246
0.0087490
0.0086896
0.0086961
0.0087426
0.0087108
0.0087435
0.0088696
0.0088501
0.0087304
0.0086985
0.0087145
0.0086530
0.0086003
0.0085976
0.0085323
0.0085260
0.0086044
0.0086043
0.0085249
0.0084385
0.0083924
0.0083567
0.0083021
0.0082322
0.0081767
0.0081606
0.0081681
0.0081408
0.0080623
0.0079911
0.0079119
0.0078507
0.0077952
0.0077113
0.0076291
0.0075770
0.0075485
0.0074866
0.0073845
0.0072908
0.0072272
0.0071604
0.0070741
0.0069731
0.0068883
0.0068092
0.0067439
0.0067107
0.0066305
0.0065466
0.0065067
0.0064334
0.0063292
0.0062512
0.0061722
0.0060797
0.0059981
0.0059121
0.0058192
0.0057389
0.0056620
0.0055683
0.0054763
0.0053904
0.0053065
0.0052196
0.0051426
0.0050776
0.0049910
0.0048945
0.0048007
0.0047076
0.0046277
0.0045400
0.0044430
0.0043486
0.0042516
0.0041635
0.0040726
0.0039748
0.0038871
0.0038022
0.0037097
0.0036181
0.0035279
0.0034296
0.0033348
0.0032511
0.0031636
0.0030635
0.0029634
0.0028675
0.0027737
0.0026772
0.0025782
0.0024852
0.0023916
0.0022979
0.0022063
0.0021101
0.0020110
0.0019154
0.0018215
0.0017276
0.0016342
0.0015396
0.0014458
0.0013529
0.0012597
0.0011676
0.0010751
0.0009831
0.0008921
0.0008002
0.0007089
0.0006186
0.0005285
0.0004385
0.0003486
0.0002592
0.0001702
0.0000814
-0.0000070
-0.0000951
-0.0001827
