-0.0056679
-0.0048968
-0.0014846
-0.0012295
-0.0075968
-0.0030883
0.0036310
0.0018252
-0.0007914
-0.0056646
-0.0087206
-0.0085577
-0.0099425
-0.0148795
-0.0233788
-0.0243601
-0.0184745
-0.0111283
-0.0099254
-0.0145504
-0.0135630
-0.0107332
-0.0080612
-0.0035233
0.0022672
0.0081417
0.0127884
0.0058619
-0.0085993
-0.0071984
0.0033567
0.0060117
-0.0011908
-0.0030904
0.0052713
0.0087248
0.0134059
0.0174474
0.0146925
0.0099846
0.0167791
0.0220730
0.0065596
-0.0044259
-0.0040050
-0.0102580
-0.0177654
-0.0001988
0.0124994
0.0030963
0.0022978
0.0019886
0.0013314
0.0032726
0.0076855
0.0041672
-0.0060412
-0.0059220
-0.0020887
-0.0070915
-0.0212635
-0.0341844
-0.0270130
-0.0063068
0.0045919
0.0062771
0.0032400
0.0014688
0.0119176
0.0212123
0.0228456
0.0198242
0.0124342
0.0096617
0.0089925
0.0089319
0.0023359
-0.0022232
-0.0024270
-0.0012204
-0.0069338
-0.0073987
0.0047824
0.0162500
0.0193782
0.0129702
0.0093699
0.0094455
0.0093662
0.0139252
0.0146608
0.0047740
-0.0063083
-0.0047578
0.0124366
0.0194757
0.0154812
0.0137534
0.0126814
0.0025523
-0.0100885
0.0016608
0.0039491
-0.0164961
-0.0273833
-0.0216847
0.0007486
0.0177946
0.0174825
0.0253401
0.0357519
0.0271312
0.0185252
0.0008811
-0.0225644
-0.0197523
-0.0150877
-0.0254186
-0.0361091
-0.0321241
-0.0149728
-0.0145416
-0.0287977
-0.0305274
-0.0186190
-0.0082805
0.0027611
0.0176156
0.0237887
0.0217905
0.0284749
0.0213753
-0.0068910
-0.0173542
-0.0231847
-0.0299929
-0.0282802
-0.0418963
-0.0433527
-0.0046454
0.0402639
0.0619107
0.0710352
0.0639908
0.0450167
0.0387682
0.0424670
0.0412810
0.0231645
0.0182261
0.0285585
0.0124035
-0.0322494
-0.0634796
-0.0508568
-0.0060707
0.0257495
0.0404325
0.0439609
0.0251319
0.0140465
0.0159742
0.0224959
0.0269114
0.0255080
0.0092961
-0.0201028
-0.0447912
-0.0648117
-0.0689688
-0.0635721
-0.0355895
0.0064925
0.0182047
0.0218074
0.0127213
-0.0076387
-0.0080850
-0.0079447
-0.0209472
-0.0355269
-0.0470453
-0.0426367
-0.0272832
-0.0161567
0.0051189
0.0135215
0.0223647
0.0338269
0.0425934
0.0266630
-0.0084884
-0.0145952
0.0023363
0.0140872
0.0036306
-0.0061951
0.0035408
0.0203807
0.0389023
0.0678828
0.0896779
0.1097970
0.1253131
0.1548578
0.1897242
0.2048938
0.1458135
0.0393137
-0.0559503
-0.1369484
-0.1414291
-0.1075648
-0.1145025
-0.1667284
-0.2314832
-0.3075177
-0.3337950
-0.3210718
-0.1087001
0.0192634
-0.0017048
0.0354901
0.1475258
0.2547795
0.3155244
0.3435372
0.3324064
0.2753881
0.0766463
-0.0267503
-0.1366629
-0.2013463
-0.1226542
-0.0301902
-0.0176043
-0.0401841
0.0196711
0.0906911
0.1230272
0.0265074
-0.1344603
-0.2234115
-0.2915894
-0.2746743
-0.1651360
-0.0473210
0.0311565
0.0938486
0.1341992
0.1949319
0.2883656
0.3524947
0.3484271
0.3435184
0.3276220
0.3015296
0.2095915
0.0945196
0.0001921
-0.0213438
0.0079785
0.0576097
0.1885494
0.2062752
0.1760863
0.1662762
0.1088755
-0.0090317
-0.1784488
-0.2747899
-0.1953279
-0.1073931
-0.1788621
-0.3155663
-0.4070334
-0.4692753
-0.4999917
-0.5251636
-0.5569319
-0.5021014
-0.3576389
-0.1752366
0.0204194
0.0572990
0.0167045
0.0154881
0.0148377
0.1079421
0.1648759
0.1021499
-0.0884200
-0.2485342
-0.2530094
-0.1640985
0.0177908
0.1279936
0.1744679
0.1855611
0.2118269
0.2546755
0.2891257
0.1816249
-0.0630467
-0.1706675
-0.2078358
-0.0352330
0.2343154
0.3154608
0.3191384
0.2735977
0.1807868
0.0819064
0.0156193
-0.0970485
-0.1922052
-0.2655953
-0.2337316
-0.0179548
0.0823971
0.1672096
0.2202324
0.2235213
0.1833965
0.0353181
-0.0791393
-0.1455086
-0.1811828
-0.1267165
0.0392059
0.1225220
0.1284569
0.0787578
0.0162979
-0.0007425
0.0278667
0.1017763
0.1358904
0.0470696
-0.0872624
-0.1760761
-0.2505803
-0.3036523
-0.3206094
-0.2787419
-0.2344700
-0.2201804
-0.2049501
-0.1174752
-0.0111506
0.0611903
0.0930196
0.0331529
-0.0755218
-0.0922267
-0.0302946
0.0355506
0.1030156
0.1571654
0.1334063
0.0315864
-0.0149578
-0.0210995
-0.0235844
0.0048486
0.0451818
0.0558513
0.0589524
0.1049615
0.1466964
0.1695563
0.1545110
0.0360324
-0.0651127
-0.1321460
-0.2004417
-0.2327881
-0.2404437
-0.1632070
-0.0095235
0.1144826
0.2353500
0.3194360
0.3432467
0.3331881
0.2526828
0.1543737
0.0619287
-0.0125997
-0.0425972
-0.0581459
-0.0673422
-0.0639691
-0.0312832
-0.0002112
-0.0276235
-0.0881235
-0.1251561
-0.1146096
-0.0953613
-0.0541284
0.0033277
0.0214322
0.0093910
-0.0197092
-0.0671019
-0.1157033
-0.1423745
-0.1635191
-0.1697600
-0.1553072
-0.1194818
-0.0985565
-0.1122752
-0.1210770
-0.1049567
-0.0608604
-0.0166327
0.0216049
0.0647019
0.0919810
0.1082545
0.1039952
0.0686748
-0.0015034
-0.0727620
-0.1357137
-0.1884555
-0.2301625
-0.2493478
-0.2584440
-0.2211457
-0.0494197
0.0802953
0.1717296
0.2848904
0.3411038
0.3386473
0.2389481
0.1081632
0.0537745
0.0379875
0.0421480
0.0592657
0.0737525
0.0788888
0.0776328
0.0721627
0.0543872
0.0023008
-0.0636138
-0.0995037
-0.1299267
-0.1070596
-0.0222576
0.0507721
0.1048064
0.1321321
0.1159585
0.0582047
-0.0003273
-0.0390250
-0.0518618
-0.0271375
0.0292578
0.0956063
0.1473799
0.1891057
0.2134207
0.2172948
0.1617865
0.0751670
0.0142206
-0.0195043
-0.0361056
-0.0375389
-0.0328408
-0.0190739
-0.0058684
-0.0092576
-0.0204644
-0.0408139
-0.0604721
-0.0725087
-0.0676604
-0.0469323
-0.0230558
-0.0252985
-0.0495642
-0.0749324
-0.0905183
-0.0879087
-0.0642639
-0.0482670
-0.0433231
-0.0422820
-0.0309987
-0.0152997
-0.0147406
-0.0381411
-0.0525067
-0.0332350
0.0041583
0.0356619
0.0684449
0.0857446
0.1087127
0.1309852
0.1562392
0.1511224
0.0198810
-0.0292452
-0.0530984
-0.0653211
-0.0468129
-0.0348991
-0.0214317
-0.0207371
0.0041544
0.0383006
0.0738720
0.0953353
0.1114513
0.1118186
0.1038907
0.0699514
0.0242358
-0.0082722
-0.0311720
-0.0396024
-0.0281382
-0.0085100
0.0154131
0.0387688
0.0446174
0.0356902
0.0075743
-0.0355886
-0.0673967
-0.0810035
-0.0836224
-0.0851713
-0.0806080
-0.0597301
-0.0328505
-0.0017569
0.0195264
0.0305616
0.0390086
0.0388747
0.0218763
0.0011151
-0.0220766
-0.0531935
-0.0797559
-0.1027620
-0.1163144
-0.1131763
-0.0986569
-0.0564267
0.0189915
0.0632292
0.0810752
0.0811607
0.0643378
0.0395468
-0.0128768
-0.0539868
-0.0765668
-0.0818655
-0.0727847
-0.0099125
0.0419231
0.0473472
0.0293390
-0.0264598
-0.0630995
-0.0733327
-0.0643995
-0.0408126
-0.0168647
-0.0029805
0.0123363
0.0182511
0.0140534
0.0055401
0.0013779
0.0072425
0.0206285
0.0372040
0.0513504
0.0625197
0.0702370
0.0677534
0.0627672
0.0712879
0.0835698
0.0926417
0.1032435
0.1090108
0.0969911
0.0599918
0.0277105
0.0096080
0.0120252
0.0276632
0.0388589
0.0495314
0.0595805
0.0589969
0.0497290
0.0471363
0.0522037
0.0592297
0.0436977
0.0056946
-0.0302686
-0.0542017
-0.0725150
-0.0781173
-0.0756942
-0.0585041
-0.0467762
-0.0451697
-0.0420583
-0.0383559
-0.0304808
-0.0245336
-0.0146688
-0.0025711
0.0089902
0.0097729
-0.0122708
-0.0419005
-0.0619603
-0.0725532
-0.0798667
-0.0824180
-0.0736217
-0.0600148
-0.0395260
-0.0238908
-0.0135543
-0.0066653
-0.0029554
-0.0012501
-0.0155543
-0.0349537
-0.0557091
-0.0718792
-0.0654987
-0.0342003
0.0014342
0.0187938
0.0324556
0.0445298
0.0551006
0.0623552
0.0624364
0.0503963
0.0330396
0.0232015
0.0172205
0.0193887
0.0237058
0.0312582
0.0355695
0.0390510
0.0415625
0.0370173
0.0287061
0.0299236
0.0377545
0.0477950
0.0582303
0.0541993
0.0483672
0.0497131
0.0534039
0.0532994
0.0400508
0.0097151
-0.0172718
-0.0298528
-0.0397911
-0.0489940
-0.0579108
-0.0702295
-0.0802414
-0.0803209
-0.0682848
-0.0537725
-0.0446282
-0.0458380
-0.0421663
-0.0411225
-0.0495647
-0.0434065
-0.0210826
0.0078534
0.0351017
0.0564352
0.0631477
0.0521261
0.0221797
-0.0177553
-0.0379503
-0.0405572
-0.0345257
-0.0253931
-0.0106862
0.0197001
0.0427405
0.0498775
0.0480178
0.0332438
0.0076883
-0.0105670
-0.0110560
-0.0091601
-0.0135799
-0.0232320
-0.0384496
-0.0490156
-0.0407627
-0.0330272
-0.0291932
-0.0125199
0.0053325
0.0238938
0.0436932
0.0540582
0.0363837
0.0116360
-0.0047312
-0.0156139
-0.0163194
-0.0195289
-0.0299002
-0.0282016
0.0006431
0.0498542
0.0920453
0.1089516
0.1012967
0.0650673
0.0247731
0.0043101
-0.0086654
-0.0232902
-0.0472891
-0.0693675
-0.0728732
-0.0391732
0.0101456
0.0235234
0.0082369
-0.0195660
-0.0444726
-0.0498031
-0.0477844
-0.0489466
-0.0464211
-0.0359704
-0.0260266
-0.0132824
0.0026114
0.0034465
-0.0068714
-0.0198040
-0.0285286
-0.0250774
-0.0150481
-0.0161733
-0.0235006
-0.0214422
-0.0177476
-0.0281378
-0.0379339
-0.0370692
-0.0239666
-0.0019088
0.0135180
0.0247104
0.0260496
0.0196377
0.0131005
0.0147730
0.0240507
0.0225852
0.0159243
0.0179018
0.0239460
0.0223271
0.0050719
-0.0332544
-0.0605101
-0.0580682
-0.0294748
0.0149527
0.0487783
0.0714938
0.0725503
0.0517991
0.0250504
0.0143629
0.0078849
-0.0062132
-0.0331548
-0.0562157
-0.0622809
-0.0305363
0.0223440
0.0461813
0.0633624
0.0748410
0.0844419
0.0905024
0.0858948
0.0469072
-0.0018200
-0.0179225
-0.0116879
0.0069834
0.0294279
0.0416096
0.0527022
0.0742182
0.0769552
0.0268029
-0.0534097
-0.0979435
-0.1150113
-0.0720942
0.0221471
0.0849972
0.1216178
0.1256432
0.0828603
0.0134015
-0.0280606
-0.0406756
-0.0312587
-0.0051262
0.0148497
0.0300989
0.0281447
0.0024549
-0.0267325
-0.0418692
-0.0461432
-0.0388221
-0.0315850
-0.0333814
-0.0420048
-0.0439575
-0.0379392
-0.0255418
-0.0155557
-0.0073767
0.0096118
0.0369104
0.0514434
0.0374742
0.0144832
-0.0184079
-0.0490748
-0.0672977
-0.0639454
-0.0400766
-0.0172336
-0.0091709
-0.0112043
-0.0191629
-0.0227306
-0.0072261
0.0140016
0.0337835
0.0466822
0.0508111
0.0453244
0.0318449
0.0137269
0.0076389
0.0228001
0.0378448
0.0219422
-0.0103075
-0.0236278
-0.0007654
0.0373858
0.0568980
0.0411812
-0.0006517
-0.0251869
-0.0385220
-0.0451596
-0.0446369
-0.0441202
-0.0445187
-0.0455156
-0.0429901
-0.0349298
-0.0124504
0.0166880
0.0298833
0.0202274
0.0026535
-0.0107005
-0.0221192
-0.0277323
-0.0262869
-0.0179051
-0.0034761
0.0187042
0.0416700
0.0584354
0.0705932
0.0659176
0.0394313
0.0051259
-0.0049499
-0.0056135
-0.0026114
0.0073062
0.0240228
0.0399216
0.0418300
0.0294653
0.0050838
-0.0110895
-0.0260395
-0.0395465
-0.0479405
-0.0488279
-0.0382528
-0.0324738
-0.0397151
-0.0475313
-0.0448297
-0.0324548
-0.0167653
-0.0029903
-0.0018407
-0.0102493
-0.0148537
-0.0038466
0.0338543
0.0662005
0.0765370
0.0734788
0.0622035
0.0325782
-0.0036443
-0.0329659
-0.0562195
-0.0702066
-0.0774419
-0.0766223
-0.0758218
-0.0644828
-0.0463802
-0.0191866
0.0213018
0.0490040
0.0544340
0.0443631
0.0395689
0.0350472
0.0204073
0.0059029
0.0087715
0.0132024
0.0030092
-0.0029287
-0.0069727
-0.0162138
-0.0207175
-0.0008784
0.0246043
0.0315865
0.0397730
0.0725516
0.0932500
0.1077802
0.0833980
-0.0106392
-0.0842629
-0.1262021
-0.1360163
-0.0880167
-0.0194783
-0.0019869
-0.0224543
-0.0539997
-0.0491719
-0.0026786
0.0340030
0.0666697
0.0842481
0.0862578
0.0615530
0.0068484
-0.0362418
-0.0569493
-0.0840182
-0.0689483
0.0181658
0.0916803
0.1278861
0.1421896
0.0848513
-0.0197786
-0.0961669
-0.1386719
-0.1490879
-0.1039318
-0.0030866
0.0627357
0.0779664
0.0556717
0.0037000
-0.0251830
-0.0217699
-0.0037948
-0.0123144
-0.0533998
-0.0845689
-0.0860815
-0.0689154
-0.0535770
-0.0556188
-0.0559050
-0.0524993
-0.0282024
0.0097369
0.0291714
0.0266286
0.0265118
0.0466096
0.0673250
0.0781755
0.0630000
0.0227859
-0.0206635
-0.0535729
-0.0710285
-0.0642223
-0.0493141
-0.0269875
0.0085553
0.0264808
0.0126922
-0.0148478
-0.0337874
-0.0341591
-0.0270667
-0.0198477
-0.0102763
0.0050360
0.0216910
0.0297871
0.0245930
0.0141769
0.0083608
0.0050740
0.0027453
-0.0006167
-0.0113201
-0.0353181
-0.0620444
-0.0580205
0.0049003
0.0607258
0.0618638
0.0050523
-0.0454036
-0.0329888
0.0155689
0.0453993
0.0396203
0.0266972
0.0246443
0.0386215
0.0382827
0.0148847
-0.0139623
-0.0131839
0.0206320
0.0544847
0.0586650
0.0434163
0.0131589
-0.0181657
-0.0349191
-0.0430990
-0.0477429
-0.0356567
-0.0020456
0.0227222
0.0268848
0.0092470
-0.0137912
-0.0090567
0.0025654
-0.0048347
-0.0205106
-0.0291429
-0.0233516
-0.0003509
0.0339059
0.0556861
0.0578296
0.0510649
0.0505893
0.0458217
0.0310434
-0.0025198
-0.0417589
-0.0646054
-0.0615022
-0.0305307
-0.0069286
-0.0132879
-0.0349449
-0.0394794
-0.0191744
-0.0036773
0.0021083
0.0067414
0.0115764
0.0190364
0.0215367
0.0148576
-0.0001209
-0.0090669
-0.0085106
-0.0047294
-0.0051104
-0.0020706
0.0086291
0.0116675
0.0077580
-0.0010862
-0.0115104
-0.0125709
-0.0061557
-0.0024658
-0.0028527
-0.0041888
-0.0008777
0.0055213
0.0108060
0.0133242
0.0095636
0.0044396
0.0022959
0.0032267
0.0082240
0.0148589
0.0236809
0.0306077
0.0335106
0.0307155
0.0191831
0.0098246
0.0073538
0.0093827
0.0105023
0.0082805
0.0015855
-0.0087648
-0.0210444
-0.0283895
-0.0268748
-0.0214072
-0.0150553
-0.0090969
-0.0056721
-0.0050212
-0.0052104
-0.0039979
-0.0023579
0.0010566
0.0051815
0.0080256
0.0104335
0.0139527
0.0224890
0.0282706
0.0255862
0.0146316
0.0073546
0.0090211
0.0133804
0.0091616
-0.0049337
-0.0173017
-0.0272598
-0.0347241
-0.0367245
-0.0273450
-0.0108659
-0.0050414
-0.0118071
-0.0182219
-0.0143843
0.0033626
0.0205537
0.0299583
0.0384490
0.0472227
0.0477545
0.0285535
0.0033642
-0.0089432
-0.0076053
0.0029828
0.0137891
0.0173276
0.0224047
0.0282837
0.0295348
0.0239645
0.0101832
-0.0009805
-0.0052979
-0.0046571
-0.0074962
-0.0113036
-0.0108853
-0.0106086
-0.0161258
-0.0280514
-0.0341331
-0.0260873
-0.0105705
-0.0020856
-0.0031014
-0.0042484
-0.0044124
-0.0038511
-0.0088391
-0.0207147
-0.0272134
-0.0212976
-0.0067829
0.0045644
0.0070358
-0.0000083
-0.0067974
-0.0107139
-0.0085225
0.0007569
0.0081113
0.0082864
0.0022843
-0.0003896
0.0041261
0.0100169
0.0088360
0.0053057
0.0023841
-0.0015264
-0.0082905
-0.0104073
-0.0043779
0.0055264
0.0142530
0.0171652
0.0128861
0.0019759
-0.0049753
-0.0120666
-0.0247396
-0.0372252
-0.0468929
-0.0491601
-0.0383935
-0.0198699
-0.0075160
0.0005075
0.0092224
0.0154021
0.0184733
0.0171789
0.0143266
0.0121935
0.0084332
0.0017266
0.0006975
0.0037289
0.0019849
-0.0014865
-0.0024419
0.0017524
0.0076078
0.0109930
0.0108334
0.0087268
0.0053984
0.0020507
-0.0012247
-0.0022244
0.0002012
0.0030513
0.0059324
0.0071597
0.0044739
-0.0015297
-0.0051707
-0.0105214
-0.0154270
-0.0186391
-0.0156343
-0.0081517
-0.0027356
0.0011919
0.0037044
0.0039073
0.0021558
0.0079684
0.0186360
0.0289558
0.0335656
0.0290991
0.0144245
-0.0031302
-0.0154392
-0.0206235
-0.0192253
-0.0143738
-0.0134576
-0.0155673
-0.0191332
-0.0232343
-0.0236888
-0.0181122
-0.0089067
0.0000746
0.0108128
0.0246094
0.0385945
0.0434416
0.0388910
0.0222456
-0.0001082
-0.0176395
-0.0241533
-0.0182701
-0.0055379
0.0065931
0.0132515
0.0163798
0.0176024
0.0157962
0.0133944
0.0079063
-0.0012518
-0.0099117
-0.0158759
-0.0161051
-0.0147529
-0.0144442
-0.0160752
-0.0180333
-0.0165132
-0.0139612
-0.0138205
-0.0140528
-0.0112710
-0.0042650
0.0058274
0.0145314
0.0152202
0.0121756
0.0066977
0.0028086
0.0030950
0.0047168
0.0052980
0.0022917
-0.0028444
-0.0059760
-0.0032666
0.0065898
0.0170283
0.0220680
0.0198339
0.0131856
0.0029379
-0.0121294
-0.0270922
-0.0375433
-0.0395976
-0.0376782
-0.0276171
-0.0100524
0.0040398
0.0113520
0.0156973
0.0194972
0.0206441
0.0187208
0.0147857
0.0120857
0.0123570
0.0122377
0.0128244
0.0179846
0.0222370
0.0217168
0.0208869
0.0234869
0.0258865
0.0230271
0.0152906
0.0076705
0.0029244
-0.0000234
-0.0042816
-0.0099916
-0.0132535
-0.0141895
-0.0114629
-0.0052786
0.0037135
0.0109575
0.0148071
0.0186301
0.0191237
0.0170776
0.0111552
0.0060493
0.0055847
0.0031391
0.0016929
0.0025827
0.0024099
-0.0002760
-0.0062575
-0.0123378
-0.0141688
-0.0127116
-0.0135640
-0.0169575
-0.0217305
-0.0229087
-0.0181398
-0.0141741
-0.0108850
-0.0071184
-0.0061315
-0.0064609
-0.0093637
-0.0115340
-0.0108818
-0.0117036
-0.0130692
-0.0154400
-0.0118608
-0.0009489
0.0081000
0.0134184
0.0146114
0.0129140
0.0099578
0.0063753
0.0000571
-0.0037613
-0.0033276
0.0033083
0.0140254
0.0226806
0.0283730
0.0261346
0.0219032
0.0169069
0.0144665
0.0104237
0.0033742
-0.0040894
-0.0126394
-0.0191789
-0.0221120
-0.0196741
-0.0176872
-0.0145448
-0.0149781
-0.0184433
-0.0186187
-0.0165406
-0.0120896
-0.0100469
-0.0099527
-0.0101371
-0.0081977
0.0002696
0.0072940
0.0105230
0.0114350
0.0083572
0.0019615
-0.0048969
-0.0082121
-0.0050260
-0.0007360
0.0019327
0.0034621
0.0057063
0.0064854
0.0052158
0.0035290
0.0021694
0.0023441
0.0025673
0.0053803
0.0076345
0.0102204
0.0083801
0.0031941
-0.0010767
-0.0011514
0.0052842
0.0120410
0.0154226
0.0146360
0.0106170
0.0064772
0.0008944
-0.0049715
-0.0102743
-0.0135741
-0.0150154
-0.0178761
-0.0186291
-0.0178051
-0.0097472
-0.0000681
0.0076169
0.0147358
0.0180874
0.0170644
0.0138173
0.0106880
0.0077061
0.0097281
0.0158858
0.0209557
0.0197571
0.0132348
0.0036334
-0.0056865
-0.0123269
-0.0162509
-0.0189178
-0.0166189
-0.0129525
-0.0090635
-0.0012113
0.0035664
0.0009126
-0.0056367
-0.0114019
-0.0174884
-0.0192831
-0.0165676
-0.0113436
-0.0093666
-0.0082593
-0.0061541
-0.0029687
-0.0004598
-0.0014868
-0.0010797
-0.0027244
-0.0058223
-0.0091532
-0.0074021
0.0018157
0.0131014
0.0159475
0.0085853
0.0009622
-0.0009672
0.0023032
0.0106276
0.0207265
0.0287000
0.0334015
0.0336295
0.0205793
0.0014888
-0.0129456
-0.0205145
-0.0180684
-0.0107983
-0.0017330
0.0050359
0.0087803
0.0094561
0.0096469
0.0093498
0.0078750
0.0077296
0.0119145
0.0175157
0.0192361
0.0160706
0.0136449
0.0137630
0.0094285
0.0040917
-0.0001824
-0.0029061
-0.0051773
-0.0082946
-0.0091377
-0.0066779
-0.0028739
0.0013929
0.0001220
-0.0052616
-0.0142432
-0.0220355
-0.0274413
-0.0303654
-0.0290734
-0.0235594
-0.0160304
-0.0081423
-0.0020404
0.0001354
0.0018730
0.0033348
0.0040744
0.0050079
0.0070132
0.0071606
0.0091199
0.0146773
0.0188937
0.0203949
0.0204973
0.0185945
0.0179599
0.0179950
0.0153242
0.0087409
0.0009141
-0.0054431
-0.0095488
-0.0105197
-0.0100051
-0.0102067
-0.0087756
-0.0013186
0.0052782
0.0107674
0.0123825
0.0118847
0.0115348
0.0127839
0.0147524
0.0141971
0.0112923
0.0066731
0.0036958
0.0019586
0.0005843
0.0007225
0.0016114
0.0017139
0.0014776
-0.0021151
-0.0049709
-0.0059111
-0.0084083
-0.0089222
-0.0103929
-0.0117629
-0.0090067
-0.0058421
-0.0042991
-0.0035112
-0.0046613
-0.0072657
-0.0091283
-0.0090457
-0.0078028
-0.0063061
-0.0027452
0.0008900
0.0039396
0.0061835
0.0076334
0.0071302
0.0033614
-0.0023066
-0.0081335
-0.0108991
-0.0115863
-0.0108376
-0.0099257
-0.0080611
-0.0055517
-0.0033924
-0.0025857
-0.0019169
-0.0003344
0.0006584
0.0012326
0.0008286
0.0006977
0.0002228
-0.0015716
-0.0023236
-0.0019406
-0.0011549
-0.0008680
-0.0017365
-0.0026472
-0.0037660
-0.0046656
-0.0057085
-0.0046270
-0.0038683
-0.0039762
-0.0052851
-0.0071910
-0.0076732
-0.0082797
-0.0080682
-0.0074949
-0.0071838
-0.0061570
-0.0052111
-0.0048185
-0.0043764
-0.0032934
-0.0017125
-0.0004445
0.0001812
0.0000821
0.0001206
0.0000844
-0.0002625
-0.0012771
-0.0020163
-0.0020938
-0.0017015
-0.0009359
-0.0007386
-0.0007690
-0.0005186
-0.0005349
-0.0006660
-0.0004737
-0.0006004
-0.0006140
-0.0003418
0.0001359
0.0004906
0.0005802
0.0006809
0.0005475
0.0003686
0.0005102
0.0007578
0.0011250
0.0013581
0.0014669
0.0016020
0.0017109
0.0018513
0.0019597
0.0021206
0.0022066
0.0022458
0.0022631
0.0022763
0.0023498
0.0024427
0.0025084
0.0024938
0.0024415
0.0023776
0.0023439
0.0023003
0.0022370
0.0021899
0.0021546
0.0021453
0.0021498
0.0021667
0.0021825
0.0021883
0.0021926
0.0021963
0.0021966
