-0.0094842
-0.0018757
-0.0010249
-0.0004158
0.0028096
0.0014277
0.0002212
-0.0027627
-0.0047796
-0.0016968
0.0044342
0.0067803
0.0044998
0.0019690
0.0048827
0.0075844
0.0054119
0.0061667
0.0118311
0.0118343
0.0102695
0.0099752
0.0099123
0.0064552
0.0044190
0.0002575
-0.0094516
-0.0067873
0.0018154
0.0046848
0.0005311
-0.0117953
-0.0149303
-0.0092913
-0.0096906
-0.0137289
-0.0156949
-0.0146098
-0.0106800
-0.0078643
-0.0095337
-0.0083628
0.0035515
0.0096100
-0.0031236
-0.0092570
-0.0050730
-0.0027918
-0.0061997
-0.0092671
-0.0042206
0.0007508
0.0004340
-0.0030031
-0.0085285
-0.0120509
-0.0074682
-0.0067131
-0.0133923
-0.0131029
-0.0018519
0.0080726
0.0116977
0.0106020
0.0038038
0.0015292
-0.0025642
-0.0071572
-0.0110043
-0.0095394
-0.0083397
-0.0163444
-0.0230654
-0.0259747
-0.0177501
-0.0127341
-0.0205852
-0.0268355
-0.0317344
-0.0248388
-0.0021902
0.0137537
0.0225625
0.0157644
0.0057575
-0.0007045
-0.0109692
-0.0172748
-0.0144319
-0.0115344
-0.0117968
-0.0132693
-0.0193019
-0.0185516
-0.0135122
-0.0073215
-0.0031471
-0.0018556
-0.0099675
-0.0135382
-0.0046559
-0.0025608
-0.0093061
0.0001763
0.0098135
0.0109243
0.0104934
-0.0068533
-0.0158901
-0.0144769
-0.0152907
-0.0117490
-0.0100084
0.0018373
0.0333538
0.0294053
0.0005362
-0.0126004
-0.0179518
-0.0007230
0.0109655
0.0125534
0.0152247
0.0102259
0.0124433
0.0214467
0.0232885
0.0217123
0.0151854
-0.0037886
-0.0170098
-0.0161081
-0.0005691
0.0121048
0.0138895
-0.0071445
-0.0350248
-0.0298101
-0.0096780
-0.0018470
0.0000369
-0.0002325
-0.0005712
0.0121461
0.0229930
0.0016176
-0.0182308
-0.0184041
-0.0063881
-0.0018993
-0.0243991
-0.0440835
-0.0531279
-0.0606188
-0.0476606
-0.0080351
0.0173098
0.0134833
-0.0058809
-0.0135173
-0.0019782
0.0234805
0.0344316
0.0043156
-0.0243530
-0.0210321
-0.0129003
-0.0113936
-0.0192254
-0.0236688
-0.0084680
0.0096660
0.0229051
0.0241631
0.0207399
0.0020311
-0.0180160
-0.0188096
-0.0161880
-0.0140822
-0.0044566
0.0125356
0.0199786
0.0182612
0.0123286
0.0082310
0.0136593
0.0227504
0.0011091
-0.0320005
-0.0433347
-0.0387300
-0.0212581
0.0103175
0.0346858
0.0326139
0.0237562
0.0127511
0.0012316
0.0104161
0.0272134
0.0415624
0.0552601
0.0669091
0.0641391
0.0444267
-0.0031912
-0.0901694
-0.1606060
-0.1937485
-0.1464623
0.0261096
0.2367690
0.3152614
0.3361547
0.3422439
0.3705327
0.3564121
0.3965167
0.2778041
-0.0203863
-0.1579847
-0.3510469
-0.4278125
-0.3840810
-0.3955601
-0.4067661
-0.4156225
-0.3562373
-0.0450382
0.2000863
0.4052763
0.5668013
0.5096949
0.4163421
0.2334051
0.0706773
0.0745457
0.1323604
0.1964189
0.2276525
0.1642979
0.0724789
-0.0323761
-0.2107113
-0.4032215
-0.5558337
-0.6329808
-0.6712155
-0.6914513
-0.6830573
-0.6323609
-0.4537372
-0.1863732
0.0212031
0.2134381
0.3907396
0.5807773
0.7713786
0.7931995
0.7760401
0.7390843
0.7164758
0.3565957
0.0717167
0.0070839
-0.1576105
-0.2880593
-0.4094538
-0.4831227
-0.5032502
-0.4998558
-0.3374870
0.0123186
0.1562666
0.1791121
0.2089614
0.1791511
0.2331927
0.3007074
0.3433840
0.3922366
0.3931614
0.3094222
0.0557900
-0.1014471
-0.2160810
-0.3202033
-0.3557778
-0.1766065
0.0792860
0.1765703
0.1539243
0.0358478
-0.0656195
-0.0905457
-0.0386538
-0.0366371
-0.0574377
-0.0713788
-0.0924492
-0.1362765
-0.2656401
-0.2918756
-0.2214347
-0.2218754
-0.1408202
-0.0520907
0.0209317
0.0909958
0.1226148
0.0002938
-0.2000733
-0.2742075
-0.3768777
-0.4045408
-0.4232232
-0.3280237
-0.0077597
0.1761354
0.3159782
0.4836227
0.5354534
0.5269424
0.3651616
0.1966269
0.1465273
0.0646545
0.0234854
0.0186510
0.0406801
0.0335200
-0.0083121
-0.0434587
-0.0722879
-0.0915766
-0.0810409
-0.0115360
0.0343218
0.0293800
0.0202791
0.0069186
-0.0271310
-0.0558760
-0.0471515
-0.0296882
-0.0360314
-0.0592580
-0.0587725
-0.0354974
-0.0398493
-0.0890738
-0.1695072
-0.1970792
-0.1116563
-0.0100345
0.0595830
0.1151617
0.1530053
0.1799849
0.1702369
0.0941092
-0.0032556
-0.0833301
-0.1379901
-0.1205543
-0.0438072
0.0128138
0.0375102
0.0648948
0.0766710
0.0840463
0.0621055
0.0115948
-0.0213721
-0.0440865
-0.0469696
-0.0519441
-0.0507046
-0.0131011
0.0179968
0.0261002
0.0244037
0.0270598
0.0457488
0.1235443
0.1892473
0.1900478
0.1140927
-0.0068318
-0.0956354
-0.1777509
-0.2256613
-0.2356376
-0.1981615
-0.1698670
-0.1622879
-0.1313430
-0.0431030
0.0393709
0.0584583
0.0445673
0.0017863
-0.0058332
-0.0019121
-0.0063023
-0.0095237
-0.0014358
0.0209636
0.0417228
0.0500583
0.0415177
0.0347223
0.0316381
0.0203385
0.0088178
0.0203105
0.0444892
0.0635874
0.0754973
0.0698133
0.0521157
0.0136153
-0.0318948
-0.0557062
-0.0638957
-0.0653406
-0.0510517
-0.0233885
-0.0043446
0.0047076
0.0026128
-0.0029530
-0.0013969
0.0137588
0.0286065
0.0509595
0.0819111
0.1064998
0.1024670
0.0892400
0.0847901
0.0765080
0.0544155
0.0007831
-0.0487754
-0.1054028
-0.1499187
-0.1635364
-0.1670738
-0.1454219
-0.1063480
-0.0629004
0.0039026
0.0621968
0.0794488
0.0830452
0.0741782
0.0583339
0.0572049
0.0607203
0.0496470
0.0020579
-0.0526577
-0.0893915
-0.1143252
-0.1352295
-0.1620654
-0.1680694
-0.1388899
-0.0561656
0.0242565
0.0642246
0.0783271
0.0677404
0.0450810
0.0305899
0.0348866
0.0478853
0.0529029
0.0555607
0.0668600
0.0689563
0.0554233
0.0118420
-0.0325190
-0.0411556
-0.0287228
0.0102786
0.0430409
0.0520911
0.0438260
-0.0097129
-0.0523213
-0.0748980
-0.0954775
-0.1057705
-0.1071495
-0.0976998
-0.0765929
-0.0428769
-0.0039358
0.0347119
0.0584277
0.0633630
0.0512630
0.0425116
0.0417975
0.0430171
0.0330749
0.0097879
-0.0018198
-0.0072061
-0.0009103
0.0204428
0.0264806
0.0074932
-0.0082856
-0.0108995
0.0032449
0.0259408
0.0454487
0.0605600
0.0626184
0.0525467
0.0076274
-0.0384458
-0.0553107
-0.0621679
-0.0454809
0.0098103
0.0579075
0.0738635
0.0747399
0.0502416
0.0091768
-0.0214263
-0.0344781
-0.0380294
-0.0379207
-0.0386803
-0.0438365
-0.0408951
-0.0200192
0.0133200
0.0410568
0.0513810
0.0446832
0.0223474
-0.0126052
-0.0482592
-0.0770951
-0.0931255
-0.0955181
-0.0902920
-0.0756728
-0.0408773
0.0118496
0.0512612
0.0691924
0.0661868
0.0453882
0.0219764
0.0037705
-0.0000753
0.0057404
0.0034865
0.0008965
-0.0027488
-0.0078827
-0.0106451
-0.0124936
-0.0181817
-0.0312039
-0.0473847
-0.0498375
-0.0320744
0.0039740
0.0509586
0.0792308
0.0911926
0.0924452
0.0787701
0.0301917
-0.0241764
-0.0568486
-0.0733579
-0.0571733
-0.0088385
0.0371823
0.0675887
0.0846341
0.0843613
0.0737976
0.0371119
-0.0032746
-0.0282500
-0.0584578
-0.0830339
-0.0994916
-0.1061686
-0.0928771
-0.0694467
-0.0414370
-0.0101315
0.0180846
0.0372525
0.0464215
0.0367348
0.0014185
-0.0392495
-0.0618844
-0.0622575
-0.0539213
-0.0405901
-0.0308653
-0.0268683
-0.0249274
-0.0256690
-0.0245977
-0.0231888
-0.0240217
-0.0297317
-0.0352398
-0.0278204
-0.0093939
0.0107158
0.0329214
0.0456955
0.0576575
0.0550707
0.0296900
0.0034013
-0.0122414
-0.0181931
-0.0109432
0.0021404
0.0148364
0.0424055
0.0700897
0.0901729
0.1012770
0.0988789
0.0881590
0.0839700
0.0803145
0.0651288
0.0324494
0.0024803
-0.0129177
-0.0180869
-0.0086408
-0.0000452
-0.0158235
-0.0488700
-0.0932331
-0.1337715
-0.1513392
-0.1422350
-0.0881608
-0.0392923
-0.0193315
-0.0017923
0.0131868
0.0265578
0.0372611
0.0306282
0.0110561
-0.0022003
-0.0008873
0.0050317
0.0128490
0.0249465
0.0310821
0.0227131
0.0041992
-0.0183119
-0.0434377
-0.0609449
-0.0605841
-0.0422785
-0.0198666
0.0015607
0.0130347
0.0100970
0.0121867
0.0192331
0.0192491
0.0187315
0.0206326
0.0143549
-0.0003785
-0.0110469
-0.0145728
-0.0116017
-0.0039849
0.0036629
0.0211947
0.0413204
0.0500175
0.0609094
0.0700339
0.0665006
0.0525411
0.0331619
0.0194409
0.0210443
0.0304060
0.0236862
0.0034211
-0.0165846
-0.0307269
-0.0304649
-0.0171915
0.0058924
0.0216303
0.0212909
0.0133830
0.0052835
0.0008113
0.0049525
0.0178472
0.0290631
0.0225466
0.0010287
-0.0174383
-0.0198057
-0.0101212
0.0057979
0.0184950
0.0196796
0.0152250
0.0047097
-0.0061048
-0.0048009
0.0038489
0.0192757
0.0372537
0.0396955
0.0265743
-0.0175357
-0.0471690
-0.0461364
-0.0445378
-0.0410526
-0.0290511
-0.0005583
0.0192165
0.0235240
0.0212049
0.0184437
0.0078989
-0.0223417
-0.0529834
-0.0639527
-0.0663603
-0.0591521
-0.0414497
-0.0132562
0.0161032
0.0305100
0.0317459
0.0199804
0.0056903
-0.0100045
-0.0186422
-0.0220108
-0.0254340
-0.0200947
-0.0093199
-0.0042062
-0.0132036
-0.0259522
-0.0325443
-0.0359512
-0.0392196
-0.0319306
-0.0129549
0.0005879
0.0077252
0.0119265
0.0107037
0.0090610
0.0084941
0.0049249
-0.0030129
-0.0111659
-0.0134985
-0.0056303
0.0163476
0.0463832
0.0669477
0.0735645
0.0667011
0.0428908
0.0173501
0.0010551
-0.0059528
-0.0165512
-0.0210018
-0.0084673
0.0059081
0.0242276
0.0467212
0.0648743
0.0707761
0.0695325
0.0399459
0.0138317
0.0094723
0.0080489
0.0042510
-0.0023915
-0.0048953
-0.0172993
-0.0154138
-0.0090817
-0.0061881
-0.0099005
-0.0222722
-0.0213286
0.0127792
0.0524304
0.0675159
0.0324093
-0.0230784
-0.0382623
-0.0255482
0.0094513
0.0306506
0.0269867
0.0206579
0.0091203
-0.0158577
-0.0324670
-0.0384199
-0.0480090
-0.0526340
-0.0465053
-0.0389899
-0.0400451
-0.0484153
-0.0406182
-0.0185378
-0.0105374
-0.0172332
-0.0180881
-0.0062851
0.0100339
0.0220610
0.0165013
-0.0164138
-0.0529754
-0.0681580
-0.0623465
-0.0385756
-0.0058300
0.0366315
0.0717912
0.0960132
0.1129039
0.1145369
0.0900229
0.0588895
0.0413441
0.0218825
0.0040452
-0.0157966
-0.0403521
-0.0573536
-0.0489173
-0.0140805
0.0173458
0.0329586
0.0397706
0.0505873
0.0628308
0.0728176
0.0719049
0.0453581
0.0116335
-0.0197964
-0.0500632
-0.0655881
-0.0560833
-0.0218715
0.0147456
0.0361905
0.0294926
-0.0192319
-0.0621775
-0.0700751
-0.0518258
-0.0166604
-0.0015520
-0.0127880
-0.0263425
-0.0347310
-0.0428616
-0.0501432
-0.0629504
-0.0755985
-0.0764261
-0.0473274
-0.0112027
0.0007544
0.0017516
-0.0000634
-0.0050119
-0.0151575
-0.0163652
-0.0135227
-0.0068467
0.0004101
-0.0067567
-0.0190542
-0.0241929
-0.0187049
-0.0092403
-0.0049033
-0.0097533
-0.0103642
-0.0020965
0.0079355
0.0158319
0.0155377
0.0146628
0.0123200
0.0131327
0.0267595
0.0397746
0.0494911
0.0548315
0.0505195
0.0472464
0.0469345
0.0400475
0.0357487
0.0339201
0.0304790
0.0210331
0.0138823
0.0065515
-0.0035973
-0.0194325
-0.0429805
-0.0635528
-0.0604013
-0.0420391
-0.0208264
0.0028536
0.0090724
0.0005403
-0.0175397
-0.0209736
0.0117900
0.0632942
0.0922050
0.0894403
0.0731082
0.0447433
-0.0030507
-0.0364328
-0.0407438
-0.0274151
-0.0183859
-0.0195397
-0.0289107
-0.0594821
-0.0979508
-0.0940552
-0.0205709
0.0159112
0.0031414
-0.0002735
0.0212087
0.0537981
0.0784963
0.0850521
0.0798095
0.0613254
0.0175358
-0.0131375
-0.0428912
-0.0642554
-0.0579988
-0.0364858
-0.0323929
-0.0398376
-0.0282263
0.0026459
0.0352514
0.0582352
0.0750965
0.0750123
0.0630500
0.0568535
0.0561783
0.0427745
0.0091177
-0.0340280
-0.0626808
-0.0620606
-0.0470285
-0.0469728
-0.0537471
-0.0486212
-0.0305722
-0.0074941
0.0017720
-0.0148966
-0.0600101
-0.0805463
-0.0584972
-0.0142599
0.0235864
0.0200443
-0.0056270
-0.0123765
-0.0025578
0.0111402
0.0254837
0.0427707
0.0632397
0.0565625
0.0349398
0.0081114
-0.0205048
-0.0450031
-0.0342737
0.0093384
0.0378505
0.0532182
0.0619476
0.0617554
0.0531796
0.0383279
0.0074359
-0.0205881
-0.0210648
-0.0006681
0.0208678
0.0268630
0.0121395
-0.0014108
-0.0042900
-0.0101436
-0.0256262
-0.0496251
-0.0634702
-0.0506465
-0.0266139
-0.0016453
0.0140332
0.0208242
0.0332188
0.0400347
0.0305243
0.0029100
-0.0159774
-0.0113620
0.0019641
0.0125929
0.0174942
0.0106515
-0.0022770
-0.0099334
-0.0119801
-0.0250560
-0.0390576
-0.0414138
-0.0166327
0.0295037
0.0416728
0.0206673
-0.0023443
-0.0041273
0.0032485
-0.0144540
-0.0505303
-0.0767094
-0.0901067
-0.0806512
-0.0396116
0.0013101
0.0250550
0.0395541
0.0471096
0.0479559
0.0374739
0.0258142
0.0201400
0.0205780
0.0182347
0.0154154
0.0089866
0.0017219
-0.0025610
-0.0152599
-0.0293266
-0.0437263
-0.0532682
-0.0459500
-0.0185899
-0.0011947
-0.0000832
-0.0055940
-0.0078253
-0.0017542
0.0030582
-0.0037658
-0.0206551
-0.0369947
-0.0452073
-0.0257340
0.0084341
0.0301949
0.0373889
0.0352327
0.0299944
0.0241549
0.0044445
-0.0266046
-0.0431919
-0.0392625
-0.0029515
0.0426259
0.0617925
0.0640843
0.0623465
0.0589020
0.0457371
0.0268946
0.0068481
-0.0119088
-0.0287954
-0.0438248
-0.0538829
-0.0542853
-0.0449911
-0.0317865
-0.0240428
-0.0147352
0.0001377
0.0144138
0.0230846
0.0129380
-0.0080770
-0.0289579
-0.0411826
-0.0415101
-0.0364253
-0.0331284
-0.0243649
0.0004259
0.0256779
0.0386407
0.0410738
0.0288977
0.0158990
0.0156512
0.0212679
0.0288273
0.0329142
0.0368167
0.0395210
0.0377005
0.0316851
0.0261164
0.0234454
0.0230249
0.0201608
0.0131948
0.0032103
-0.0095865
-0.0243715
-0.0354733
-0.0376109
-0.0399061
-0.0429000
-0.0420442
-0.0298156
-0.0090237
0.0015806
0.0069319
0.0073383
-0.0017178
-0.0216999
-0.0350628
-0.0335156
-0.0273404
-0.0185652
-0.0143887
-0.0042296
0.0090365
0.0265327
0.0441276
0.0527302
0.0507400
0.0425314
0.0350522
0.0206989
-0.0036003
-0.0319660
-0.0498656
-0.0531780
-0.0449217
-0.0269997
0.0036259
0.0304798
0.0457621
0.0484500
0.0372713
0.0196105
0.0035046
-0.0026052
-0.0020870
0.0082164
0.0242327
0.0384759
0.0539586
0.0624815
0.0631546
0.0597315
0.0514859
0.0396115
0.0228262
0.0082236
-0.0032130
-0.0160100
-0.0282677
-0.0391397
-0.0472674
-0.0545904
-0.0613813
-0.0647130
-0.0621859
-0.0518044
-0.0371501
-0.0262159
-0.0200128
-0.0185087
-0.0188336
-0.0173677
-0.0173065
-0.0155606
-0.0095463
-0.0052786
-0.0046794
-0.0024132
-0.0016386
-0.0025914
-0.0033630
-0.0035317
-0.0051861
-0.0033105
0.0022439
0.0120314
0.0193309
0.0183560
0.0090284
-0.0017185
-0.0026433
-0.0003020
0.0024240
0.0050557
0.0080795
0.0092151
0.0113147
0.0135426
0.0105233
0.0026166
-0.0045679
-0.0023238
0.0064790
0.0141603
0.0193669
0.0222742
0.0217591
0.0188916
0.0148303
0.0070238
0.0012263
0.0011548
0.0075273
0.0163375
0.0242045
0.0297102
0.0294649
0.0259327
0.0237227
0.0239533
0.0262195
0.0296839
0.0297923
0.0258091
0.0190330
0.0134167
0.0111462
0.0135759
0.0163461
0.0224932
0.0306343
0.0344819
0.0314185
0.0224565
0.0104464
-0.0030950
-0.0140600
-0.0247789
-0.0324218
-0.0340289
-0.0301842
-0.0269202
-0.0256076
-0.0196007
-0.0086664
-0.0026477
-0.0055298
-0.0165051
-0.0300008
-0.0367917
-0.0414631
-0.0470350
-0.0524405
-0.0532341
-0.0460037
-0.0345552
-0.0204298
-0.0058580
0.0017378
0.0044005
0.0008596
-0.0066519
-0.0117611
-0.0128037
-0.0061261
0.0046387
0.0124926
0.0138686
0.0129085
0.0104038
0.0111388
0.0136512
0.0182772
0.0225804
0.0230648
0.0220842
0.0212937
0.0231399
0.0231778
0.0215412
0.0114268
0.0012564
-0.0065941
-0.0092948
-0.0058699
-0.0003418
0.0079028
0.0141826
0.0197505
0.0204531
0.0171556
0.0120540
0.0039501
-0.0066801
-0.0182889
-0.0249913
-0.0267248
-0.0256493
-0.0237145
-0.0200670
-0.0134864
-0.0060435
0.0012504
0.0045693
0.0022726
-0.0088895
-0.0194576
-0.0258076
-0.0323462
-0.0387240
-0.0426139
-0.0422869
-0.0372686
-0.0254777
-0.0114685
0.0050360
0.0175816
0.0231528
0.0238512
0.0175309
0.0097396
0.0058675
0.0041782
0.0020026
-0.0022498
-0.0024577
0.0006712
0.0047921
0.0079506
0.0108924
0.0116248
0.0073077
0.0001710
-0.0092193
-0.0124000
-0.0131842
-0.0147407
-0.0137443
-0.0133007
-0.0104516
-0.0009715
0.0094888
0.0171943
0.0214997
0.0171134
0.0083983
0.0001313
-0.0075565
-0.0125146
-0.0156936
-0.0168019
-0.0199219
-0.0206219
-0.0206011
-0.0181985
-0.0114920
-0.0056463
0.0000328
-0.0004106
-0.0032210
-0.0036674
-0.0035050
-0.0036624
-0.0027689
0.0022707
0.0095654
0.0166315
0.0228739
0.0279962
0.0315014
0.0322329
0.0332002
0.0341542
0.0338348
0.0340254
0.0339464
0.0380471
0.0425357
0.0409769
0.0321325
0.0162622
0.0008826
-0.0091748
-0.0152495
-0.0162807
-0.0170627
-0.0200718
-0.0203319
-0.0205008
-0.0198516
-0.0161115
-0.0115255
-0.0062438
-0.0003474
0.0057376
0.0111727
0.0124411
0.0088309
0.0029877
-0.0045504
-0.0118306
-0.0181689
-0.0238484
-0.0254024
-0.0252335
-0.0229229
-0.0174419
-0.0133862
-0.0124713
-0.0164424
-0.0229206
-0.0294267
-0.0356912
-0.0361087
-0.0306320
-0.0244994
-0.0175325
-0.0133204
-0.0072054
0.0015095
0.0120684
0.0230045
0.0351729
0.0455312
0.0462829
0.0381734
0.0142386
-0.0080910
-0.0242376
-0.0351636
-0.0407556
-0.0452717
-0.0419199
-0.0304943
-0.0095072
0.0122123
0.0307570
0.0476304
0.0605243
0.0639011
0.0582121
0.0405463
0.0220756
0.0072882
-0.0076023
-0.0191116
-0.0309084
-0.0392989
-0.0409448
-0.0312107
-0.0124387
0.0000251
0.0049278
0.0041751
0.0030084
0.0058595
0.0082979
0.0134292
0.0181508
0.0218066
0.0186812
0.0144740
0.0130303
0.0096898
0.0097702
0.0083678
0.0050126
0.0022971
-0.0003845
-0.0037101
-0.0059451
-0.0069537
-0.0060168
-0.0051064
-0.0075652
-0.0099386
-0.0106641
-0.0097506
-0.0121652
-0.0123526
-0.0081758
-0.0092815
-0.0124122
-0.0120734
-0.0069709
-0.0008115
0.0091505
0.0226764
0.0335759
0.0424901
0.0468926
0.0436958
0.0293062
0.0121634
-0.0041422
-0.0152715
-0.0214454
-0.0244549
-0.0240035
-0.0214828
-0.0179333
-0.0155085
-0.0116508
-0.0118995
-0.0086034
-0.0035342
0.0002616
0.0007707
-0.0027514
-0.0041377
-0.0092809
-0.0112229
-0.0071114
-0.0023441
0.0040313
0.0050800
0.0025148
-0.0010747
-0.0032125
-0.0038586
-0.0066226
-0.0083697
-0.0117055
-0.0153229
-0.0197375
-0.0198676
-0.0200419
-0.0198755
-0.0201249
-0.0155294
-0.0060392
0.0033258
0.0091241
0.0095927
0.0079596
0.0021303
0.0007036
0.0031076
0.0087528
0.0094486
0.0094400
0.0093370
0.0095687
0.0090177
0.0060511
0.0027441
0.0009817
0.0010853
0.0008945
0.0007532
0.0019157
0.0051515
0.0051865
0.0051579
0.0053287
0.0051674
0.0027759
-0.0006345
-0.0030217
-0.0026935
-0.0032245
-0.0026394
-0.0036521
-0.0034563
-0.0020362
0.0030552
0.0059756
0.0057960
0.0049717
0.0015976
0.0025835
0.0024635
0.0023268
0.0019021
0.0013209
0.0008372
0.0025266
0.0009580
-0.0017596
-0.0018325
-0.0007860
0.0023099
0.0021541
0.0024856
0.0020860
0.0050158
0.0060687
0.0058367
0.0054026
0.0023457
-0.0006551
-0.0053928
-0.0093570
-0.0137416
-0.0153572
-0.0143946
-0.0106318
-0.0035519
0.0022622
0.0057554
0.0057285
0.0004323
-0.0047261
-0.0075064
-0.0069529
-0.0033730
0.0011798
0.0050727
0.0093055
0.0128710
0.0138302
0.0159882
0.0155926
0.0130035
0.0120374
0.0095498
0.0086719
0.0086563
0.0082824
0.0082053
0.0078752
0.0055973
0.0023318
-0.0002555
-0.0028945
-0.0022057
-0.0003249
0.0006484
0.0025740
0.0046631
0.0046656
0.0046643
0.0034619
0.0004603
-0.0014507
-0.0032633
-0.0041663
-0.0053792
-0.0052474
-0.0037723
-0.0015623
0.0008087
0.0024041
0.0035090
0.0024661
0.0008255
-0.0011940
-0.0021820
-0.0030917
-0.0038200
-0.0052895
-0.0058509
-0.0049630
-0.0031767
-0.0011110
0.0002844
0.0014042
0.0022287
0.0031608
0.0030724
0.0029959
0.0019162
0.0016782
0.0014356
0.0012822
0.0017469
0.0026461
0.0042047
0.0051439
0.0055683
0.0055978
0.0051615
0.0050329
0.0043911
0.0036944
0.0033412
0.0028845
0.0020143
0.0014035
0.0015941
0.0013523
0.0010871
0.0006352
-0.0001967
-0.0008280
-0.0014323
-0.0017986
-0.0020536
-0.0025065
-0.0027707
-0.0027258
-0.0024016
-0.0021879
-0.0020250
-0.0018193
-0.0017610
-0.0018808
-0.0019679
-0.0020508
-0.0023279
-0.0026376
-0.0028627
-0.0027830
-0.0026594
-0.0025171
-0.0024522
-0.0024077
-0.0022532
-0.0020846
-0.0018373
-0.0017053
-0.0015943
-0.0015547
-0.0014914
-0.0014510
-0.0014379
-0.0013964
-0.0013637
-0.0013133
-0.0012498
-0.0011702
-0.0010916
-0.0010144
-0.0009510
-0.0008918
-0.0008328
-0.0007735
-0.0007185
