0.0021442
0.0026952
0.0030633
0.0027318
0.0028361
0.0027091
0.0028252
0.0037096
0.0048356
0.0053956
0.0051396
0.0029680
-0.0003877
-0.0018464
-0.0010430
0.0009071
0.0047834
0.0084452
0.0071726
0.0039953
0.0027531
0.0037285
0.0075924
0.0107070
0.0095698
0.0049608
-0.0017907
-0.0125052
-0.0212552
-0.0167075
-0.0053701
0.0016563
0.0037722
0.0011832
-0.0030201
-0.0015456
0.0083165
0.0192951
0.0171809
0.0015925
-0.0091454
-0.0093649
-0.0029392
0.0040951
-0.0027700
-0.0170714
-0.0227855
-0.0216666
-0.0160048
-0.0104597
-0.0098886
-0.0103762
-0.0083452
-0.0017526
0.0052229
0.0063013
-0.0015128
-0.0123755
-0.0091008
0.0067499
0.0161996
0.0183304
0.0149076
0.0054559
0.0009241
-0.0024585
-0.0101417
-0.0107186
-0.0059328
-0.0060040
-0.0050447
0.0011427
-0.0025315
-0.0200247
-0.0311993
-0.0242777
-0.0105205
-0.0034423
0.0030740
0.0125187
0.0165678
0.0170652
0.0190766
0.0175030
0.0105560
0.0064374
0.0054007
0.0060268
0.0114528
0.0155654
0.0090502
-0.0044619
-0.0140820
-0.0059924
0.0181009
0.0340809
0.0247186
-0.0031675
-0.0180470
-0.0232498
-0.0336113
-0.0244666
-0.0085223
-0.0112733
-0.0196559
-0.0200934
0.0030307
0.0344170
0.0475690
0.0587257
0.0550876
0.0304557
0.0180316
0.0091079
0.0002258
0.0090911
0.0229976
0.0307484
0.0327317
0.0193655
0.0013619
-0.0050510
-0.0122060
-0.0252888
-0.0229778
0.0001193
0.0143862
0.0216678
0.0318050
0.0205180
0.0011085
-0.0047428
-0.0063596
-0.0039880
-0.0031673
-0.0039982
-0.0041983
-0.0243634
-0.0588829
-0.0737584
-0.0708793
-0.0655712
-0.0563736
-0.0454558
-0.0241952
-0.0062369
-0.0078544
0.0089964
0.0502249
0.0734680
0.0783989
0.0800555
0.0790259
0.0823566
0.0875000
0.0963025
0.0904326
0.0553723
0.0061549
-0.0851700
-0.1697181
-0.1576770
-0.1110250
-0.0859970
-0.0275775
0.0707271
0.1189281
0.0941838
0.0658231
0.0544580
0.0375184
0.0329489
0.0551750
0.0533050
0.0106694
-0.0211292
-0.0307369
-0.0230038
0.0135365
0.0718337
0.1274450
0.1151067
0.0370891
-0.0903592
-0.2516887
-0.2472742
-0.1100791
-0.0551760
0.0047966
0.0830180
0.0594068
-0.0004858
-0.0093297
0.0149549
0.0514602
0.0798605
0.0850930
0.0583313
0.0068226
-0.0265465
-0.0463544
-0.0391792
-0.0058205
-0.0001666
-0.0008012
0.0116870
0.0153988
0.0011872
-0.0380334
-0.0827378
-0.1100220
-0.1241333
-0.1091992
-0.0659962
-0.0179324
0.0633505
0.1525082
0.1411119
0.0296166
-0.0921140
-0.1601551
-0.1517727
-0.1211115
-0.1043573
-0.0913431
-0.0453924
0.0109962
-0.0084548
-0.0472482
-0.0444051
-0.0509185
-0.0381801
0.0171325
0.0494665
0.0755144
0.1135134
0.1238952
0.1253949
0.1362733
0.1398009
0.1353102
0.1331179
0.1163117
0.0549490
-0.0358052
-0.1251893
-0.1496847
-0.0951433
-0.0738862
-0.0746233
-0.0422806
-0.0663582
-0.1228259
-0.1273133
-0.1068091
-0.0803163
-0.0427648
0.0225986
0.0629235
0.0462959
0.0427162
0.0409915
0.0308377
0.0479256
0.0703988
0.0784527
0.0780859
0.0590374
0.0270942
0.0143488
0.0396122
0.0699103
0.0763467
0.0743337
-0.0519116
-0.2347995
-0.2357142
-0.2134626
-0.2451760
-0.2076205
-0.1428713
-0.0457376
0.0931320
0.2061134
0.2428915
0.2035109
0.1400806
0.0918332
-0.0050896
-0.0837680
-0.0211417
0.0387550
0.0429652
0.0429739
0.0031192
-0.0454127
-0.0821130
-0.0898887
-0.0611288
-0.0451534
-0.0366059
-0.0205447
-0.0236227
-0.0322219
-0.0213590
0.0024941
0.0358305
0.0722088
0.0996664
0.1043450
0.0658936
-0.0366410
-0.1390558
-0.1273640
-0.0319984
0.0633591
0.1367288
0.1752279
0.1784589
0.1513840
0.0843282
-0.0509625
-0.1544864
-0.1452066
-0.1294944
-0.1014880
-0.0258596
0.0097190
-0.0091561
-0.0267594
-0.0470933
-0.0785824
-0.0876611
-0.0663038
-0.0443460
-0.0135888
0.0436136
0.0634530
0.0450804
0.0631047
0.0976295
0.0797646
0.0262400
-0.0221394
-0.0939894
-0.1541959
-0.1321632
-0.0816788
-0.0611904
-0.0306136
0.0274257
0.0904229
0.1404656
0.1498725
0.1308747
0.1120017
0.1031908
0.0739365
-0.0059959
-0.0561674
-0.0471915
-0.0487556
-0.0349275
0.0042629
0.0231902
0.0490735
0.0953326
0.1276659
0.1041247
0.0424378
0.0041050
-0.0518582
-0.1120057
-0.0993700
-0.0702412
-0.0639202
-0.0543267
-0.0288058
0.0245943
0.0656523
0.0625640
0.0503620
0.0384629
0.0252431
0.0183438
0.0181741
0.0049806
-0.0488560
-0.1007851
-0.1180228
-0.1054711
-0.0793568
-0.0232528
0.0827076
0.1096885
0.0306788
-0.0180145
-0.0654719
-0.1665753
-0.1947296
-0.1309170
-0.0958854
-0.0794269
-0.0091989
0.0521567
0.0109725
-0.0612197
-0.1066267
-0.1473452
-0.1317528
-0.0568527
0.0059633
0.0966995
0.2049487
0.2126578
0.1640321
0.1473712
0.1017007
-0.0232529
-0.1468944
-0.1977324
-0.2073156
-0.2157645
-0.2015659
-0.1722830
-0.1572117
-0.1178760
-0.0603511
-0.0332360
-0.0202658
-0.0094783
-0.0083507
0.0045564
0.0309752
0.0554663
0.0897572
0.1314216
0.1486862
0.1302296
0.1120158
0.1154231
0.1112599
0.0977118
0.0931820
0.0928758
0.0889918
0.0631071
0.0023418
-0.0346485
0.0029540
0.0470915
0.0786417
0.1519909
0.2077635
0.2019691
0.1768116
0.1538275
0.1214838
0.0593353
0.0243932
0.0393752
0.0298773
-0.0138090
-0.0456439
-0.0551984
-0.0674754
-0.0739222
-0.0558078
-0.0522187
-0.1011798
-0.1662906
-0.1950952
-0.2119251
-0.2021671
-0.1435696
-0.0942410
0.0196247
0.1281370
0.0410818
-0.0409059
-0.0210719
-0.0321530
-0.0147169
0.0270328
0.0341162
0.0445359
0.0590098
0.0690658
0.0707608
0.0490934
0.0285694
0.0374538
0.0735933
0.0984890
0.0686496
0.0015050
-0.0970929
-0.1656302
-0.1105960
-0.0256508
0.0249143
0.0495879
0.0301632
0.0179277
0.0245922
0.0322244
0.0458840
0.0393310
0.0132790
-0.0005057
-0.0065869
-0.0122059
-0.0030026
0.0158670
0.0326243
0.0435185
0.0287025
-0.0069689
-0.0442414
-0.0853719
-0.0979977
-0.0581626
-0.0066164
0.0331656
0.0649890
0.0483776
-0.0262307
-0.0907930
-0.1155256
-0.1059389
-0.0508556
0.0266854
0.0746361
0.0812493
0.0249401
-0.0789353
-0.1200291
-0.0895341
-0.0515132
0.0444796
0.1816235
0.2241585
0.1818908
0.1402373
0.0511404
-0.0768068
-0.0496739
0.0609605
0.0834583
0.1278432
0.2014475
0.2107937
0.1762597
0.1486659
0.1224483
0.0732693
0.0147790
-0.0378008
-0.0695412
-0.0870451
-0.0859589
-0.0486894
-0.0123452
0.0164347
0.0588403
0.0998699
0.1096040
0.0613413
0.0089852
-0.0111700
-0.0649767
-0.1220551
-0.1155932
-0.1182777
-0.1372243
-0.1055346
-0.0739487
-0.0452214
0.0752661
0.1766050
0.1212699
0.0647395
0.0547617
-0.0172706
-0.0755551
-0.0746814
-0.0572210
-0.0110052
0.0259239
0.0479399
0.0870273
0.1053977
0.0875674
0.0619148
0.0472423
0.0343524
0.0044790
-0.0433757
-0.0804868
-0.0912983
-0.0857058
-0.0588959
-0.0286996
-0.0158154
0.0023202
0.0150771
-0.0105769
-0.0403905
-0.0431390
-0.0435470
-0.0361721
-0.0095524
0.0116964
0.0287004
0.0436248
0.0320476
0.0015028
-0.0165905
-0.0292984
-0.0451817
-0.0304396
0.0104703
0.0568005
0.1218428
0.1617865
0.1521816
0.1366746
0.1255342
0.1057708
0.0708151
0.0181589
-0.0861469
-0.1865755
-0.1914379
-0.1806322
-0.1742829
-0.1291787
-0.0788687
-0.0170556
0.0341808
0.0449391
0.0519862
0.0554445
0.0419629
0.0500669
0.0798945
0.0932503
0.0911468
0.0784472
0.0609135
0.0583228
0.0686365
0.0810071
0.0688693
0.0253759
-0.0052638
-0.0286520
-0.0611053
-0.0428422
0.0228853
0.0901654
0.1402076
0.1259099
0.0909620
0.0901388
0.0811593
0.0683498
0.0769851
0.0688829
0.0324005
0.0080478
-0.0177017
-0.0609861
-0.0784603
-0.0593954
-0.0351462
-0.0258941
-0.0178670
-0.0097313
-0.0243912
-0.0421665
-0.0472827
-0.0636655
-0.0888984
-0.1084496
-0.1290730
-0.1525660
-0.1573735
-0.1249072
-0.0903761
-0.0794512
-0.0717518
-0.0758829
-0.0923742
-0.0944076
-0.0792294
-0.0576194
-0.0373043
-0.0222841
-0.0404677
-0.0786018
-0.0883603
-0.0825767
-0.0645060
-0.0205865
0.0249972
0.0550574
0.0844162
0.1088000
0.1185020
0.1322185
0.1496933
0.1586018
0.1652054
0.1645306
0.1474261
0.1124454
0.0588187
0.0295992
0.0323095
0.0257768
0.0242945
0.0304165
0.0134427
-0.0181785
-0.0467202
-0.0792390
-0.1009337
-0.1106097
-0.1230144
-0.1157272
-0.1029198
-0.1080812
-0.1073947
-0.1022271
-0.1064436
-0.1016360
-0.0801531
-0.0518141
-0.0147780
0.0290971
0.0593537
0.0694038
0.0600291
0.0290413
-0.0039671
-0.0346940
-0.0526311
-0.0532455
-0.0559659
-0.0545831
-0.0614230
-0.0822144
-0.0923586
-0.0969336
-0.1097122
-0.1091375
-0.0886857
-0.0691444
-0.0278832
0.0335319
0.0584394
0.0478263
0.0269479
-0.0004862
-0.0192350
-0.0332565
-0.0402188
-0.0351141
-0.0425330
-0.0600009
-0.0728209
-0.0692440
-0.0399876
-0.0170432
-0.0085634
0.0073817
0.0138369
0.0074224
0.0117345
0.0202116
0.0202648
0.0134290
0.0036878
-0.0017719
-0.0069775
-0.0075294
0.0042400
0.0116741
0.0142701
0.0300706
0.0433488
0.0405526
0.0404729
0.0378521
0.0243650
0.0069538
-0.0128690
-0.0218575
-0.0207623
-0.0267292
-0.0286110
-0.0130531
0.0004256
0.0058666
0.0106959
-0.0009130
-0.0219868
-0.0351110
-0.0465828
-0.0532253
-0.0520096
-0.0442112
-0.0340234
-0.0330599
-0.0372314
-0.0263850
-0.0048131
0.0124204
0.0385114
0.0619846
0.0638570
0.0591941
0.0514434
0.0433303
0.0378196
0.0373811
0.0476853
0.0594255
0.0558649
0.0317240
0.0120426
-0.0190874
-0.0590887
-0.0573045
-0.0476844
-0.0563073
-0.0556717
-0.0421764
-0.0145626
0.0188762
0.0338500
0.0325012
0.0248750
0.0143880
0.0083112
0.0031837
0.0072273
0.0205245
0.0282721
0.0404083
0.0553426
0.0592940
0.0544589
0.0408130
0.0211518
0.0031176
-0.0081271
-0.0046706
0.0092710
0.0136837
0.0130158
0.0159009
0.0093167
-0.0004998
-0.0047625
-0.0122052
-0.0190723
-0.0222495
-0.0217303
-0.0115101
0.0009128
0.0090564
0.0138106
0.0141771
0.0122646
0.0116072
0.0125764
0.0118575
0.0087259
-0.0001826
-0.0109199
-0.0101587
-0.0083961
-0.0153339
-0.0193215
-0.0171084
-0.0142122
-0.0140813
-0.0176115
-0.0232398
-0.0290312
-0.0362436
-0.0378833
-0.0292178
-0.0239065
-0.0234063
-0.0175209
-0.0068822
0.0080957
0.0219144
0.0242962
0.0288298
0.0463242
0.0612894
0.0720285
0.0790717
0.0732942
0.0509679
0.0123302
-0.0096431
0.0078018
0.0244961
0.0203579
0.0157859
0.0069188
-0.0101008
-0.0240016
-0.0277267
-0.0212703
-0.0176093
-0.0191436
-0.0182415
-0.0182785
-0.0157489
-0.0071004
-0.0025873
-0.0018136
-0.0007757
-0.0052434
-0.0115417
-0.0153897
-0.0210005
-0.0237624
-0.0165054
-0.0070174
-0.0018096
0.0042475
0.0084254
0.0049277
-0.0007316
-0.0026193
-0.0046929
-0.0088030
-0.0114385
-0.0128975
-0.0153976
-0.0199396
-0.0245690
-0.0268991
-0.0287280
-0.0310120
-0.0332321
-0.0345576
-0.0303625
-0.0230647
-0.0159868
-0.0078529
-0.0069355
-0.0122799
-0.0151173
-0.0174440
-0.0210734
-0.0284859
-0.0364237
-0.0312357
-0.0193017
-0.0059852
0.0255743
0.0502448
0.0465803
0.0454730
0.0467232
0.0345430
0.0209074
0.0150003
0.0166752
0.0201216
0.0173952
0.0043730
-0.0144300
-0.0227446
-0.0235526
-0.0274265
-0.0256080
-0.0222268
-0.0265600
-0.0319745
-0.0343910
-0.0283216
-0.0148640
0.0059222
0.0344908
0.0435493
0.0436075
0.0554053
0.0565496
0.0514213
0.0585552
0.0721356
0.0826057
0.0880580
0.0832307
0.0691782
0.0495697
0.0240545
0.0139275
0.0230956
0.0317217
0.0360647
0.0340751
0.0277073
0.0174005
-0.0016799
-0.0178025
-0.0203966
-0.0200222
-0.0254418
-0.0292429
-0.0255512
-0.0211557
-0.0185024
-0.0114903
-0.0031703
0.0036817
0.0169393
0.0318179
0.0331583
0.0268783
0.0244296
0.0227666
0.0200706
0.0219225
0.0282607
0.0322814
0.0322845
0.0288090
0.0161645
-0.0044807
-0.0127597
-0.0045641
0.0041024
0.0121008
0.0232808
0.0271286
0.0218337
0.0242192
0.0329977
0.0363530
0.0357236
0.0330593
0.0181017
-0.0022077
-0.0086930
-0.0118656
-0.0139574
-0.0172139
-0.0371150
-0.0585377
-0.0608111
-0.0418511
-0.0200839
-0.0059883
0.0097360
0.0201489
0.0220831
0.0208509
0.0210284
0.0243130
0.0146155
-0.0187263
-0.0514091
-0.0583490
-0.0431871
-0.0187432
0.0003705
0.0075413
0.0090256
0.0124003
0.0118188
0.0077025
0.0095334
0.0108331
0.0080108
0.0041678
-0.0003433
0.0011234
0.0128089
0.0199838
0.0156543
0.0143828
0.0155150
0.0115796
0.0119942
0.0215568
0.0297953
0.0364113
0.0444365
0.0471483
0.0485595
0.0525062
0.0543687
0.0550750
0.0559812
0.0524220
0.0455509
0.0347320
0.0133722
-0.0006251
0.0029176
0.0000646
-0.0062093
0.0011533
0.0129955
0.0243415
0.0314941
0.0260437
0.0179509
0.0156080
0.0109973
0.0085866
0.0177773
0.0271910
0.0301538
0.0291618
0.0166584
-0.0020402
-0.0119353
-0.0140336
-0.0152169
-0.0153838
-0.0258521
-0.0462729
-0.0507904
-0.0498930
-0.0590495
-0.0597493
-0.0512268
-0.0449999
-0.0395930
-0.0350139
-0.0333646
-0.0333181
-0.0360747
-0.0430360
-0.0542582
-0.0649762
-0.0688820
-0.0711746
-0.0720734
-0.0677081
-0.0642870
-0.0621022
-0.0586855
-0.0559537
-0.0530831
-0.0466036
-0.0371580
-0.0329771
-0.0325392
-0.0320514
-0.0370725
-0.0442380
-0.0509883
-0.0487978
-0.0337224
-0.0273037
-0.0279167
-0.0268888
-0.0349522
-0.0451847
-0.0495648
-0.0496443
-0.0422280
-0.0311319
-0.0219156
-0.0160174
-0.0143549
-0.0178427
-0.0239149
-0.0276807
-0.0330914
-0.0375905
-0.0341277
-0.0298140
-0.0294124
-0.0274179
-0.0222018
-0.0171550
-0.0140646
-0.0116177
-0.0077797
-0.0031755
-0.0001705
0.0009360
0.0026666
0.0047829
0.0059351
0.0050024
0.0004404
-0.0045667
-0.0072437
-0.0090191
-0.0067075
0.0018175
0.0096468
0.0173805
0.0286328
0.0347950
0.0350431
0.0384168
0.0434364
0.0445311
0.0413956
0.0384325
0.0369854
0.0349936
0.0357265
0.0375920
0.0380597
0.0405859
0.0434707
0.0432951
0.0376144
0.0236558
0.0103004
0.0081081
0.0112572
0.0123738
0.0119392
0.0129110
0.0145699
0.0134747
0.0115822
0.0117626
0.0149987
0.0198057
0.0224121
0.0249934
0.0285562
0.0259249
0.0198881
0.0135014
-0.0009683
-0.0127901
-0.0165821
-0.0249628
-0.0322991
-0.0362235
-0.0361572
-0.0257740
-0.0174247
-0.0090256
0.0022888
0.0029831
0.0048708
0.0175861
0.0300186
0.0387324
0.0451271
0.0488969
0.0533443
0.0579302
0.0582211
0.0566531
0.0572129
0.0582787
0.0584115
0.0587853
0.0585317
0.0544395
0.0475545
0.0404388
0.0383932
0.0476538
0.0569242
0.0600980
0.0620628
0.0567924
0.0440268
0.0275161
0.0152647
0.0113478
0.0026650
-0.0086149
-0.0120963
-0.0110616
-0.0107443
-0.0128399
-0.0177947
-0.0244993
-0.0285299
-0.0279054
-0.0229722
-0.0176781
-0.0161672
-0.0142130
-0.0124424
-0.0152286
-0.0177018
-0.0175949
-0.0170582
-0.0155611
-0.0146392
-0.0136315
-0.0091853
0.0005151
0.0129792
0.0247621
0.0384915
0.0414611
0.0292626
0.0249354
0.0214265
0.0080179
0.0023499
0.0030795
0.0008453
-0.0002402
0.0018596
0.0052349
0.0080746
0.0107683
0.0145301
0.0181986
0.0207570
0.0232304
0.0252551
0.0244521
0.0227995
0.0229764
0.0240507
0.0260356
0.0275598
0.0235312
0.0143776
0.0009409
-0.0215072
-0.0380042
-0.0361572
-0.0282772
-0.0187425
-0.0078446
-0.0012917
0.0001468
-0.0010743
-0.0031438
-0.0051810
-0.0081629
-0.0118599
-0.0151835
-0.0151476
-0.0087942
-0.0031898
-0.0039348
-0.0102744
-0.0208209
-0.0283213
-0.0308457
-0.0310236
-0.0270172
-0.0225303
-0.0212148
-0.0227580
-0.0273618
-0.0327277
-0.0372943
-0.0428679
-0.0439293
-0.0364319
-0.0309138
-0.0265282
-0.0192276
-0.0157548
-0.0162149
-0.0201484
-0.0261614
-0.0339916
-0.0392013
-0.0361020
-0.0351915
-0.0387705
-0.0414953
-0.0457120
-0.0491381
-0.0518391
-0.0527162
-0.0493275
-0.0455961
-0.0390487
-0.0311643
-0.0278209
-0.0260226
-0.0231618
-0.0203879
-0.0162541
-0.0093719
-0.0045802
-0.0033130
-0.0033797
-0.0071732
-0.0124251
-0.0191806
-0.0306912
-0.0385730
-0.0394544
-0.0369862
-0.0324496
-0.0286435
-0.0261766
-0.0291608
-0.0355354
-0.0380392
-0.0416053
-0.0483926
-0.0534617
-0.0565236
-0.0539749
-0.0463624
-0.0366114
-0.0206038
-0.0102633
-0.0096622
-0.0071732
-0.0050385
-0.0032591
0.0000632
0.0026038
0.0047385
0.0033271
-0.0012419
-0.0046837
-0.0077673
-0.0065719
-0.0010888
0.0010366
0.0025599
0.0071407
0.0114912
0.0139053
0.0145806
0.0127441
0.0100419
0.0087291
0.0089604
0.0127145
0.0194550
0.0249955
0.0257193
0.0245159
0.0257038
0.0266760
0.0273780
0.0294877
0.0310198
0.0320869
0.0318927
0.0284477
0.0248663
0.0221453
0.0201877
0.0212518
0.0218941
0.0184126
0.0143545
0.0132952
0.0131050
0.0157199
0.0218448
0.0280778
0.0349741
0.0383366
0.0376953
0.0365703
0.0355739
0.0366448
0.0376972
0.0363431
0.0318747
0.0268076
0.0240431
0.0231540
0.0276436
0.0356737
0.0421986
0.0465697
0.0459938
0.0406649
0.0358259
0.0326235
0.0267887
0.0197456
0.0153853
0.0136509
0.0131365
0.0125629
0.0132232
0.0165461
0.0229389
0.0279866
0.0302379
0.0321692
0.0290519
0.0203141
0.0120710
0.0094294
0.0096961
0.0053353
-0.0020426
-0.0097101
-0.0135966
-0.0108761
-0.0094983
-0.0074487
-0.0011348
0.0007636
-0.0008593
-0.0010923
-0.0009985
0.0026305
0.0087096
0.0129858
0.0167769
0.0148714
0.0009965
-0.0180541
-0.0292910
-0.0313540
-0.0283372
-0.0212237
-0.0124291
-0.0036845
-0.0044285
-0.0126746
-0.0186643
-0.0255797
-0.0306521
-0.0309861
-0.0294302
-0.0283052
-0.0286205
-0.0274973
-0.0209610
-0.0104516
0.0008988
0.0107211
0.0125505
0.0065062
0.0016597
0.0013347
-0.0003013
-0.0018392
-0.0006793
-0.0012181
-0.0023098
-0.0027700
-0.0038991
-0.0051934
-0.0067686
-0.0057645
-0.0009744
0.0019217
0.0061213
0.0139919
0.0164882
0.0152186
0.0148326
0.0139286
0.0134619
0.0128235
0.0109850
0.0067823
0.0010010
-0.0023593
-0.0042378
-0.0066502
-0.0036201
0.0044284
0.0108441
0.0230947
0.0363858
0.0401067
0.0400201
0.0325349
0.0175114
-0.0010922
-0.0187603
-0.0238244
-0.0162331
-0.0048521
0.0049198
0.0106159
0.0078245
0.0011728
-0.0010448
-0.0028438
-0.0034901
0.0044454
0.0120045
0.0135167
0.0161373
0.0138484
0.0027885
-0.0064743
-0.0096465
-0.0074676
-0.0003300
0.0093947
0.0180965
0.0165033
0.0066181
-0.0012823
-0.0055805
-0.0076366
-0.0098049
-0.0094285
-0.0058263
-0.0041325
-0.0058446
-0.0086404
-0.0095708
-0.0105173
-0.0119245
-0.0113972
-0.0116396
-0.0136494
-0.0145561
-0.0118913
-0.0045904
0.0034838
0.0087306
0.0123548
0.0119366
0.0050136
-0.0045594
-0.0129850
-0.0145490
-0.0113697
-0.0134507
-0.0186801
-0.0217841
-0.0241197
-0.0269664
-0.0297710
-0.0305035
-0.0264123
-0.0188648
-0.0142566
-0.0131896
-0.0103282
-0.0088874
-0.0138160
-0.0188422
-0.0202885
-0.0206356
-0.0157660
-0.0086522
-0.0067636
-0.0047137
-0.0043024
-0.0112561
-0.0193165
-0.0181609
-0.0068132
0.0021962
0.0085527
0.0171602
0.0205996
0.0151909
0.0060436
0.0009445
0.0008110
0.0034380
0.0066956
0.0081583
0.0074196
0.0042366
0.0017737
0.0028557
0.0062910
0.0080288
0.0079527
0.0093685
0.0110396
0.0119815
0.0131658
0.0122035
0.0079598
0.0020694
-0.0050958
-0.0087142
-0.0052220
-0.0013957
0.0007417
0.0077965
0.0131726
0.0083961
0.0030792
0.0017177
-0.0034623
-0.0097864
-0.0079507
-0.0036029
-0.0045092
-0.0055154
-0.0044556
-0.0033755
-0.0026650
-0.0027720
-0.0028438
-0.0011687
0.0028003
0.0065538
0.0054843
-0.0007530
-0.0074772
-0.0128709
-0.0143008
-0.0083022
-0.0016908
0.0031042
0.0147058
0.0237244
0.0236445
0.0251775
0.0210656
0.0094920
-0.0041710
-0.0242143
-0.0398756
-0.0386249
-0.0204713
0.0048844
0.0218644
0.0252348
0.0203242
0.0084944
-0.0060185
-0.0164308
-0.0213361
-0.0161577
-0.0072714
-0.0047253
-0.0023159
0.0019134
0.0036201
0.0034976
0.0005190
-0.0077729
-0.0156914
-0.0142544
-0.0071458
-0.0008939
0.0096589
0.0210799
0.0241332
0.0214682
0.0167756
0.0116277
0.0031386
-0.0055818
-0.0083425
-0.0093381
-0.0085540
-0.0014465
0.0095972
0.0152059
0.0146390
0.0125714
0.0040551
-0.0072192
-0.0135261
-0.0127289
-0.0037166
0.0089878
0.0200273
0.0235379
0.0210138
0.0182123
0.0123430
-0.0000097
-0.0066917
-0.0001053
0.0059410
0.0125985
0.0228501
0.0237864
0.0200096
0.0197420
0.0198345
0.0186651
0.0155049
0.0088605
0.0017756
-0.0014568
-0.0045489
-0.0131955
-0.0270979
-0.0378349
-0.0415438
-0.0431984
-0.0404474
-0.0340162
-0.0303453
-0.0260903
-0.0201482
-0.0137733
-0.0052368
0.0005905
0.0011142
-0.0020391
-0.0095488
-0.0143625
-0.0140877
-0.0148744
-0.0103186
-0.0014023
0.0016530
0.0011543
-0.0009535
-0.0040764
-0.0067980
-0.0074184
-0.0022854
0.0024100
0.0037898
0.0042140
-0.0001782
-0.0080032
-0.0153460
-0.0172738
-0.0126608
-0.0090964
-0.0062029
-0.0004845
0.0031620
0.0031043
0.0034837
0.0046706
0.0047175
0.0049325
0.0062961
0.0076545
0.0073580
0.0044976
0.0018079
0.0001612
-0.0004585
0.0018927
0.0048091
0.0079078
0.0148884
0.0262867
0.0363816
0.0367268
0.0303865
0.0245966
0.0141446
-0.0036092
-0.0172442
-0.0235977
-0.0319290
-0.0412364
-0.0408139
-0.0304719
-0.0166309
0.0021863
0.0165909
0.0161953
0.0145113
0.0207950
0.0265527
0.0296763
0.0295193
0.0218302
0.0124679
0.0079145
0.0078671
0.0099105
0.0113243
0.0104267
0.0090510
0.0106271
0.0165918
0.0238169
0.0287757
0.0293724
0.0255184
0.0226765
0.0193254
0.0108877
0.0036907
0.0003011
-0.0044418
-0.0057398
0.0005622
0.0053663
0.0086631
0.0141573
0.0178296
0.0182206
0.0133780
0.0084578
0.0094449
0.0103931
0.0084841
0.0079914
0.0050407
-0.0045802
-0.0122498
-0.0142684
-0.0120655
-0.0071746
-0.0045516
-0.0022170
0.0010928
0.0044831
0.0089154
0.0125463
0.0134295
0.0096134
0.0023829
-0.0045604
-0.0084167
-0.0077547
-0.0070546
-0.0113241
-0.0160954
-0.0122519
-0.0041482
-0.0005076
0.0049532
0.0089545
0.0036883
0.0001783
0.0002860
-0.0033236
-0.0062473
-0.0060590
-0.0063889
-0.0068619
-0.0081522
-0.0128720
-0.0183764
-0.0207035
-0.0181150
-0.0144669
-0.0134780
-0.0115262
-0.0093535
-0.0087024
-0.0070928
-0.0058991
-0.0059587
-0.0059617
-0.0077925
-0.0109486
-0.0135576
-0.0173810
-0.0199164
-0.0172854
-0.0122307
-0.0081679
-0.0067477
-0.0106403
-0.0155397
-0.0164841
-0.0191356
-0.0209983
-0.0140521
-0.0080491
-0.0082438
-0.0083805
-0.0108094
-0.0129021
-0.0084495
-0.0017169
0.0033938
0.0096339
0.0170707
0.0214197
0.0209110
0.0204085
0.0225991
0.0238487
0.0243374
0.0254186
0.0262801
0.0250942
0.0212286
0.0167571
0.0081803
-0.0039061
-0.0107660
-0.0138935
-0.0164613
-0.0183777
-0.0187932
-0.0122977
-0.0044250
-0.0017098
-0.0030790
-0.0077455
-0.0109257
-0.0109417
-0.0053863
0.0023305
0.0045897
0.0068009
0.0065473
0.0004072
-0.0034095
-0.0055074
-0.0084428
-0.0091582
-0.0062249
-0.0022954
0.0006983
0.0026838
-0.0004983
-0.0061417
-0.0089152
-0.0130919
-0.0183668
-0.0204356
-0.0211269
-0.0215978
-0.0178751
-0.0102280
-0.0041480
0.0014254
0.0065130
0.0069583
0.0076771
0.0103473
0.0089614
0.0051710
0.0021144
-0.0001032
-0.0010252
-0.0012088
-0.0017417
-0.0036689
-0.0073376
-0.0125412
-0.0166967
-0.0181119
-0.0162551
-0.0129082
-0.0085715
0.0017506
0.0108761
0.0133178
0.0119103
0.0059881
0.0016755
-0.0022678
-0.0037961
0.0049750
0.0115901
0.0123688
0.0177934
0.0200028
0.0131235
0.0067572
-0.0012442
-0.0122359
-0.0170925
-0.0151016
-0.0090938
-0.0001318
0.0118350
0.0196008
0.0189100
0.0207983
0.0255528
0.0276943
0.0266675
0.0198231
0.0135438
0.0079413
-0.0018824
-0.0052196
-0.0039661
-0.0086049
-0.0127516
-0.0146896
-0.0126746
-0.0012761
0.0125821
0.0220269
0.0255914
0.0212194
0.0126494
0.0082343
0.0106726
0.0174871
0.0201108
0.0196341
0.0213815
0.0175758
0.0107898
0.0076997
0.0054904
0.0060883
0.0079190
0.0075532
0.0070621
0.0026208
-0.0042447
-0.0081264
-0.0069467
0.0017140
0.0089019
0.0127084
0.0199198
0.0199247
0.0114534
0.0080672
0.0048000
-0.0011846
-0.0007317
0.0009410
-0.0016354
-0.0047068
-0.0081542
-0.0105844
-0.0114865
-0.0110826
-0.0082315
-0.0063189
-0.0047701
-0.0026312
-0.0053738
-0.0107793
-0.0131199
-0.0162580
-0.0178125
-0.0127838
-0.0090060
-0.0075452
-0.0036039
-0.0031415
-0.0069340
-0.0085702
-0.0085333
-0.0029485
0.0076199
0.0139707
0.0173524
0.0138524
0.0037360
-0.0042743
-0.0103175
-0.0096158
-0.0042969
-0.0037588
-0.0055434
-0.0046136
-0.0028690
-0.0024973
-0.0021392
-0.0016052
-0.0013094
-0.0008596
0.0009393
0.0038992
0.0065041
0.0066779
0.0021691
-0.0027270
-0.0049796
-0.0092299
-0.0133518
-0.0106877
-0.0066242
-0.0043961
0.0006304
0.0032329
0.0022925
0.0000721
-0.0044652
-0.0072898
-0.0092999
-0.0073225
0.0007164
0.0049877
0.0064330
0.0095046
0.0089950
0.0056535
0.0044773
0.0032743
0.0000484
-0.0036999
-0.0073616
-0.0135155
-0.0227340
-0.0274722
-0.0259976
-0.0228898
-0.0171419
-0.0108630
-0.0100133
-0.0103944
-0.0073270
-0.0036401
-0.0008713
-0.0005655
-0.0019104
-0.0028648
-0.0036512
-0.0046702
-0.0044804
-0.0017456
0.0004784
0.0025517
0.0067838
0.0113283
0.0136517
0.0113839
0.0077278
0.0045110
0.0006923
-0.0001558
-0.0002231
-0.0022704
-0.0040202
-0.0050767
-0.0033996
0.0007809
0.0032289
0.0057502
0.0086854
0.0054509
-0.0009196
-0.0040870
-0.0056462
-0.0048241
-0.0036468
-0.0047719
-0.0048352
-0.0040388
-0.0040757
-0.0010245
0.0069840
0.0119047
0.0119582
0.0151209
0.0164903
0.0108467
0.0072918
0.0050308
-0.0007340
-0.0048731
-0.0047256
-0.0022383
-0.0010644
-0.0010060
-0.0003664
-0.0004753
0.0005254
0.0043220
0.0078532
0.0089831
0.0101354
0.0107679
0.0075337
0.0034616
-0.0021114
-0.0129383
-0.0194131
-0.0181478
-0.0174787
-0.0163320
-0.0130154
-0.0063208
0.0004183
0.0020751
0.0037361
0.0039343
0.0017367
0.0020059
0.0034569
0.0046652
0.0058306
0.0073844
0.0074890
0.0044694
0.0024105
0.0020435
0.0017575
0.0034356
0.0053256
0.0065928
0.0093318
0.0111753
0.0121377
0.0134998
0.0111566
0.0064535
0.0034527
0.0006456
-0.0024245
-0.0043136
-0.0025572
0.0008429
0.0033828
0.0078281
0.0112670
0.0105574
0.0080534
0.0058374
0.0017850
-0.0046678
-0.0076656
-0.0084045
-0.0106418
-0.0090765
-0.0036814
0.0012177
0.0078071
0.0107063
0.0082257
0.0095186
0.0112117
0.0099210
0.0094082
0.0074510
0.0042526
0.0019963
-0.0013651
-0.0054485
-0.0083065
-0.0106912
-0.0133095
-0.0118365
-0.0061612
-0.0031746
-0.0007697
0.0035731
0.0052658
0.0032126
-0.0000500
-0.0023478
-0.0047226
-0.0055495
-0.0012346
0.0051770
0.0097480
0.0102528
0.0071185
0.0038855
0.0024862
0.0032346
0.0032130
0.0013696
-0.0006749
-0.0037696
-0.0070185
-0.0063171
-0.0023394
-0.0004442
0.0001915
0.0001490
-0.0032959
-0.0075503
-0.0103147
-0.0130212
-0.0162682
-0.0164432
-0.0125088
-0.0103901
-0.0097190
-0.0067072
-0.0043619
-0.0038183
-0.0028968
-0.0020691
-0.0017419
-0.0016481
-0.0009106
0.0017628
0.0040415
0.0048142
0.0055141
0.0042940
0.0017779
0.0005643
-0.0010375
-0.0027088
-0.0031317
-0.0039846
-0.0053531
-0.0060805
-0.0053371
-0.0037784
-0.0033295
-0.0033406
-0.0027683
-0.0028305
-0.0034976
-0.0040110
-0.0065179
-0.0100199
-0.0112013
-0.0128292
-0.0162204
-0.0171256
-0.0154680
-0.0153858
-0.0164447
-0.0164533
-0.0164039
-0.0167802
-0.0147874
-0.0101458
-0.0069809
-0.0046743
-0.0016259
-0.0000918
0.0010939
0.0021538
0.0003878
-0.0014046
-0.0014844
-0.0027053
-0.0040109
-0.0033153
-0.0023418
-0.0019415
-0.0026641
-0.0056599
-0.0081830
-0.0090807
-0.0093937
-0.0081081
-0.0068623
-0.0071237
-0.0069645
-0.0067865
-0.0076015
-0.0074540
-0.0064115
-0.0060944
-0.0058156
-0.0071732
-0.0112062
-0.0147241
-0.0138725
-0.0085573
-0.0040065
0.0012013
0.0070664
0.0072633
0.0042006
0.0027445
0.0034699
0.0047013
0.0054552
0.0066422
0.0087320
0.0082957
0.0038367
0.0013367
0.0012203
0.0015637
0.0042921
0.0065094
0.0082881
0.0112555
0.0120986
0.0114353
0.0112777
0.0108093
0.0097792
0.0101584
0.0127900
0.0144600
0.0147667
0.0158206
0.0156957
0.0137703
0.0126805
0.0134785
0.0154823
0.0167462
0.0176206
0.0172901
0.0136410
0.0105230
0.0088093
0.0054890
0.0043449
0.0071664
0.0082813
0.0083089
0.0105503
0.0127940
0.0139459
0.0127735
0.0099432
0.0067238
0.0011235
-0.0031396
-0.0052317
-0.0082894
-0.0088997
-0.0084822
-0.0110594
-0.0135861
-0.0150436
-0.0145514
-0.0092280
-0.0045411
-0.0032432
-0.0002153
0.0010652
-0.0022825
-0.0037879
-0.0029713
-0.0034233
-0.0037060
-0.0035233
-0.0035247
-0.0034389
-0.0032428
-0.0032325
-0.0033598
-0.0033336
-0.0037712
-0.0058646
-0.0081473
-0.0095163
-0.0102968
-0.0078610
-0.0038968
-0.0028564
-0.0022369
0.0001254
0.0002915
-0.0030929
-0.0062969
-0.0093782
-0.0117249
-0.0121992
-0.0131081
-0.0112998
-0.0075328
-0.0069094
-0.0061279
-0.0042087
-0.0037280
-0.0022057
0.0007138
0.0025701
0.0041182
0.0060251
0.0067470
0.0064698
0.0068746
0.0072454
0.0068090
0.0064648
0.0060213
0.0056097
0.0063535
0.0074280
0.0079860
0.0095007
0.0106628
0.0086987
0.0063975
0.0059019
0.0048144
0.0038689
0.0044220
0.0050256
0.0056022
0.0062842
0.0067053
0.0085225
0.0121656
0.0149310
0.0173027
0.0192308
0.0170811
0.0139541
0.0133209
0.0117823
0.0100459
0.0103693
0.0103503
0.0090538
0.0074461
0.0061001
0.0049278
0.0030160
0.0004949
-0.0007975
0.0003664
0.0016963
0.0012132
0.0007305
0.0007768
0.0003118
-0.0001251
-0.0001484
-0.0002424
-0.0003228
0.0006124
0.0018629
0.0018457
0.0018014
0.0019659
0.0011195
0.0003593
-0.0000878
-0.0009263
-0.0016331
-0.0022216
-0.0025601
-0.0019991
-0.0014529
-0.0012776
0.0003271
0.0027099
0.0029931
0.0009759
-0.0007695
-0.0019099
-0.0044832
-0.0067661
-0.0072928
-0.0073219
-0.0059709
-0.0041177
-0.0035562
-0.0033704
-0.0038122
-0.0045421
-0.0044807
-0.0042933
-0.0041883
-0.0051361
-0.0074193
-0.0086277
-0.0083533
-0.0067395
-0.0042288
-0.0022233
-0.0002647
0.0008421
0.0014041
0.0029260
0.0040887
0.0042174
0.0040664
0.0035573
0.0029882
0.0034300
0.0042483
0.0043501
0.0044109
0.0049015
0.0045956
0.0031137
0.0019473
0.0012475
0.0009261
0.0013006
0.0011930
0.0001127
-0.0008872
-0.0011058
-0.0011049
-0.0013521
-0.0018230
-0.0026371
-0.0033122
-0.0036355
-0.0039740
-0.0042066
-0.0043303
-0.0045083
-0.0044244
-0.0039865
-0.0036722
-0.0040273
-0.0048750
-0.0050316
-0.0045873
-0.0041370
-0.0033113
-0.0023302
-0.0014848
-0.0012456
-0.0013893
-0.0010980
-0.0008795
-0.0007774
-0.0001274
0.0009021
0.0021081
0.0031722
0.0033747
0.0030355
0.0029581
0.0029768
0.0027968
0.0026541
0.0026080
0.0024262
0.0020485
0.0015988
0.0011165
0.0006298
0.0004298
0.0005589
0.0006352
0.0005052
0.0002178
-0.0000877
-0.0004027
-0.0006457
-0.0006005
-0.0005411
-0.0003293
0.0000374
-0.0000505
-0.0003825
-0.0008686
-0.0015783
-0.0019197
-0.0017797
-0.0014295
-0.0008580
-0.0004626
-0.0005482
-0.0007635
-0.0011546
-0.0015544
-0.0016119
-0.0015414
-0.0013598
-0.0011256
-0.0009471
-0.0007303
-0.0004972
-0.0003578
-0.0003152
-0.0003518
-0.0007142
-0.0011624
-0.0011102
-0.0008241
-0.0006239
-0.0003495
-0.0001790
-0.0002144
-0.0002304
-0.0002331
-0.0002501
-0.0001958
-0.0001274
-0.0001310
-0.0001515
-0.0001837
-0.0002494
-0.0002921
-0.0003014
-0.0002982
-0.0003069
-0.0003268
-0.0003388
-0.0003530
-0.0003737
-0.0003922
-0.0004075
-0.0004265
-0.0004480
-0.0004672
-0.0004952
-0.0005421
-0.0005936
-0.0006215
-0.0006183
-0.0005940
-0.0005541
-0.0005063
-0.0004559
-0.0004071
-0.0003676
-0.0003358
-0.0003042
-0.0002704
-0.0002341
-0.0001972
-0.0001619
-0.0001280
