0.0007265
0.0010821
0.0016263
0.0018330
0.0018375
0.0016360
0.0019145
0.0028155
0.0035032
0.0039573
0.0035830
0.0022520
0.0024210
0.0035577
0.0026293
0.0004878
-0.0001347
0.0000457
-0.0009489
-0.0022920
-0.0034344
-0.0038232
-0.0022931
0.0004100
0.0040854
0.0065831
0.0068750
0.0079661
0.0083914
0.0066208
0.0046439
0.0026092
0.0003966
0.0026608
0.0140891
0.0264958
0.0296333
0.0211236
0.0018727
-0.0135432
-0.0167643
-0.0173247
-0.0139475
-0.0089807
-0.0134402
-0.0224148
-0.0264822
-0.0184658
0.0021022
0.0140788
0.0113413
0.0126549
0.0144779
0.0097098
0.0078916
0.0106491
0.0107762
0.0044730
-0.0064968
-0.0143978
-0.0146949
-0.0148558
-0.0148945
-0.0079750
0.0027068
0.0091919
0.0120665
0.0177262
0.0232876
0.0206070
0.0115582
0.0059184
0.0054334
0.0052189
-0.0005293
-0.0097369
-0.0129011
-0.0106251
-0.0053088
0.0030416
0.0106784
0.0179713
0.0267488
0.0343734
0.0381367
0.0308635
-0.0017594
-0.0362998
-0.0354766
-0.0280642
-0.0343076
-0.0237779
0.0014305
0.0203116
0.0338799
0.0396749
0.0342608
0.0075985
-0.0265785
-0.0218772
-0.0082647
-0.0281105
-0.0456279
-0.0439378
-0.0436404
-0.0452992
-0.0370702
-0.0185979
0.0000999
0.0081084
0.0066868
0.0056593
0.0185823
0.0396326
0.0432519
0.0390056
0.0367492
0.0162823
-0.0038926
0.0010378
0.0094685
0.0113340
0.0148547
0.0169792
0.0138911
0.0125133
0.0233506
0.0392543
0.0439969
0.0416429
0.0396254
0.0319741
0.0222680
0.0144258
0.0044418
-0.0053666
-0.0101074
-0.0081865
-0.0022865
-0.0012580
-0.0099869
-0.0203043
-0.0255330
-0.0288915
-0.0293328
-0.0208675
-0.0097050
-0.0070414
-0.0028675
0.0176742
0.0411572
0.0511745
0.0541135
0.0444692
0.0061821
-0.0382015
-0.0807573
-0.1453988
-0.1988869
-0.2025673
-0.1741586
-0.1423871
-0.1243363
-0.1168035
-0.1037948
-0.0849968
-0.0718302
-0.0622444
-0.0615087
-0.0730495
-0.0777963
-0.0683846
-0.0334457
0.0282843
0.0788087
0.1046861
0.1335170
0.1663556
0.1824760
0.1868298
0.1655912
0.1117304
0.0418258
-0.0125989
-0.0103961
0.0101975
0.0357645
0.0837779
0.1168707
0.1439054
0.1727671
0.1812131
0.1804415
0.1513218
0.0897998
0.0198780
-0.0723975
-0.1053360
-0.0734431
-0.0563819
0.0494428
0.1465403
0.1019205
0.0559159
0.0016223
-0.0734582
-0.0922284
-0.0764961
-0.0345453
0.0167798
0.0223296
0.0029667
-0.0112838
-0.0268981
-0.0192639
-0.0150760
-0.0539739
-0.0883525
-0.0881554
-0.0810473
-0.0564904
-0.0080035
0.0137738
-0.0044139
-0.0433386
-0.0787396
-0.0778906
-0.0568365
-0.0164869
0.0461053
0.0700403
0.0550155
0.0198059
-0.0744857
-0.1709999
-0.1694421
-0.1219146
-0.0898358
-0.0362416
-0.0052849
-0.0192332
-0.0176420
-0.0315855
-0.0774689
-0.0927027
-0.0721030
-0.0589811
-0.0592438
-0.0714107
-0.1115239
-0.1365249
-0.1191202
-0.1007009
-0.0743900
-0.0400742
-0.0283369
-0.0376766
-0.0286301
0.0199258
0.0583818
0.0821410
0.1275559
0.1619151
0.1599803
0.1536122
0.1530053
0.1404000
0.1206331
0.1089742
0.0788934
0.0155622
-0.0325905
-0.1047340
-0.2446313
-0.3032708
-0.2557852
-0.2122503
-0.1284624
-0.0376463
-0.0180954
-0.0189387
-0.0196361
-0.0239335
-0.0262837
-0.0239348
0.0177080
0.0840633
0.1308297
0.1831566
0.2217685
0.2131577
0.1910550
0.1069933
-0.0089059
-0.0379034
-0.0164486
0.0554357
0.1536555
0.1949334
0.2313170
0.2556884
0.2277970
0.1727960
0.1042628
0.0503097
0.0280477
0.0433467
0.0812912
0.1095407
0.1333991
0.1418247
0.1109665
0.0780518
0.0646356
0.0504361
0.0416680
0.0426934
0.0527591
0.0454626
-0.0001193
-0.0486203
-0.1021157
-0.1301186
-0.1030242
-0.0885382
-0.0948127
-0.0992984
-0.1326017
-0.2164668
-0.2750673
-0.2529631
-0.2411561
-0.2150088
-0.1032450
0.0304146
0.1926142
0.3004632
0.2701861
0.2742928
0.2991193
0.2106521
0.1148466
0.0589634
-0.0206645
-0.0841593
-0.1210001
-0.1677963
-0.1922948
-0.2029271
-0.2258723
-0.2352547
-0.2372777
-0.2317000
-0.2030745
-0.1730503
-0.1530255
-0.1440863
-0.1381549
-0.1140433
-0.0837236
-0.0683882
-0.0589447
-0.0424769
-0.0224462
-0.0116503
-0.0169858
-0.0056796
0.0531858
0.1144962
0.1538824
0.1975604
0.2208220
0.2196573
0.2005414
0.1420902
0.0761915
0.0124822
-0.0331463
-0.0224906
0.0136943
0.0507972
0.0681611
0.0413101
-0.0235928
-0.1005928
-0.1277582
-0.1031002
-0.0773088
-0.0542781
-0.0520129
-0.0724341
-0.0852596
-0.0842624
-0.0786006
-0.0847066
-0.0952980
-0.0904625
-0.0704293
-0.0471814
-0.0269716
-0.0190860
-0.0251455
-0.0192269
0.0092746
0.0342500
0.0363928
0.0101673
-0.0367722
-0.0901290
-0.1318958
-0.1048658
-0.0131446
0.0570464
0.1028840
0.1741514
0.2392949
0.2556523
0.2223335
0.1357807
0.0102657
-0.0969001
-0.1196972
-0.1067898
-0.1145381
-0.0924736
-0.0497830
-0.0182934
0.0156424
0.0308366
0.0247533
0.0539904
0.1155480
0.1539098
0.1842476
0.2328820
0.2742046
0.2757811
0.2136852
0.1262979
0.0725917
0.0259031
-0.0377957
-0.0832401
-0.1003307
-0.1168733
-0.1229741
-0.1069364
-0.0825913
-0.0393161
-0.0079704
-0.0189016
-0.0237214
0.0125098
0.0588277
0.0892163
0.1469045
0.2250660
0.2421603
0.2121910
0.1782971
0.1290005
0.0429334
-0.0178887
0.0178414
0.0709716
0.1081370
0.1277042
0.1207296
0.1048995
0.0219023
-0.0609854
-0.0665613
-0.0674760
-0.0725626
-0.0902333
-0.1299071
-0.1498306
-0.1654612
-0.1995270
-0.2273881
-0.1880017
-0.0901132
-0.0207566
0.0054621
0.0037171
-0.0253479
-0.0736732
-0.1271492
-0.1583084
-0.1665102
-0.1627503
-0.1176494
-0.0358016
0.0437130
0.1171912
0.1477946
0.1256771
0.0982346
0.0523458
-0.0108055
-0.0747149
-0.1778968
-0.2531235
-0.2399090
-0.2321407
-0.1846262
-0.0495881
0.0065888
-0.0227067
-0.0179801
-0.0366190
-0.0931620
-0.0887383
-0.0714985
-0.0896081
-0.0571918
-0.0027406
-0.0097998
-0.0236453
-0.0227265
-0.0468957
-0.0709358
-0.0764876
-0.0806365
-0.0924242
-0.1022028
-0.0954160
-0.0598181
0.0037871
0.0682148
0.0925712
0.0756803
0.0745224
0.0956181
0.0994108
0.0914556
0.0917013
0.1027441
0.0968227
0.0572580
0.0086787
-0.0377759
-0.0511870
-0.0115915
0.0456627
0.0858620
0.1106702
0.1344242
0.1333861
0.1126729
0.0943774
0.0749033
0.0638511
0.0601218
0.0899163
0.1480345
0.1520241
0.1249817
0.1168803
0.0868149
0.0592928
0.0679066
0.0642837
0.0398493
0.0234120
0.0121166
-0.0028194
-0.0191483
-0.0334837
-0.0557482
-0.0856823
-0.1003086
-0.1103593
-0.1133293
-0.0554621
0.0318472
0.0945345
0.1508941
0.1665767
0.1451806
0.1321171
0.0959272
0.0491866
0.0061661
-0.0569236
-0.1216663
-0.1730532
-0.1912703
-0.1887343
-0.1988522
-0.1965503
-0.1848025
-0.1610380
-0.1080059
-0.0654962
-0.0299531
0.0255596
0.0561410
0.0491235
0.0526739
0.0581624
0.0356713
-0.0053367
-0.0266425
-0.0237532
-0.0232930
0.0096811
0.0766445
0.1046183
0.0989315
0.1056512
0.0969339
0.0586557
0.0261674
-0.0115750
-0.0729001
-0.1011462
-0.0795876
-0.0596412
-0.0477242
-0.0392254
-0.0428994
-0.0472730
-0.0449977
-0.0398342
-0.0288384
-0.0130318
-0.0072899
-0.0111718
-0.0251223
-0.0769502
-0.1217110
-0.1116381
-0.1052960
-0.1083746
-0.0879095
-0.0651222
-0.0486481
-0.0234701
0.0136062
0.0501468
0.0725107
0.0804690
0.0845857
0.0811498
0.0626705
0.0364396
0.0150745
0.0054066
0.0063278
0.0160490
0.0293335
0.0358419
0.0324739
0.0176000
-0.0150390
-0.0392895
-0.0275170
-0.0052494
0.0049889
0.0013775
-0.0216855
-0.0661842
-0.1123308
-0.1239892
-0.1188695
-0.1258151
-0.1195915
-0.1066604
-0.1116787
-0.1154006
-0.0938626
-0.0582628
-0.0282659
0.0017092
0.0183321
0.0096874
-0.0009479
-0.0071498
-0.0009154
0.0382620
0.0812687
0.0912840
0.0817802
0.0503987
-0.0230782
-0.0752972
-0.0587879
-0.0339312
-0.0287918
-0.0231087
-0.0261775
-0.0453398
-0.0551070
-0.0524734
-0.0415618
-0.0024991
0.0448930
0.0762847
0.1109825
0.1456907
0.1554791
0.1615539
0.1935245
0.2305656
0.2511728
0.2586015
0.2534443
0.2362488
0.2105611
0.1849181
0.1579717
0.1277517
0.1142381
0.1114818
0.0984805
0.0891494
0.0943899
0.1122829
0.1400949
0.1609947
0.1729607
0.1750820
0.1352323
0.0724857
0.0392244
0.0099478
-0.0285373
-0.0380068
-0.0393565
-0.0539934
-0.0539700
-0.0428312
-0.0388686
-0.0359694
-0.0253099
-0.0082575
0.0061369
0.0173286
0.0378758
0.0657114
0.0771711
0.0789724
0.0965169
0.1169982
0.1215900
0.1020131
0.0571604
0.0075218
-0.0459972
-0.0862820
-0.0854129
-0.0744175
-0.0645187
-0.0466027
-0.0336879
-0.0319689
-0.0412725
-0.0603269
-0.0771301
-0.0790705
-0.0764466
-0.0657832
-0.0398313
-0.0087284
0.0134360
0.0099416
-0.0054600
-0.0123970
-0.0158470
-0.0150414
0.0014907
0.0224436
0.0310257
0.0265912
-0.0024888
-0.0449459
-0.0654858
-0.0712043
-0.0850231
-0.0957828
-0.0887804
-0.0801468
-0.0745866
-0.0569139
-0.0348973
-0.0142490
-0.0001368
0.0005899
-0.0012174
-0.0043352
-0.0087042
-0.0125723
-0.0138364
0.0019220
0.0338743
0.0591688
0.0653813
0.0646464
0.0506996
0.0143463
-0.0041674
0.0065886
0.0179362
0.0401937
0.0746218
0.0898856
0.0903979
0.0903719
0.0712723
0.0367118
0.0012447
-0.0284561
-0.0350742
-0.0318872
-0.0328005
-0.0244829
-0.0105175
-0.0005895
0.0094672
0.0153475
0.0127602
0.0137300
0.0161594
0.0118953
0.0084070
0.0073654
0.0044633
0.0000713
0.0065373
0.0270355
0.0476651
0.0700094
0.0891259
0.0864184
0.0637248
0.0426256
0.0373658
0.0414940
0.0493187
0.0580380
0.0589774
0.0540066
0.0451366
0.0341784
0.0305250
0.0350834
0.0414023
0.0448583
0.0420388
0.0222542
-0.0192421
-0.0603636
-0.0767833
-0.0782732
-0.0772137
-0.0618987
-0.0285169
-0.0010643
0.0026365
0.0021377
-0.0016526
-0.0309294
-0.0640009
-0.0712430
-0.0689764
-0.0729742
-0.0734304
-0.0765031
-0.0895082
-0.0995072
-0.1032652
-0.1068949
-0.1104029
-0.1062452
-0.0951379
-0.0802043
-0.0559518
-0.0300719
-0.0111404
-0.0044513
-0.0096343
-0.0115373
-0.0090032
-0.0117324
-0.0152474
-0.0111706
-0.0046850
-0.0021298
0.0001813
-0.0027376
-0.0153416
-0.0277550
-0.0383519
-0.0510006
-0.0649991
-0.0782976
-0.0857443
-0.0909073
-0.0948491
-0.0899027
-0.0851910
-0.0837701
-0.0753290
-0.0613098
-0.0458879
-0.0339712
-0.0275881
-0.0242042
-0.0278937
-0.0366339
-0.0427747
-0.0484195
-0.0643339
-0.0892812
-0.1000917
-0.0988366
-0.1048858
-0.1063264
-0.0980487
-0.0933483
-0.0890237
-0.0828531
-0.0791331
-0.0757369
-0.0760300
-0.0803286
-0.0820077
-0.0828057
-0.0806209
-0.0732534
-0.0659755
-0.0544756
-0.0390140
-0.0314293
-0.0307734
-0.0339084
-0.0412683
-0.0450724
-0.0438102
-0.0367891
-0.0274884
-0.0209700
-0.0193325
-0.0288539
-0.0452927
-0.0552155
-0.0546334
-0.0517569
-0.0436311
-0.0303902
-0.0199508
-0.0083356
0.0059061
0.0199875
0.0298549
0.0354795
0.0397431
0.0352739
0.0269701
0.0256125
0.0215515
0.0088115
-0.0005553
-0.0013662
0.0015778
0.0102782
0.0226764
0.0319949
0.0337249
0.0256700
0.0132426
0.0067980
0.0087157
0.0125677
0.0154781
0.0208495
0.0264658
0.0235938
0.0181845
0.0195871
0.0250234
0.0297861
0.0320316
0.0357820
0.0382648
0.0335331
0.0286964
0.0318241
0.0399904
0.0468446
0.0500142
0.0466757
0.0428026
0.0437734
0.0441712
0.0451500
0.0470009
0.0467200
0.0429005
0.0375634
0.0303067
0.0153001
0.0010910
-0.0009001
0.0017868
-0.0011812
-0.0055710
-0.0099790
-0.0162216
-0.0206168
-0.0253612
-0.0350543
-0.0470661
-0.0533167
-0.0557764
-0.0554695
-0.0489515
-0.0453989
-0.0446966
-0.0398397
-0.0333016
-0.0265380
-0.0203975
-0.0111485
0.0027292
0.0134387
0.0228511
0.0317712
0.0350051
0.0391955
0.0464134
0.0532511
0.0607809
0.0655409
0.0680800
0.0698559
0.0660037
0.0620038
0.0629954
0.0621823
0.0585718
0.0563848
0.0548117
0.0484770
0.0375560
0.0294516
0.0234193
0.0096414
-0.0133908
-0.0296481
-0.0336345
-0.0380653
-0.0391422
-0.0335153
-0.0330602
-0.0343182
-0.0313857
-0.0295826
-0.0293487
-0.0300320
-0.0295088
-0.0207951
-0.0029644
0.0104872
0.0112334
0.0044219
-0.0139289
-0.0308435
-0.0269066
-0.0164425
-0.0055482
0.0107283
0.0190441
0.0145887
0.0091088
0.0064410
0.0080337
0.0176060
0.0351863
0.0533617
0.0613348
0.0656292
0.0726068
0.0721497
0.0626149
0.0549588
0.0504572
0.0495941
0.0549675
0.0588576
0.0610492
0.0600221
0.0446592
0.0185656
-0.0047935
-0.0146925
-0.0167341
-0.0182706
-0.0091787
0.0043351
0.0097205
0.0105792
0.0098526
0.0112664
0.0189028
0.0255214
0.0290383
0.0312095
0.0162891
-0.0047801
-0.0041907
0.0040539
0.0147061
0.0411747
0.0612015
0.0609838
0.0594609
0.0593938
0.0522557
0.0428127
0.0403522
0.0389942
0.0348358
0.0377641
0.0432542
0.0450966
0.0476193
0.0475226
0.0436046
0.0403236
0.0370482
0.0366546
0.0404817
0.0407291
0.0349355
0.0294711
0.0261013
0.0250556
0.0274462
0.0282152
0.0264321
0.0244089
0.0234195
0.0245747
0.0253673
0.0243326
0.0210357
0.0166070
0.0132785
0.0114617
0.0105686
0.0090047
0.0066981
0.0034865
-0.0025459
-0.0087421
-0.0113138
-0.0141316
-0.0143473
-0.0077240
-0.0007054
0.0086295
0.0213379
0.0280370
0.0302290
0.0318987
0.0290327
0.0263007
0.0252703
0.0225147
0.0279362
0.0399138
0.0438443
0.0468866
0.0512029
0.0459367
0.0364211
0.0250410
0.0137531
0.0084527
0.0029242
-0.0027472
-0.0034839
-0.0049122
-0.0116327
-0.0202379
-0.0236726
-0.0235008
-0.0268982
-0.0306649
-0.0313750
-0.0328857
-0.0337316
-0.0298520
-0.0257275
-0.0240295
-0.0206254
-0.0157426
-0.0130336
-0.0131804
-0.0121511
-0.0054006
0.0007501
0.0006831
0.0025669
0.0071041
0.0080288
0.0081631
0.0093281
0.0075865
0.0040455
0.0025588
0.0012807
-0.0012025
-0.0003122
0.0052808
0.0099198
0.0137295
0.0184948
0.0208261
0.0226664
0.0227134
0.0173082
0.0140166
0.0134484
0.0102598
0.0104099
0.0148052
0.0172494
0.0201468
0.0225838
0.0213353
0.0220586
0.0234698
0.0195114
0.0146640
0.0124499
0.0092118
0.0051160
0.0017887
-0.0018687
-0.0055085
-0.0094287
-0.0181371
-0.0319621
-0.0420466
-0.0477557
-0.0520482
-0.0514251
-0.0512556
-0.0541189
-0.0556160
-0.0572461
-0.0582037
-0.0542251
-0.0486637
-0.0432127
-0.0339579
-0.0290485
-0.0287934
-0.0252962
-0.0264883
-0.0313025
-0.0318264
-0.0294964
-0.0248838
-0.0200435
-0.0179690
-0.0190858
-0.0205927
-0.0167659
-0.0056138
0.0039456
0.0093996
0.0145162
0.0073621
-0.0061205
-0.0098198
-0.0183196
-0.0309481
-0.0320245
-0.0331317
-0.0391375
-0.0415536
-0.0438169
-0.0443296
-0.0392894
-0.0371671
-0.0331633
-0.0188551
-0.0069827
-0.0047782
-0.0061420
-0.0086779
-0.0118210
-0.0166968
-0.0232246
-0.0244825
-0.0237807
-0.0272877
-0.0292186
-0.0299882
-0.0313025
-0.0287962
-0.0237549
-0.0169351
-0.0105779
-0.0073580
-0.0042987
-0.0081009
-0.0190230
-0.0251168
-0.0281784
-0.0296981
-0.0233690
-0.0150396
-0.0136942
-0.0152226
-0.0166246
-0.0212977
-0.0270872
-0.0304525
-0.0290916
-0.0187771
-0.0039858
0.0022305
0.0015284
0.0003739
-0.0083066
-0.0198520
-0.0217390
-0.0210878
-0.0226651
-0.0209843
-0.0210022
-0.0239171
-0.0231949
-0.0200965
-0.0187771
-0.0181891
-0.0170663
-0.0176920
-0.0195277
-0.0197205
-0.0172571
-0.0133625
-0.0099107
-0.0079025
-0.0103880
-0.0147546
-0.0176475
-0.0239710
-0.0345158
-0.0435066
-0.0468047
-0.0445887
-0.0369618
-0.0289039
-0.0279155
-0.0322287
-0.0375126
-0.0410468
-0.0423045
-0.0413813
-0.0370108
-0.0283456
-0.0169292
-0.0099803
-0.0028590
0.0065490
0.0048248
-0.0037318
-0.0087873
-0.0135246
-0.0193253
-0.0216289
-0.0162037
-0.0039423
0.0084213
0.0162996
0.0225426
0.0272127
0.0267511
0.0253061
0.0270887
0.0294539
0.0286691
0.0244756
0.0189283
0.0095801
-0.0032714
-0.0105186
-0.0117013
-0.0128333
-0.0113061
-0.0078778
-0.0051760
-0.0020822
-0.0019139
-0.0033929
-0.0024476
-0.0023272
-0.0057001
-0.0087810
-0.0091735
-0.0096831
-0.0091057
-0.0066897
-0.0058008
-0.0023375
0.0056837
0.0104274
0.0122476
0.0159859
0.0186025
0.0203168
0.0255618
0.0325553
0.0368323
0.0396632
0.0416962
0.0415276
0.0451638
0.0526117
0.0555510
0.0562342
0.0543324
0.0458004
0.0373551
0.0335512
0.0314243
0.0324605
0.0377883
0.0405117
0.0408395
0.0393851
0.0349063
0.0327660
0.0313097
0.0276937
0.0257412
0.0262437
0.0259597
0.0247638
0.0241103
0.0249591
0.0279125
0.0308875
0.0339600
0.0352688
0.0316230
0.0285637
0.0278252
0.0248971
0.0213711
0.0212477
0.0246661
0.0276733
0.0298953
0.0338439
0.0383687
0.0407577
0.0364689
0.0258113
0.0131623
0.0042349
0.0024541
-0.0016978
-0.0081344
-0.0052304
0.0002097
0.0038429
0.0119786
0.0165786
0.0180950
0.0230358
0.0215436
0.0158077
0.0139368
0.0069871
-0.0027647
-0.0044465
-0.0034126
-0.0050977
-0.0068953
-0.0072571
-0.0065322
-0.0035086
0.0006586
0.0032769
0.0068078
0.0072916
0.0008152
-0.0100288
-0.0236805
-0.0314033
-0.0351339
-0.0417927
-0.0460571
-0.0457124
-0.0418349
-0.0380226
-0.0347025
-0.0318927
-0.0330343
-0.0342605
-0.0324007
-0.0296368
-0.0269118
-0.0269841
-0.0322359
-0.0368608
-0.0386123
-0.0418316
-0.0388208
-0.0272695
-0.0189133
-0.0133755
-0.0073262
-0.0032095
-0.0032686
-0.0068178
-0.0088908
-0.0112483
-0.0141375
-0.0128616
-0.0111756
-0.0116245
-0.0116464
-0.0130735
-0.0157797
-0.0171666
-0.0157751
-0.0097182
0.0074109
0.0320302
0.0391274
0.0355776
0.0383374
0.0286606
0.0086626
0.0015118
0.0041233
0.0037188
0.0058955
0.0092982
0.0092236
0.0117103
0.0160727
0.0204900
0.0244793
0.0272630
0.0303905
0.0334989
0.0354476
0.0372326
0.0357903
0.0301200
0.0241302
0.0176335
0.0115357
0.0062045
0.0042355
0.0077052
0.0095340
0.0074600
0.0029954
-0.0016352
-0.0033707
-0.0053304
-0.0088674
-0.0113762
-0.0132075
-0.0154754
-0.0173344
-0.0211763
-0.0298329
-0.0374060
-0.0394166
-0.0404383
-0.0417265
-0.0391887
-0.0324692
-0.0219637
-0.0050976
0.0133063
0.0226395
0.0210769
0.0136034
0.0046934
-0.0001442
-0.0001801
0.0016916
0.0061680
0.0072201
0.0002765
-0.0073495
-0.0127093
-0.0139172
-0.0096896
-0.0068266
-0.0029115
0.0038234
0.0060061
0.0064882
0.0105543
0.0171597
0.0216572
0.0211655
0.0193892
0.0155915
0.0045195
-0.0049407
-0.0054871
-0.0058754
-0.0033741
0.0054842
0.0100770
0.0076103
0.0038645
0.0012607
0.0000062
-0.0000230
-0.0012440
-0.0039186
-0.0022728
0.0045253
0.0097950
0.0139489
0.0185031
0.0203018
0.0240949
0.0320742
0.0363546
0.0400881
0.0472901
0.0483483
0.0443111
0.0438013
0.0432279
0.0395762
0.0351391
0.0300875
0.0274888
0.0273257
0.0257175
0.0248924
0.0211567
0.0111547
0.0049754
0.0040838
0.0059721
0.0128281
0.0228469
0.0306646
0.0331799
0.0349232
0.0339610
0.0268267
0.0205684
0.0221887
0.0253323
0.0238074
0.0211802
0.0178080
0.0141193
0.0106366
0.0082331
0.0087748
0.0096549
0.0091467
0.0074908
0.0033504
-0.0018555
-0.0057122
-0.0077292
-0.0074733
-0.0063449
-0.0070303
-0.0096009
-0.0115691
-0.0133019
-0.0149162
-0.0150293
-0.0155517
-0.0176562
-0.0219209
-0.0273452
-0.0315701
-0.0331181
-0.0300293
-0.0249050
-0.0190470
-0.0135274
-0.0116465
-0.0117812
-0.0123638
-0.0134738
-0.0178563
-0.0226371
-0.0230772
-0.0223845
-0.0207460
-0.0186315
-0.0165698
-0.0151708
-0.0186879
-0.0238408
-0.0282580
-0.0337610
-0.0367997
-0.0382613
-0.0409861
-0.0431107
-0.0413666
-0.0360848
-0.0328011
-0.0303449
-0.0238240
-0.0166991
-0.0131387
-0.0097890
-0.0063207
-0.0056081
-0.0045572
-0.0019040
-0.0000328
0.0007258
0.0001147
-0.0023883
-0.0073209
-0.0133217
-0.0161048
-0.0215422
-0.0370117
-0.0463677
-0.0413393
-0.0391615
-0.0368962
-0.0278642
-0.0272615
-0.0315662
-0.0285045
-0.0202799
-0.0107788
-0.0037858
0.0019185
0.0066682
0.0066903
0.0045063
0.0024493
0.0021555
0.0071013
0.0118619
0.0136754
0.0171394
0.0188149
0.0174832
0.0177755
0.0182811
0.0174547
0.0167556
0.0163099
0.0160889
0.0155694
0.0142742
0.0129067
0.0143956
0.0188886
0.0218282
0.0246770
0.0300619
0.0302856
0.0239629
0.0184869
0.0104088
0.0031907
0.0038733
0.0033401
-0.0001703
-0.0010668
-0.0015716
-0.0026452
0.0005829
0.0072298
0.0138764
0.0200401
0.0229238
0.0185696
0.0065979
-0.0020250
-0.0049754
-0.0072765
-0.0077472
-0.0095676
-0.0130933
-0.0161701
-0.0175326
-0.0170780
-0.0160477
-0.0139816
-0.0116460
-0.0101911
-0.0098990
-0.0103175
-0.0113025
-0.0123101
-0.0117302
-0.0108518
-0.0107358
-0.0110422
-0.0129841
-0.0153998
-0.0172782
-0.0179076
-0.0155294
-0.0137951
-0.0094361
0.0027611
0.0121013
0.0141623
0.0160178
0.0169597
0.0147585
0.0129570
0.0109692
0.0071428
0.0043806
0.0025912
0.0018906
0.0031381
0.0039543
0.0037942
0.0036182
0.0034246
0.0039755
0.0078150
0.0138389
0.0183274
0.0206008
0.0202114
0.0191984
0.0202914
0.0223844
0.0237717
0.0243954
0.0248089
0.0248046
0.0246757
0.0240088
0.0220107
0.0169247
0.0082743
0.0026716
0.0020480
0.0032140
0.0072303
0.0105309
0.0105350
0.0121599
0.0150689
0.0156021
0.0154826
0.0158927
0.0152187
0.0138309
0.0123134
0.0106657
0.0114467
0.0139308
0.0138141
0.0094929
0.0022764
-0.0070361
-0.0140112
-0.0128762
-0.0095586
-0.0084226
-0.0075343
-0.0084086
-0.0093824
-0.0066452
-0.0031576
-0.0010654
0.0007565
-0.0000473
-0.0019332
-0.0028666
-0.0063915
-0.0126904
-0.0187271
-0.0233638
-0.0258772
-0.0240575
-0.0195548
-0.0162604
-0.0113117
-0.0053389
-0.0042029
-0.0070461
-0.0097053
-0.0132389
-0.0170416
-0.0152960
-0.0103205
-0.0081773
-0.0067778
-0.0040301
-0.0020218
-0.0011451
-0.0012220
-0.0025079
-0.0041122
-0.0051492
-0.0049704
-0.0025050
0.0004833
0.0014231
0.0016410
0.0003254
-0.0026502
-0.0046618
-0.0070466
-0.0100571
-0.0121642
-0.0128121
-0.0106564
-0.0075470
-0.0058980
-0.0073628
-0.0125781
-0.0163003
-0.0164916
-0.0131178
-0.0089940
-0.0084157
-0.0104949
-0.0168457
-0.0223605
-0.0228151
-0.0234865
-0.0230917
-0.0189890
-0.0154905
-0.0143088
-0.0126252
-0.0124775
-0.0149114
-0.0159512
-0.0160813
-0.0162997
-0.0162752
-0.0174946
-0.0198099
-0.0221316
-0.0230441
-0.0207108
-0.0173388
-0.0149446
-0.0112462
-0.0083730
-0.0095284
-0.0118656
-0.0138603
-0.0150968
-0.0122830
-0.0071082
-0.0036188
-0.0023717
-0.0035136
-0.0054086
-0.0069332
-0.0106869
-0.0155115
-0.0170001
-0.0158712
-0.0122508
-0.0060517
-0.0022283
-0.0013634
-0.0014872
-0.0035700
-0.0065633
-0.0069616
-0.0024235
0.0022028
0.0050715
0.0112453
0.0176504
0.0197108
0.0197364
0.0190522
0.0165724
0.0111130
0.0051463
0.0019862
-0.0007126
-0.0036755
-0.0055969
-0.0067614
-0.0033570
0.0049344
0.0111949
0.0175487
0.0256183
0.0275615
0.0255631
0.0265120
0.0289418
0.0310820
0.0329726
0.0346462
0.0359801
0.0354889
0.0339027
0.0315425
0.0253673
0.0177063
0.0144409
0.0135790
0.0134986
0.0157446
0.0192403
0.0218987
0.0217643
0.0225093
0.0258193
0.0278621
0.0309896
0.0358497
0.0368628
0.0347268
0.0317339
0.0273010
0.0226221
0.0196553
0.0193500
0.0203517
0.0209424
0.0201709
0.0157388
0.0085071
0.0027096
-0.0024048
-0.0077904
-0.0110363
-0.0123166
-0.0126722
-0.0087884
-0.0011337
0.0044993
0.0071444
0.0075747
0.0080604
0.0097878
0.0105096
0.0102199
0.0071852
0.0019067
-0.0015461
-0.0052598
-0.0105682
-0.0149208
-0.0182660
-0.0207537
-0.0200929
-0.0165708
-0.0147761
-0.0150706
-0.0149349
-0.0148393
-0.0136043
-0.0080016
-0.0014715
0.0026017
0.0061158
0.0065786
0.0039254
0.0014417
-0.0002694
0.0004595
0.0019581
0.0018650
0.0023800
0.0028421
0.0001812
-0.0059842
-0.0123693
-0.0156248
-0.0180822
-0.0208412
-0.0217708
-0.0207911
-0.0191926
-0.0171514
-0.0131517
-0.0091379
-0.0076832
-0.0067765
-0.0050742
-0.0007712
0.0062610
0.0107158
0.0110249
0.0077015
0.0023752
-0.0031395
-0.0064875
-0.0032769
0.0006073
0.0015914
0.0046650
0.0079454
0.0086584
0.0081221
0.0065379
0.0022021
-0.0024954
-0.0027082
-0.0003039
0.0016357
0.0041736
0.0067947
0.0068768
0.0055649
0.0055458
0.0055181
0.0043126
0.0053916
0.0104632
0.0166276
0.0194527
0.0145120
0.0065152
-0.0023251
-0.0130411
-0.0161330
-0.0137624
-0.0136718
-0.0126149
-0.0093385
-0.0070529
-0.0095209
-0.0131440
-0.0134714
-0.0129448
-0.0115891
-0.0100624
-0.0091594
-0.0085015
-0.0090325
-0.0096841
-0.0106726
-0.0123206
-0.0135602
-0.0146410
-0.0165042
-0.0197453
-0.0223120
-0.0198621
-0.0119959
-0.0004515
0.0098313
0.0089571
0.0016870
-0.0005656
-0.0035162
-0.0094933
-0.0106524
-0.0109183
-0.0140781
-0.0150137
-0.0139496
-0.0134572
-0.0132551
-0.0140046
-0.0153104
-0.0135399
-0.0090333
-0.0049049
0.0007426
0.0053574
0.0046967
0.0041068
0.0053018
0.0057620
0.0077335
0.0103958
0.0126265
0.0165473
0.0190279
0.0189869
0.0205998
0.0229814
0.0225395
0.0188958
0.0123663
0.0042526
-0.0014325
-0.0053814
-0.0079528
-0.0064396
-0.0034684
-0.0012290
0.0000641
-0.0008100
-0.0028338
-0.0040431
-0.0004073
0.0080970
0.0141543
0.0182938
0.0196529
0.0155758
0.0123002
0.0101668
0.0077476
0.0062523
0.0044824
0.0019802
-0.0007435
-0.0028476
-0.0019825
0.0025758
0.0072553
0.0123037
0.0182664
0.0226216
0.0250164
0.0241108
0.0206371
0.0175739
0.0141084
0.0105764
0.0086136
0.0068945
0.0049324
0.0021870
-0.0007584
-0.0021779
-0.0017335
0.0002110
0.0017314
0.0036500
0.0057121
0.0044164
0.0025592
0.0017761
-0.0014868
-0.0035500
-0.0024975
-0.0031023
-0.0040102
-0.0043273
-0.0068504
-0.0095238
-0.0103163
-0.0088175
-0.0048291
-0.0013294
0.0001984
0.0008009
0.0006946
-0.0002722
-0.0014430
-0.0025350
-0.0029272
-0.0018958
-0.0012652
-0.0021739
-0.0042236
-0.0079386
-0.0119315
-0.0133980
-0.0141683
-0.0161279
-0.0170715
-0.0165330
-0.0155759
-0.0142033
-0.0114739
-0.0078414
-0.0066596
-0.0077160
-0.0092736
-0.0123204
-0.0138024
-0.0123948
-0.0114974
-0.0098687
-0.0074241
-0.0075256
-0.0072857
-0.0045048
-0.0030597
-0.0026935
-0.0017843
-0.0033891
-0.0063759
-0.0068626
-0.0053579
-0.0023753
0.0027394
0.0079305
0.0099301
0.0102190
0.0107390
0.0109121
0.0111299
0.0119319
0.0137545
0.0162301
0.0185937
0.0188064
0.0164570
0.0131551
0.0067750
-0.0006650
-0.0030931
-0.0031950
-0.0044319
-0.0041258
-0.0018278
0.0004970
0.0027489
0.0055756
0.0080978
0.0098769
0.0112198
0.0118467
0.0115397
0.0107241
0.0100885
0.0092495
0.0079368
0.0063743
0.0044527
0.0019448
-0.0006771
-0.0028875
-0.0056546
-0.0091798
-0.0123136
-0.0148058
-0.0159154
-0.0157609
-0.0161870
-0.0164990
-0.0155479
-0.0137275
-0.0113835
-0.0089753
-0.0061445
-0.0029712
-0.0016642
-0.0029575
-0.0039403
-0.0035809
-0.0036968
-0.0029776
0.0001074
0.0030851
0.0053026
0.0070166
0.0057091
0.0024825
-0.0001841
-0.0018420
-0.0007058
0.0017162
0.0029516
0.0042367
0.0049858
0.0029946
-0.0000889
-0.0009348
0.0001164
0.0007163
0.0005007
-0.0000137
-0.0011339
-0.0028063
-0.0046997
-0.0060882
-0.0064861
-0.0058978
-0.0044507
-0.0031513
-0.0020496
-0.0009770
-0.0029249
-0.0069863
-0.0083798
-0.0089331
-0.0077425
-0.0020370
0.0042950
0.0102103
0.0121278
0.0075094
0.0039660
0.0024136
-0.0005281
-0.0024375
-0.0033873
-0.0036797
-0.0026695
-0.0018400
-0.0005370
0.0014505
0.0022471
0.0021264
0.0030010
0.0055492
0.0081991
0.0100351
0.0114954
0.0118693
0.0115166
0.0121627
0.0134151
0.0137554
0.0123878
0.0093644
0.0070440
0.0059855
0.0044705
0.0032972
0.0023708
0.0000154
-0.0028731
-0.0048948
-0.0069314
-0.0095422
-0.0121756
-0.0145351
-0.0167324
-0.0187548
-0.0180488
-0.0145410
-0.0123741
-0.0095517
-0.0048250
-0.0027618
-0.0024243
-0.0033499
-0.0067679
-0.0107096
-0.0146873
-0.0168442
-0.0162870
-0.0156949
-0.0158131
-0.0150440
-0.0138447
-0.0133104
-0.0117975
-0.0090188
-0.0066947
-0.0065985
-0.0087040
-0.0099130
-0.0092012
-0.0069622
-0.0040654
-0.0010156
0.0033319
0.0045657
0.0014516
0.0005337
0.0003552
-0.0020982
-0.0030032
-0.0019378
-0.0006973
0.0005360
0.0012744
0.0015810
0.0009145
-0.0005872
-0.0018978
-0.0033473
-0.0044655
-0.0051216
-0.0057697
-0.0058102
-0.0064237
-0.0096077
-0.0133862
-0.0162857
-0.0159701
-0.0089774
-0.0023005
0.0021791
0.0095793
0.0128335
0.0108138
0.0109972
0.0105682
0.0069994
0.0027313
-0.0026903
-0.0031052
0.0040629
0.0079899
0.0107378
0.0177322
0.0200352
0.0175306
0.0171780
0.0183441
0.0208489
0.0236255
0.0247998
0.0245073
0.0213760
0.0178502
0.0146465
0.0099327
0.0067864
0.0048654
0.0026551
0.0022190
0.0034341
0.0037849
0.0039759
0.0044941
0.0021968
-0.0018991
-0.0037219
-0.0040495
-0.0043538
-0.0040007
-0.0021171
0.0008660
0.0034284
0.0060952
0.0093138
0.0124237
0.0154497
0.0171144
0.0157858
0.0131118
0.0113634
0.0091370
0.0048321
0.0003125
-0.0037579
-0.0075213
-0.0094624
-0.0100568
-0.0090319
-0.0065948
-0.0048204
-0.0017888
0.0029719
0.0061794
0.0074078
0.0066924
0.0043181
0.0028005
0.0014326
-0.0006125
-0.0002578
0.0014613
0.0016353
0.0021025
0.0022996
0.0008710
-0.0000824
-0.0023580
-0.0062010
-0.0076546
-0.0084115
-0.0102214
-0.0106217
-0.0100347
-0.0088976
-0.0063827
-0.0044287
-0.0031927
-0.0016876
-0.0009609
-0.0009363
-0.0006864
0.0001416
0.0006937
0.0006174
-0.0006562
-0.0041158
-0.0070481
-0.0089074
-0.0113402
-0.0121571
-0.0117801
-0.0122495
-0.0123400
-0.0120502
-0.0120551
-0.0106175
-0.0076346
-0.0056267
-0.0041044
-0.0012768
0.0007877
0.0004564
-0.0000527
-0.0000154
-0.0004957
0.0001566
0.0023680
0.0033178
0.0035683
0.0036382
0.0012300
-0.0023507
-0.0064533
-0.0105850
-0.0119163
-0.0106704
-0.0084154
-0.0067210
-0.0051837
-0.0022187
0.0001364
-0.0002342
-0.0010237
-0.0006709
-0.0004223
0.0010752
0.0034169
0.0049065
0.0073005
0.0093139
0.0095002
0.0097368
0.0098957
0.0097070
0.0096544
0.0095943
0.0089432
0.0070656
0.0051758
0.0039194
0.0025507
0.0015769
0.0001789
-0.0026886
-0.0051418
-0.0060991
-0.0061846
-0.0051841
-0.0035752
-0.0022588
-0.0008036
0.0002861
0.0007335
0.0009824
0.0009681
0.0021428
0.0049589
0.0066980
0.0060284
0.0049733
0.0039767
0.0015195
-0.0001912
0.0000400
-0.0001251
-0.0003318
-0.0001598
-0.0001955
-0.0001395
0.0000156
0.0005248
0.0015097
0.0023952
0.0025096
0.0022659
0.0024290
0.0030822
0.0044608
0.0057255
0.0060995
0.0064623
0.0063064
0.0051987
0.0043772
0.0034013
0.0022135
0.0019843
0.0025883
0.0032237
0.0034108
0.0036155
0.0040345
0.0045949
0.0054114
0.0060244
0.0065671
0.0074224
0.0078809
0.0075227
0.0069349
0.0064377
0.0057155
0.0046682
0.0037237
0.0029421
0.0017992
0.0005786
-0.0000814
-0.0007354
-0.0015226
-0.0019346
-0.0021977
-0.0023434
-0.0022919
-0.0023489
-0.0025285
-0.0026828
-0.0029114
-0.0030019
-0.0026752
-0.0023231
-0.0021568
-0.0021716
-0.0024999
-0.0028418
-0.0030048
-0.0029968
-0.0028057
-0.0025596
-0.0022248
-0.0019612
-0.0019103
-0.0018360
-0.0016630
-0.0014895
-0.0013520
-0.0012549
-0.0012541
-0.0013662
-0.0014412
-0.0014367
-0.0015033
-0.0016056
-0.0015245
-0.0012688
-0.0010390
-0.0008205
-0.0007782
-0.0010098
-0.0010653
-0.0009613
-0.0009851
-0.0010288
-0.0010315
-0.0010296
-0.0010465
-0.0011078
-0.0011676
-0.0011954
-0.0012097
-0.0011966
-0.0011697
-0.0011786
-0.0012072
-0.0012054
-0.0011760
-0.0011220
-0.0010362
-0.0009268
-0.0008663
-0.0009011
-0.0009316
-0.0009233
-0.0009200
-0.0009224
-0.0009224
-0.0009031
-0.0008675
-0.0008381
-0.0008028
-0.0007404
-0.0006528
-0.0005576
-0.0004740
-0.0004049
-0.0003450
-0.0002950
-0.0002534
-0.0002161
-0.0001816
-0.0001488
-0.0001166
-0.0000843
-0.0000512
-0.0000158
