0.0011064
0.0017198
0.0025479
0.0025793
0.0025508
0.0025260
0.0025010
0.0024765
0.0024538
0.0024336
0.0024148
0.0023961
0.0023775
0.0023597
0.0023420
0.0023217
0.0022962
0.0022661
0.0022345
0.0022017
0.0021710
0.0021438
0.0021183
0.0020970
0.0020816
0.0020697
0.0020609
0.0020583
0.0020575
0.0020541
0.0020489
0.0020395
0.0020208
0.0019919
0.0019553
0.0019147
0.0018745
0.0018379
0.0018094
0.0017917
0.0017786
0.0017584
0.0017261
0.0016798
0.0016187
0.0015468
0.0014757
0.0014192
0.0013771
0.0013395
0.0012954
0.0012404
0.0011796
0.0011161
0.0010571
0.0010207
0.0010165
0.0010294
0.0010435
0.0010612
0.0010821
0.0010996
0.0011085
0.0011153
0.0011299
0.0011530
0.0011784
0.0012012
0.0012306
0.0012668
0.0012976
0.0013259
0.0013498
0.0013521
0.0013081
0.0012028
0.0010446
0.0008466
0.0006153
0.0003493
0.0000689
-0.0001881
-0.0004031
-0.0005702
-0.0006852
-0.0007457
-0.0007398
-0.0006577
-0.0005236
-0.0003816
-0.0002638
-0.0002006
-0.0002330
-0.0003714
-0.0005739
-0.0007893
-0.0009911
-0.0011822
-0.0013690
-0.0015309
-0.0016415
-0.0016948
-0.0016693
-0.0015403
-0.0013254
-0.0010568
-0.0007950
-0.0006210
-0.0005607
-0.0005673
-0.0005722
-0.0005536
-0.0005195
-0.0005119
-0.0005856
-0.0007701
-0.0010687
-0.0014155
-0.0016998
-0.0018284
-0.0017506
-0.0014637
-0.0010494
-0.0005979
-0.0001062
0.0004261
0.0009603
0.0014644
0.0018717
0.0020815
0.0020216
0.0017064
0.0012015
0.0005683
-0.0000933
-0.0006584
-0.0010047
-0.0010637
-0.0008483
-0.0004185
0.0001495
0.0008121
0.0015549
0.0023437
0.0031581
0.0039777
0.0046767
0.0050692
0.0050582
0.0047337
0.0042919
0.0038892
0.0036132
0.0034379
0.0032132
0.0027877
0.0021151
0.0012606
0.0004048
-0.0002440
-0.0005698
-0.0005608
-0.0003431
-0.0001238
-0.0000969
-0.0003907
-0.0010103
-0.0018304
-0.0027004
-0.0034986
-0.0039554
-0.0037253
-0.0025889
-0.0003573
0.0031393
0.0076747
0.0123352
0.0160723
0.0184430
0.0195936
0.0198358
0.0192816
0.0178590
0.0155998
0.0127420
0.0095779
0.0063791
0.0034334
0.0009120
-0.0012841
-0.0034293
-0.0056967
-0.0079691
-0.0099865
-0.0115657
-0.0125827
-0.0128956
-0.0124071
-0.0112106
-0.0095628
-0.0077624
-0.0061177
-0.0050309
-0.0047438
-0.0051403
-0.0059414
-0.0067459
-0.0072321
-0.0071862
-0.0064773
-0.0052531
-0.0037993
-0.0023924
-0.0013228
-0.0008809
-0.0012581
-0.0023855
-0.0040288
-0.0059629
-0.0079922
-0.0098671
-0.0114082
-0.0126001
-0.0133846
-0.0138000
-0.0139753
-0.0139089
-0.0134865
-0.0126218
-0.0113081
-0.0095838
-0.0076224
-0.0057506
-0.0042529
-0.0030928
-0.0019751
-0.0006151
0.0010711
0.0028461
0.0042814
0.0050109
0.0050460
0.0047941
0.0047250
0.0052748
0.0065673
0.0082713
0.0098314
0.0106123
0.0103128
0.0091992
0.0077582
0.0063413
0.0050952
0.0040320
0.0031770
0.0026803
0.0026706
0.0033441
0.0049598
0.0073895
0.0101466
0.0126746
0.0144665
0.0151445
0.0146104
0.0131652
0.0113636
0.0098250
0.0089786
0.0088235
0.0090727
0.0094758
0.0098702
0.0100747
0.0099635
0.0094172
0.0083520
0.0068701
0.0051230
0.0033413
0.0017157
0.0003152
-0.0007165
-0.0013489
-0.0016643
-0.0015262
-0.0007807
0.0002947
0.0012691
0.0019452
0.0024461
0.0032587
0.0047188
0.0065456
0.0080212
0.0082078
0.0063786
0.0026837
-0.0018710
-0.0060452
-0.0091330
-0.0111488
-0.0125832
-0.0144697
-0.0179264
-0.0232921
-0.0297732
-0.0359087
-0.0404402
-0.0427561
-0.0428086
-0.0408828
-0.0373898
-0.0325340
-0.0265208
-0.0199108
-0.0135430
-0.0083759
-0.0049237
-0.0029683
-0.0018721
-0.0010411
-0.0001808
0.0008344
0.0017188
0.0017469
0.0005917
-0.0013832
-0.0036040
-0.0057321
-0.0077272
-0.0096094
-0.0112933
-0.0125224
-0.0131630
-0.0132654
-0.0128104
-0.0119207
-0.0109633
-0.0103915
-0.0104324
-0.0110283
-0.0118361
-0.0120263
-0.0106997
-0.0072954
-0.0021642
0.0032284
0.0072529
0.0087798
0.0076272
0.0046016
0.0009355
-0.0022284
-0.0041339
-0.0044177
-0.0032055
-0.0009288
0.0020803
0.0056440
0.0097206
0.0142207
0.0184698
0.0213087
0.0219218
0.0202241
0.0169501
0.0134370
0.0108550
0.0099005
0.0106319
0.0123107
0.0140630
0.0155137
0.0168406
0.0186021
0.0210133
0.0234327
0.0247095
0.0234684
0.0186164
0.0105782
0.0020072
-0.0037043
-0.0051265
-0.0035365
-0.0013535
-0.0008222
-0.0029306
-0.0068301
-0.0108081
-0.0131448
-0.0126988
-0.0094932
-0.0044474
0.0014539
0.0077613
0.0143277
0.0204274
0.0251238
0.0276930
0.0267130
0.0201703
0.0067801
-0.0118324
-0.0298674
-0.0409348
-0.0434509
-0.0404960
-0.0358234
-0.0315168
-0.0278941
-0.0242490
-0.0198602
-0.0149319
-0.0103119
-0.0068317
-0.0050686
-0.0051289
-0.0064762
-0.0080696
-0.0088903
-0.0084936
-0.0071279
-0.0056008
-0.0049615
-0.0059281
-0.0084370
-0.0112436
-0.0124829
-0.0110045
-0.0069494
-0.0018309
0.0020872
0.0032061
0.0012887
-0.0026340
-0.0070346
-0.0111565
-0.0153669
-0.0208334
-0.0282671
-0.0364373
-0.0428021
-0.0448138
-0.0407359
-0.0311296
-0.0192881
-0.0088238
-0.0009003
0.0056451
0.0121151
0.0186866
0.0245102
0.0283704
0.0290983
0.0253349
0.0161879
0.0032481
-0.0093815
-0.0182707
-0.0229527
-0.0252723
-0.0274468
-0.0304115
-0.0335892
-0.0358139
-0.0358807
-0.0328437
-0.0267682
-0.0191041
-0.0118937
-0.0066432
-0.0038962
-0.0033488
-0.0040641
-0.0048056
-0.0045983
-0.0029582
0.0001193
0.0045378
0.0101959
0.0164233
0.0224410
0.0280749
0.0334911
0.0386533
0.0432254
0.0467512
0.0484907
0.0470051
0.0395836
0.0250907
0.0084720
-0.0029858
-0.0068503
-0.0059322
-0.0042007
-0.0037406
-0.0047910
-0.0069902
-0.0098924
-0.0130697
-0.0160313
-0.0180304
-0.0184378
-0.0170665
-0.0140706
-0.0098208
-0.0046638
0.0010564
0.0068353
0.0120202
0.0158613
0.0176955
0.0173585
0.0154242
0.0131092
0.0117940
0.0121122
0.0137533
0.0158694
0.0172052
0.0168682
0.0151872
0.0132136
0.0117119
0.0106040
0.0089923
0.0058714
0.0010233
-0.0046822
-0.0098133
-0.0131585
-0.0143028
-0.0139508
-0.0135262
-0.0142519
-0.0165954
-0.0201812
-0.0240960
-0.0273187
-0.0291272
-0.0294711
-0.0286857
-0.0270612
-0.0247276
-0.0213778
-0.0170517
-0.0130114
-0.0109316
-0.0120769
-0.0170578
-0.0250277
-0.0332097
-0.0385929
-0.0400099
-0.0376323
-0.0317913
-0.0233422
-0.0140174
-0.0058959
-0.0001865
0.0032617
0.0050180
0.0055992
0.0053717
0.0045667
0.0036659
0.0032589
0.0038932
0.0056098
0.0076202
0.0088780
0.0081821
0.0041038
-0.0037718
-0.0131289
-0.0200329
-0.0220003
-0.0191913
-0.0135074
-0.0075715
-0.0036301
-0.0022547
-0.0022976
-0.0023230
-0.0018006
-0.0010695
-0.0010497
-0.0024000
-0.0051191
-0.0088974
-0.0129082
-0.0160362
-0.0176325
-0.0176494
-0.0164523
-0.0146780
-0.0130440
-0.0120906
-0.0118604
-0.0119785
-0.0117759
-0.0107782
-0.0089532
-0.0065740
-0.0041289
-0.0020064
-0.0002419
0.0014771
0.0035149
0.0064427
0.0110245
0.0174357
0.0242844
0.0293802
0.0309311
0.0275385
0.0194289
0.0091208
-0.0003974
-0.0075978
-0.0129167
-0.0171198
-0.0201748
-0.0215179
-0.0200306
-0.0151070
-0.0076126
0.0004378
0.0069132
0.0104451
0.0107610
0.0088011
0.0058201
0.0029218
0.0010823
0.0006570
0.0018149
0.0048074
0.0094204
0.0148981
0.0202147
0.0243737
0.0267617
0.0267835
0.0231253
0.0135596
-0.0018295
-0.0173508
-0.0267172
-0.0294409
-0.0290611
-0.0286405
-0.0295526
-0.0313416
-0.0326054
-0.0326332
-0.0315653
-0.0300696
-0.0290802
-0.0294560
-0.0317169
-0.0351996
-0.0381981
-0.0395167
-0.0383282
-0.0339936
-0.0266676
-0.0177833
-0.0099081
-0.0046683
-0.0018287
-0.0001201
0.0019676
0.0052547
0.0096689
0.0145860
0.0191843
0.0225463
0.0238916
0.0235100
0.0221546
0.0202927
0.0186237
0.0177871
0.0178088
0.0187516
0.0205099
0.0221802
0.0234035
0.0244079
0.0253650
0.0266313
0.0280977
0.0292152
0.0297387
0.0297293
0.0295729
0.0298716
0.0310084
0.0331691
0.0365271
0.0411204
0.0467686
0.0533419
0.0609939
0.0706648
0.0842186
0.1021619
0.1216905
0.1391899
0.1533810
0.1645407
0.1735387
0.1816336
0.1893774
0.1966139
0.2026829
0.2070858
0.2096579
0.2099253
0.2075771
0.2018217
0.1910478
0.1756267
0.1594240
0.1471978
0.1408479
0.1388080
0.1393951
0.1422890
0.1478452
0.1556670
0.1630105
0.1674452
0.1685491
0.1658036
0.1580339
0.1435252
0.1221285
0.0973934
0.0749519
0.0596654
0.0523766
0.0495920
0.0472155
0.0435339
0.0387303
0.0336202
0.0282217
0.0201369
0.0062584
-0.0141349
-0.0385542
-0.0638651
-0.0884736
-0.1122716
-0.1363619
-0.1606652
-0.1823070
-0.1982294
-0.2079658
-0.2138643
-0.2192975
-0.2257567
-0.2331334
-0.2420447
-0.2535917
-0.2682758
-0.2857227
-0.3040222
-0.3208955
-0.3357992
-0.3495946
-0.3632918
-0.3770381
-0.3903104
-0.4031752
-0.4158190
-0.4275524
-0.4377035
-0.4456207
-0.4510596
-0.4542112
-0.4548990
-0.4527012
-0.4470902
-0.4383855
-0.4274426
-0.4140604
-0.3963216
-0.3726568
-0.3457582
-0.3212813
-0.3036899
-0.2919594
-0.2775094
-0.2504431
-0.2079210
-0.1561568
-0.1037873
-0.0546794
-0.0075731
0.0399868
0.0896190
0.1413193
0.1929783
0.2401243
0.2747798
0.2919016
0.2954014
0.2934882
0.2915793
0.2910230
0.2920865
0.2950314
0.3007926
0.3095566
0.3192886
0.3275092
0.3324396
0.3347068
0.3366142
0.3397022
0.3457683
0.3572589
0.3753330
0.3978981
0.4184330
0.4304727
0.4324148
0.4265871
0.4163450
0.4031882
0.3866589
0.3658812
0.3415416
0.3154117
0.2885665
0.2618976
0.2361968
0.2126924
0.1929870
0.1782075
0.1678324
0.1603473
0.1548635
0.1507699
0.1481385
0.1473900
0.1483697
0.1502121
0.1524894
0.1545890
0.1553650
0.1546800
0.1521643
0.1471891
0.1398962
0.1303695
0.1187939
0.1061576
0.0941646
0.0835076
0.0728206
0.0605802
0.0467215
0.0323132
0.0178686
0.0026584
-0.0162840
-0.0419390
-0.0726149
-0.1044226
-0.1351631
-0.1620972
-0.1813244
-0.1912819
-0.1922688
-0.1825830
-0.1599976
-0.1269130
-0.0914062
-0.0633052
-0.0475255
-0.0412633
-0.0388154
-0.0366910
-0.0353490
-0.0372475
-0.0439313
-0.0544675
-0.0661348
-0.0765707
-0.0842455
-0.0900551
-0.0956106
-0.1017031
-0.1089274
-0.1168048
-0.1240978
-0.1299296
-0.1339853
-0.1362086
-0.1367005
-0.1352884
-0.1317882
-0.1258612
-0.1170784
-0.1060967
-0.0950447
-0.0853764
-0.0773227
-0.0710664
-0.0663774
-0.0636033
-0.0630806
-0.0656263
-0.0735043
-0.0883066
-0.1109922
-0.1404338
-0.1728119
-0.2052333
-0.2371837
-0.2691067
-0.3017102
-0.3353383
-0.3693290
-0.4021507
-0.4286231
-0.4377006
-0.4174518
-0.3647238
-0.2902933
-0.2100640
-0.1331001
-0.0633017
-0.0040297
0.0449798
0.0887471
0.1324496
0.1765198
0.2155637
0.2418973
0.2534848
0.2563647
0.2573689
0.2597821
0.2639654
0.2688437
0.2732856
0.2773027
0.2810843
0.2843659
0.2873021
0.2896633
0.2915894
0.2939231
0.2971223
0.3014039
0.3059455
0.3092387
0.3100724
0.3074844
0.3014487
0.2921891
0.2797043
0.2647500
0.2483131
0.2315367
0.2157399
0.2018029
0.1898730
0.1776035
0.1605742
0.1361746
0.1058468
0.0733537
0.0413836
0.0104647
-0.0199481
-0.0509403
-0.0825924
-0.1135967
-0.1431494
-0.1716617
-0.1998666
-0.2280701
-0.2563112
-0.2846896
-0.3118541
-0.3345695
-0.3499935
-0.3575811
-0.3590103
-0.3516668
-0.3263923
-0.2792405
-0.2177976
-0.1531570
-0.0924905
-0.0417453
-0.0086233
0.0055069
0.0076000
0.0041075
-0.0024231
-0.0102135
-0.0169074
-0.0214074
-0.0238830
-0.0248978
-0.0253879
-0.0263671
-0.0290777
-0.0359213
-0.0483123
-0.0640129
-0.0786670
-0.0878259
-0.0901796
-0.0882756
-0.0838018
-0.0779895
-0.0724121
-0.0674487
-0.0633364
-0.0600947
-0.0583523
-0.0582495
-0.0588385
-0.0595604
-0.0594185
-0.0575268
-0.0535828
-0.0478918
-0.0416404
-0.0362514
-0.0331128
-0.0334051
-0.0376227
-0.0457792
-0.0571987
-0.0712282
-0.0873365
-0.1040770
-0.1204293
-0.1359278
-0.1504520
-0.1647025
-0.1787147
-0.1908238
-0.1998002
-0.2062376
-0.2105322
-0.2130580
-0.2144770
-0.2140898
-0.2123081
-0.2099729
-0.2067304
-0.2021049
-0.1910102
-0.1655984
-0.1241608
-0.0734472
-0.0219454
0.0258626
0.0660627
0.0943030
0.1115495
0.1259331
0.1448598
0.1668469
0.1845756
0.1934075
0.1929826
0.1820888
0.1590020
0.1266713
0.0909172
0.0553465
0.0204939
-0.0143235
-0.0484928
-0.0777663
-0.0967870
-0.1058853
-0.1096488
-0.1113065
-0.1100284
-0.1004454
-0.0770595
-0.0406260
0.0018533
0.0442404
0.0843821
0.1234033
0.1635220
0.2040846
0.2400261
0.2662499
0.2828616
0.2932367
0.3013678
0.3095132
0.3174795
0.3252175
0.3323962
0.3393626
0.3476121
0.3567011
0.3649044
0.3708332
0.3738591
0.3735339
0.3685285
0.3562257
0.3345883
0.3059499
0.2743896
0.2430808
0.2128297
0.1821018
0.1508175
0.1202376
0.0935724
0.0734900
0.0584297
0.0443241
0.0281659
0.0103860
-0.0069248
-0.0212237
-0.0325884
-0.0436389
-0.0563541
-0.0724324
-0.0927771
-0.1160904
-0.1391036
-0.1585873
-0.1729275
-0.1824110
-0.1874425
-0.1867301
-0.1748883
-0.1473987
-0.1104637
-0.0785314
-0.0616852
-0.0575019
-0.0569226
-0.0541686
-0.0490417
-0.0439341
-0.0413066
-0.0421931
-0.0457429
-0.0510289
-0.0576851
-0.0649396
-0.0721788
-0.0793149
-0.0854722
-0.0905433
-0.0954483
-0.0999670
-0.1044039
-0.1096239
-0.1154020
-0.1219795
-0.1298689
-0.1379891
-0.1451358
-0.1507814
-0.1547234
-0.1573099
-0.1588821
-0.1595049
-0.1593662
-0.1589457
-0.1585844
-0.1587607
-0.1600439
-0.1629960
-0.1680593
-0.1753609
-0.1844543
-0.1940100
-0.2019677
-0.2073532
-0.2110740
-0.2136779
-0.2150854
-0.2157587
-0.2159480
-0.2153816
-0.2137545
-0.2108761
-0.2069919
-0.2015342
-0.1949464
-0.1881954
-0.1809183
-0.1741398
-0.1680665
-0.1609586
-0.1516802
-0.1392419
-0.1221084
-0.1008282
-0.0778654
-0.0549487
-0.0329698
-0.0112449
0.0112791
0.0345481
0.0578946
0.0797338
0.0980873
0.1120788
0.1224210
0.1310799
0.1395330
0.1482671
0.1578186
0.1682356
0.1805397
0.1962324
0.2146403
0.2347807
0.2556248
0.2765253
0.2973088
0.3175388
0.3368122
0.3529846
0.3649030
0.3729733
0.3776565
0.3797966
0.3794180
0.3752029
0.3644521
0.3455371
0.3196268
0.2899277
0.2597185
0.2305758
0.2017350
0.1721573
0.1417054
0.1106811
0.0794497
0.0482543
0.0177078
-0.0129062
-0.0434288
-0.0714961
-0.0942831
-0.1112075
-0.1250996
-0.1382846
-0.1508638
-0.1621593
-0.1713683
-0.1766368
-0.1766744
-0.1734723
-0.1694017
-0.1659655
-0.1647473
-0.1656866
-0.1679076
-0.1710779
-0.1753507
-0.1809574
-0.1888644
-0.1999678
-0.2136938
-0.2275499
-0.2384120
-0.2450792
-0.2479649
-0.2484620
-0.2479620
-0.2468436
-0.2453234
-0.2443307
-0.2448986
-0.2474982
-0.2526178
-0.2603630
-0.2696211
-0.2789052
-0.2862140
-0.2901762
-0.2911429
-0.2880608
-0.2774256
-0.2563011
-0.2259301
-0.1915622
-0.1572492
-0.1242600
-0.0920133
-0.0586057
-0.0237437
0.0100890
0.0379629
0.0562560
0.0672438
0.0766217
0.0901784
0.1119063
0.1404312
0.1708178
0.1994606
0.2230661
0.2391778
0.2490183
0.2551061
0.2592084
0.2621591
0.2633426
0.2624134
0.2600090
0.2571782
0.2551408
0.2542087
0.2541986
0.2551162
0.2565424
0.2580091
0.2597315
0.2615175
0.2634712
0.2656488
0.2674030
0.2683957
0.2683582
0.2670432
0.2638642
0.2586752
0.2506844
0.2392501
0.2254243
0.2096623
0.1925578
0.1753898
0.1588373
0.1439301
0.1306018
0.1180116
0.1058370
0.0923712
0.0759106
0.0563988
0.0351557
0.0142038
-0.0047525
-0.0217231
-0.0392312
-0.0602224
-0.0844471
-0.1096846
-0.1348708
-0.1592621
-0.1828864
-0.2063807
-0.2283389
-0.2466254
-0.2607676
-0.2707525
-0.2769906
-0.2802953
-0.2804673
-0.2762435
-0.2647269
-0.2440605
-0.2158512
-0.1842014
-0.1528434
-0.1221542
-0.0911450
-0.0596928
-0.0275273
0.0046784
0.0336520
0.0566512
0.0734131
0.0851658
0.0935503
0.0996192
0.1032072
0.1036886
0.1008460
0.0946722
0.0855009
0.0743825
0.0632625
0.0531705
0.0446197
0.0378126
0.0323492
0.0283425
0.0254212
0.0236080
0.0231995
0.0240062
0.0260818
0.0289129
0.0316737
0.0343013
0.0372478
0.0404431
0.0436196
0.0469943
0.0503724
0.0526846
0.0533618
0.0520733
0.0483088
0.0420015
0.0326336
0.0198846
0.0041658
-0.0126669
-0.0273024
-0.0377657
-0.0446454
-0.0496203
-0.0541187
-0.0583034
-0.0618262
-0.0648581
-0.0676365
-0.0703670
-0.0734459
-0.0775790
-0.0827371
-0.0885110
-0.0949933
-0.1020872
-0.1089919
-0.1149362
-0.1196220
-0.1229389
-0.1250685
-0.1259294
-0.1250707
-0.1228376
-0.1189225
-0.1127340
-0.1046595
-0.0940292
-0.0813838
-0.0686530
-0.0567326
-0.0461130
-0.0370346
-0.0292896
-0.0217743
-0.0141468
-0.0065313
0.0017404
0.0100424
0.0172305
0.0234138
0.0290322
0.0340789
0.0386341
0.0427042
0.0463585
0.0494946
0.0513728
0.0518550
0.0503522
0.0457717
0.0371731
0.0232079
0.0034849
-0.0191158
-0.0398780
-0.0565910
-0.0697319
-0.0806304
-0.0901596
-0.0980178
-0.1038532
-0.1075852
-0.1089370
-0.1080122
-0.1051735
-0.1009120
-0.0961135
-0.0911255
-0.0854928
-0.0785924
-0.0699396
-0.0592343
-0.0464582
-0.0331243
-0.0218555
-0.0135323
-0.0073009
-0.0021432
0.0029198
0.0084641
0.0149241
0.0223487
0.0304855
0.0393352
0.0485529
0.0568012
0.0634250
0.0691253
0.0738737
0.0777289
0.0810727
0.0833649
0.0845075
0.0847608
0.0841752
0.0835600
0.0831908
0.0829093
0.0831608
0.0841169
0.0856556
0.0877700
0.0900010
0.0919935
0.0939684
0.0955671
0.0963143
0.0961587
0.0947872
0.0919722
0.0883460
0.0843892
0.0801930
0.0763602
0.0726779
0.0687077
0.0650997
0.0614901
0.0570602
0.0518163
0.0452760
0.0375765
0.0299826
0.0228231
0.0158340
0.0095305
0.0037839
-0.0023017
-0.0087592
-0.0157410
-0.0237244
-0.0321930
-0.0403908
-0.0480802
-0.0548234
-0.0606523
-0.0658374
-0.0704063
-0.0742854
-0.0767867
-0.0773266
-0.0757882
-0.0721756
-0.0654682
-0.0550798
-0.0421534
-0.0291329
-0.0189744
-0.0126953
-0.0095302
-0.0088638
-0.0107615
-0.0151984
-0.0219303
-0.0301069
-0.0383730
-0.0454373
-0.0503818
-0.0530474
-0.0537174
-0.0525649
-0.0494518
-0.0434366
-0.0329587
-0.0180132
-0.0019229
0.0103868
0.0174721
0.0214757
0.0246539
0.0282321
0.0317075
0.0343031
0.0355188
0.0351151
0.0334119
0.0305557
0.0270266
0.0234525
0.0201777
0.0172448
0.0145104
0.0123375
0.0112192
0.0108150
0.0106280
0.0108523
0.0113721
0.0118439
0.0121497
0.0119107
0.0112665
0.0103610
0.0095936
0.0095927
0.0103752
0.0117476
0.0137143
0.0165470
0.0196823
0.0226593
0.0254489
0.0281753
0.0311179
0.0336004
0.0351074
0.0358570
0.0358844
0.0354347
0.0344888
0.0327834
0.0305327
0.0276583
0.0243459
0.0210424
0.0174318
0.0135607
0.0101020
0.0069648
0.0039090
0.0017330
0.0006800
0.0002673
0.0010794
0.0032779
0.0067401
0.0122293
0.0193535
0.0273718
0.0358546
0.0437625
0.0506591
0.0566365
0.0619563
0.0668551
0.0712951
0.0751962
0.0786220
0.0816626
0.0842649
0.0862192
0.0874949
0.0884607
0.0889815
0.0889010
0.0885223
0.0874971
0.0858188
0.0838734
0.0812914
0.0783019
0.0749910
0.0712038
0.0670601
0.0625538
0.0583088
0.0542191
0.0497722
0.0452034
0.0403505
0.0350209
0.0297731
0.0249699
0.0200565
0.0148990
0.0093849
0.0029624
-0.0038201
-0.0104900
-0.0175647
-0.0242639
-0.0296836
-0.0347400
-0.0395523
-0.0439854
-0.0487422
-0.0539877
-0.0596856
-0.0655896
-0.0709572
-0.0753634
-0.0788583
-0.0811762
-0.0824296
-0.0831288
-0.0833489
-0.0831777
-0.0824393
-0.0809706
-0.0786603
-0.0761178
-0.0736736
-0.0709056
-0.0681705
-0.0653192
-0.0616879
-0.0570727
-0.0514251
-0.0447519
-0.0376740
-0.0313256
-0.0263029
-0.0223029
-0.0189484
-0.0156647
-0.0119217
-0.0077098
-0.0029924
0.0021933
0.0079448
0.0146824
0.0224822
0.0314415
0.0424123
0.0551935
0.0681592
0.0804317
0.0910789
0.0993066
0.1052360
0.1094297
0.1125409
0.1141247
0.1138367
0.1115660
0.1070215
0.1005129
0.0921497
0.0818324
0.0702049
0.0584115
0.0468627
0.0356203
0.0255021
0.0176530
0.0118462
0.0077120
0.0052426
0.0037743
0.0034471
0.0040561
0.0052366
0.0067221
0.0079544
0.0087170
0.0086377
0.0078489
0.0063893
0.0041636
0.0015869
-0.0013678
-0.0049515
-0.0093779
-0.0147352
-0.0206664
-0.0272924
-0.0351787
-0.0435406
-0.0510043
-0.0577900
-0.0639892
-0.0694885
-0.0747978
-0.0796487
-0.0839633
-0.0880920
-0.0919743
-0.0956443
-0.0993036
-0.1032289
-0.1073054
-0.1113397
-0.1158391
-0.1201200
-0.1235958
-0.1268610
-0.1291753
-0.1303607
-0.1305589
-0.1292415
-0.1268158
-0.1231605
-0.1181205
-0.1121762
-0.1053197
-0.0979665
-0.0909489
-0.0839292
-0.0764015
-0.0689301
-0.0618658
-0.0547427
-0.0474696
-0.0409260
-0.0347588
-0.0281866
-0.0219548
-0.0160154
-0.0101406
-0.0049816
-0.0006701
0.0030514
0.0064122
0.0095603
0.0121626
0.0141883
0.0162193
0.0180050
0.0193733
0.0209003
0.0228034
0.0256096
0.0296949
0.0348715
0.0413037
0.0484799
0.0554055
0.0613712
0.0664550
0.0710762
0.0753277
0.0794136
0.0831621
0.0863182
0.0889746
0.0912370
0.0931774
0.0950112
0.0967526
0.0984929
0.1003979
0.1022983
0.1036672
0.1040958
0.1035152
0.1017527
0.0989315
0.0953203
0.0911520
0.0860694
0.0796345
0.0722166
0.0636657
0.0541106
0.0445450
0.0354800
0.0271968
0.0197068
0.0127276
0.0060361
-0.0004001
-0.0064698
-0.0122260
-0.0175696
-0.0226030
-0.0275943
-0.0326001
-0.0377774
-0.0430545
-0.0484117
-0.0539020
-0.0592985
-0.0646571
-0.0695583
-0.0735387
-0.0769824
-0.0798115
-0.0819340
-0.0835859
-0.0847455
-0.0855177
-0.0858238
-0.0858618
-0.0856532
-0.0851264
-0.0846389
-0.0842522
-0.0838914
-0.0828826
-0.0810300
-0.0784004
-0.0747946
-0.0706953
-0.0662118
-0.0608565
-0.0543995
-0.0469323
-0.0389071
-0.0314639
-0.0251991
-0.0196396
-0.0144031
-0.0092065
-0.0041592
0.0005961
0.0050498
0.0094476
0.0140837
0.0189731
0.0239321
0.0283989
0.0321880
0.0350992
0.0372842
0.0389271
0.0400813
0.0411585
0.0423751
0.0439254
0.0460324
0.0489160
0.0524513
0.0558052
0.0589589
0.0621269
0.0644917
0.0659375
0.0665084
0.0662725
0.0654738
0.0641691
0.0625792
0.0608670
0.0594041
0.0582589
0.0574054
0.0569133
0.0563378
0.0556101
0.0547123
0.0530548
0.0507445
0.0477601
0.0437605
0.0386522
0.0328738
0.0274569
0.0228930
0.0192020
0.0162528
0.0139676
0.0120393
0.0102273
0.0083859
0.0060883
0.0031720
-0.0000773
-0.0034929
-0.0071925
-0.0108924
-0.0143789
-0.0174914
-0.0200354
-0.0225244
-0.0250108
-0.0274036
-0.0302745
-0.0337059
-0.0374226
-0.0414215
-0.0454376
-0.0489469
-0.0518243
-0.0538814
-0.0550669
-0.0556233
-0.0556391
-0.0549990
-0.0540180
-0.0530662
-0.0519833
-0.0509221
-0.0499996
-0.0489034
-0.0473820
-0.0456172
-0.0431530
-0.0395180
-0.0349882
-0.0294373
-0.0231999
-0.0168061
-0.0105764
-0.0052279
-0.0008481
0.0029276
0.0061310
0.0089234
0.0113824
0.0133495
0.0148244
0.0159304
0.0166792
0.0172926
0.0179929
0.0187574
0.0199096
0.0215250
0.0233821
0.0253433
0.0271702
0.0289163
0.0305005
0.0316748
0.0322171
0.0319453
0.0310701
0.0294857
0.0270495
0.0244001
0.0218105
0.0193604
0.0174484
0.0159830
0.0149401
0.0143454
0.0139840
0.0138364
0.0138214
0.0137341
0.0139561
0.0145756
0.0152901
0.0162217
0.0172228
0.0180787
0.0188544
0.0196745
0.0204533
0.0212009
0.0221818
0.0232963
0.0241422
0.0243360
0.0238158
0.0223427
0.0196227
0.0158282
0.0108935
0.0050555
-0.0010408
-0.0066168
-0.0109185
-0.0140873
-0.0164442
-0.0180189
-0.0189305
-0.0189343
-0.0179106
-0.0163425
-0.0145143
-0.0128586
-0.0118580
-0.0112874
-0.0108441
-0.0103024
-0.0096844
-0.0090193
-0.0083048
-0.0076884
-0.0072985
-0.0074207
-0.0078455
-0.0085208
-0.0095997
-0.0107845
-0.0120777
-0.0137954
-0.0159989
-0.0186201
-0.0213494
-0.0238854
-0.0263434
-0.0286380
-0.0307948
-0.0331667
-0.0355961
-0.0376977
-0.0394507
-0.0411120
-0.0428191
-0.0443538
-0.0454409
-0.0459285
-0.0460131
-0.0457973
-0.0453022
-0.0446965
-0.0442111
-0.0438699
-0.0436144
-0.0432272
-0.0423475
-0.0411497
-0.0395950
-0.0371859
-0.0336876
-0.0295008
-0.0249994
-0.0204494
-0.0163837
-0.0131710
-0.0107203
-0.0087451
-0.0073307
-0.0065361
-0.0062590
-0.0062331
-0.0057385
-0.0047609
-0.0034886
-0.0017569
0.0002151
0.0027728
0.0060294
0.0095581
0.0133197
0.0170994
0.0203943
0.0229847
0.0252223
0.0270377
0.0282798
0.0296371
0.0311468
0.0325836
0.0343490
0.0364128
0.0387126
0.0412245
0.0437575
0.0463085
0.0488088
0.0510951
0.0530829
0.0546853
0.0556445
0.0559095
0.0555542
0.0546141
0.0533675
0.0520781
0.0507392
0.0495089
0.0487488
0.0484516
0.0484026
0.0484192
0.0483192
0.0479296
0.0473509
0.0467761
0.0460666
0.0451187
0.0442586
0.0435049
0.0426367
0.0417254
0.0407744
0.0399407
0.0390049
0.0375249
0.0356325
0.0335647
0.0311746
0.0286851
0.0263973
0.0243949
0.0229936
0.0217705
0.0205246
0.0196514
0.0185782
0.0168185
0.0146948
0.0122280
0.0095596
0.0069551
0.0042769
0.0016686
-0.0006950
-0.0030598
-0.0055319
-0.0080666
-0.0106588
-0.0132602
-0.0158343
-0.0183821
-0.0208310
-0.0232344
-0.0256326
-0.0278680
-0.0297241
-0.0311572
-0.0321244
-0.0324741
-0.0324931
-0.0326281
-0.0328389
-0.0329161
-0.0331113
-0.0336503
-0.0342779
-0.0345661
-0.0346015
-0.0346124
-0.0345495
-0.0342783
-0.0337250
-0.0328651
-0.0315858
-0.0301189
-0.0286314
-0.0272099
-0.0256888
-0.0239814
-0.0223338
-0.0207253
-0.0192142
-0.0178232
-0.0165922
-0.0154466
-0.0144684
-0.0139220
-0.0137412
-0.0136872
-0.0137012
-0.0138117
-0.0138218
-0.0136545
-0.0134019
-0.0129773
-0.0123062
-0.0117538
-0.0113807
-0.0108495
-0.0102909
-0.0098537
-0.0093843
-0.0089547
-0.0087030
-0.0085053
-0.0081894
-0.0076323
-0.0069269
-0.0064712
-0.0063383
-0.0063854
-0.0068374
-0.0075849
-0.0083392
-0.0092067
-0.0104606
-0.0120680
-0.0135182
-0.0148189
-0.0161285
-0.0170852
-0.0176216
-0.0178868
-0.0178226
-0.0175390
-0.0171837
-0.0166928
-0.0161571
-0.0157249
-0.0151546
-0.0141014
-0.0127000
-0.0110735
-0.0091962
-0.0072456
-0.0053467
-0.0039150
-0.0032319
-0.0032546
-0.0038373
-0.0046042
-0.0053404
-0.0059441
-0.0062712
-0.0063998
-0.0065787
-0.0068237
-0.0074406
-0.0084780
-0.0097487
-0.0113887
-0.0132855
-0.0151341
-0.0166989
-0.0180557
-0.0189903
-0.0194598
-0.0195397
-0.0190081
-0.0181595
-0.0171097
-0.0158644
-0.0144960
-0.0129226
-0.0112280
-0.0094702
-0.0075810
-0.0055057
-0.0035573
-0.0018842
-0.0003826
0.0009974
0.0023207
0.0035280
0.0045678
0.0052095
0.0055443
0.0058969
0.0063293
0.0069412
0.0078876
0.0093243
0.0111124
0.0130489
0.0149604
0.0165546
0.0178553
0.0186409
0.0187516
0.0186271
0.0184365
0.0184563
0.0188559
0.0195072
0.0203083
0.0212114
0.0222355
0.0228261
0.0224605
0.0209839
0.0186360
0.0156927
0.0118929
0.0075219
0.0032358
-0.0004177
-0.0032695
-0.0056041
-0.0074581
-0.0087519
-0.0092833
-0.0090879
-0.0086279
-0.0080807
-0.0074005
-0.0066388
-0.0057615
-0.0051156
-0.0049300
-0.0049372
-0.0049866
-0.0047907
-0.0043643
-0.0037707
-0.0026860
-0.0011038
0.0007258
0.0025385
0.0042355
0.0056930
0.0064572
0.0062559
0.0050770
0.0031450
0.0007452
-0.0019558
-0.0045209
-0.0066928
-0.0086691
-0.0102322
-0.0109423
-0.0107757
-0.0097833
-0.0079982
-0.0056844
-0.0032353
-0.0007065
0.0018778
0.0041809
0.0062249
0.0082274
0.0101495
0.0122239
0.0145178
0.0166863
0.0185713
0.0202982
0.0220185
0.0233567
0.0239944
0.0240958
0.0236310
0.0226637
0.0213412
0.0198796
0.0185940
0.0174072
0.0162470
0.0151320
0.0140370
0.0129741
0.0121311
0.0118009
0.0118464
0.0119107
0.0119753
0.0121351
0.0123238
0.0121221
0.0112464
0.0097083
0.0075248
0.0052064
0.0031104
0.0013489
0.0001702
-0.0003668
-0.0002363
0.0004359
0.0011996
0.0016102
0.0015142
0.0007662
-0.0007058
-0.0024870
-0.0042062
-0.0058850
-0.0075063
-0.0088663
-0.0096741
-0.0098233
-0.0095481
-0.0089826
-0.0083663
-0.0080165
-0.0078489
-0.0078681
-0.0082031
-0.0089336
-0.0101193
-0.0115845
-0.0130403
-0.0145117
-0.0160518
-0.0175461
-0.0188799
-0.0198712
-0.0203148
-0.0200955
-0.0192948
-0.0178668
-0.0158765
-0.0136049
-0.0110833
-0.0084159
-0.0059294
-0.0039903
-0.0026994
-0.0018080
-0.0010506
-0.0001734
0.0010074
0.0025783
0.0046184
0.0070567
0.0097025
0.0123684
0.0150138
0.0178637
0.0208399
0.0237046
0.0262386
0.0281327
0.0294498
0.0304337
0.0312364
0.0318055
0.0322323
0.0326571
0.0329304
0.0331279
0.0333424
0.0334609
0.0335266
0.0335003
0.0333802
0.0332226
0.0329629
0.0325387
0.0318364
0.0307752
0.0293990
0.0278287
0.0262031
0.0246017
0.0228713
0.0211461
0.0195771
0.0180309
0.0162934
0.0141394
0.0117552
0.0093521
0.0070041
0.0047136
0.0026115
0.0007161
-0.0010949
-0.0025511
-0.0038350
-0.0051614
-0.0063855
-0.0074922
-0.0085711
-0.0096921
-0.0108295
-0.0120940
-0.0134567
-0.0148176
-0.0161811
-0.0175432
-0.0187152
-0.0195678
-0.0202407
-0.0207633
-0.0207055
-0.0201521
-0.0197547
-0.0194446
-0.0191922
-0.0188250
-0.0180311
-0.0171172
-0.0159902
-0.0144990
-0.0127547
-0.0106574
-0.0081628
-0.0055624
-0.0032542
-0.0012372
0.0006299
0.0023016
0.0035319
0.0041712
0.0043801
0.0042396
0.0036806
0.0028357
0.0018070
0.0006951
-0.0002109
-0.0007291
-0.0006139
0.0001197
0.0012364
0.0028077
0.0047992
0.0068704
0.0089103
0.0110009
0.0128402
0.0142819
0.0154401
0.0163171
0.0167603
0.0170235
0.0175865
0.0182362
0.0188688
0.0194537
0.0199461
0.0207514
0.0216448
0.0217939
0.0210567
0.0197494
0.0181116
0.0163236
0.0143755
0.0123952
0.0107131
0.0093542
0.0084594
0.0080812
0.0080128
0.0084021
0.0090852
0.0096203
0.0098493
0.0097791
0.0095044
0.0090040
0.0081604
0.0072321
0.0064284
0.0056704
0.0050996
0.0047537
0.0045108
0.0043152
0.0039603
0.0031966
0.0020046
0.0003146
-0.0018576
-0.0043515
-0.0071511
-0.0101359
-0.0131037
-0.0159369
-0.0185404
-0.0208158
-0.0226702
-0.0241231
-0.0254298
-0.0267134
-0.0278228
-0.0286250
-0.0291264
-0.0296166
-0.0301473
-0.0304070
-0.0304646
-0.0304892
-0.0304891
-0.0304860
-0.0305237
-0.0306817
-0.0308916
-0.0313649
-0.0323788
-0.0336212
-0.0348262
-0.0359681
-0.0369286
-0.0376868
-0.0382929
-0.0387974
-0.0392137
-0.0392474
-0.0387465
-0.0380411
-0.0373940
-0.0367125
-0.0358999
-0.0348709
-0.0335030
-0.0317010
-0.0293196
-0.0264215
-0.0232935
-0.0201567
-0.0170640
-0.0142045
-0.0116844
-0.0094986
-0.0074921
-0.0056187
-0.0041404
-0.0029986
-0.0020417
-0.0012179
-0.0004435
0.0002487
0.0005671
0.0006073
0.0006290
0.0005976
0.0005282
0.0002033
-0.0003835
-0.0009755
-0.0015047
-0.0018481
-0.0018283
-0.0015171
-0.0009404
0.0000098
0.0011024
0.0022493
0.0034051
0.0045890
0.0059561
0.0074824
0.0094311
0.0119242
0.0147180
0.0173227
0.0195679
0.0217577
0.0237078
0.0251239
0.0258213
0.0256339
0.0246690
0.0230057
0.0209972
0.0190698
0.0172688
0.0156449
0.0142185
0.0131263
0.0125628
0.0126152
0.0133040
0.0143570
0.0154346
0.0164526
0.0173972
0.0181605
0.0185636
0.0184602
0.0178898
0.0168656
0.0156184
0.0141344
0.0121501
0.0098519
0.0073344
0.0047698
0.0022694
-0.0000587
-0.0020560
-0.0038353
-0.0055035
-0.0071694
-0.0089388
-0.0110336
-0.0134552
-0.0159620
-0.0183704
-0.0204323
-0.0220186
-0.0232434
-0.0239973
-0.0240028
-0.0231165
-0.0212263
-0.0186513
-0.0158017
-0.0127043
-0.0095196
-0.0065946
-0.0041247
-0.0020823
-0.0004011
0.0007746
0.0014803
0.0019083
0.0020346
0.0018967
0.0013698
0.0002725
-0.0012399
-0.0028916
-0.0045367
-0.0062051
-0.0077905
-0.0089979
-0.0097793
-0.0100595
-0.0096353
-0.0086551
-0.0071333
-0.0051538
-0.0030847
-0.0009909
0.0012494
0.0036848
0.0060179
0.0078755
0.0092319
0.0101658
0.0108311
0.0113826
0.0118914
0.0124580
0.0133044
0.0145433
0.0159372
0.0174348
0.0190412
0.0206551
0.0222555
0.0237127
0.0250228
0.0262067
0.0272595
0.0282016
0.0288529
0.0291796
0.0292469
0.0290936
0.0288806
0.0286240
0.0282593
0.0278290
0.0274563
0.0271526
0.0266980
0.0259713
0.0249780
0.0235526
0.0213637
0.0183249
0.0147617
0.0111036
0.0075656
0.0041639
0.0011251
-0.0012971
-0.0031679
-0.0046139
-0.0056311
-0.0060678
-0.0057394
-0.0047123
-0.0032199
-0.0014727
0.0002543
0.0016458
0.0025379
0.0029373
0.0028680
0.0024658
0.0019889
0.0016015
0.0012915
0.0010129
0.0006821
0.0000899
-0.0008676
-0.0022598
-0.0041914
-0.0067283
-0.0099116
-0.0133542
-0.0165226
-0.0192656
-0.0215361
-0.0233321
-0.0245742
-0.0252297
-0.0252592
-0.0246232
-0.0235286
-0.0220264
-0.0201388
-0.0178624
-0.0152634
-0.0126955
-0.0103225
-0.0080200
-0.0058415
-0.0038014
-0.0016993
0.0004307
0.0025712
0.0048264
0.0070615
0.0090693
0.0107487
0.0120460
0.0129958
0.0136543
0.0140038
0.0139173
0.0134038
0.0126967
0.0119294
0.0110840
0.0104039
0.0101608
0.0103996
0.0112404
0.0125611
0.0141361
0.0157956
0.0173735
0.0190736
0.0209581
0.0227472
0.0241946
0.0251707
0.0257758
0.0260782
0.0262857
0.0266251
0.0270611
0.0276268
0.0282892
0.0289233
0.0294026
0.0295966
0.0292224
0.0278868
0.0255138
0.0223446
0.0186123
0.0144975
0.0103387
0.0066118
0.0035271
0.0009264
-0.0011747
-0.0028287
-0.0043118
-0.0055738
-0.0065836
-0.0074717
-0.0081014
-0.0082816
-0.0079651
-0.0072731
-0.0063803
-0.0053630
-0.0044517
-0.0038227
-0.0034803
-0.0034273
-0.0037221
-0.0045536
-0.0059848
-0.0079606
-0.0103209
-0.0127638
-0.0152351
-0.0176476
-0.0198786
-0.0218624
-0.0235471
-0.0251423
-0.0265513
-0.0278006
-0.0291563
-0.0304450
-0.0314585
-0.0320474
-0.0322547
-0.0323391
-0.0323731
-0.0323007
-0.0319963
-0.0312919
-0.0300940
-0.0286078
-0.0271186
-0.0256646
-0.0243029
-0.0230454
-0.0218695
-0.0209599
-0.0203723
-0.0199393
-0.0197464
-0.0197383
-0.0197342
-0.0197904
-0.0197458
-0.0194322
-0.0188005
-0.0177576
-0.0162703
-0.0145069
-0.0126614
-0.0107826
-0.0090175
-0.0073242
-0.0055254
-0.0038809
-0.0026542
-0.0016314
-0.0006086
0.0002942
0.0009300
0.0013761
0.0017596
0.0019936
0.0018158
0.0012358
0.0004369
-0.0005802
-0.0016287
-0.0024409
-0.0029252
-0.0030934
-0.0030723
-0.0028730
-0.0023617
-0.0014870
-0.0001414
0.0015442
0.0033213
0.0052224
0.0072228
0.0092327
0.0112589
0.0133739
0.0153572
0.0169816
0.0181252
0.0186431
0.0187015
0.0185330
0.0180569
0.0171693
0.0158691
0.0141128
0.0119783
0.0094130
0.0064480
0.0033242
0.0002533
-0.0025320
-0.0049104
-0.0068710
-0.0083571
-0.0092116
-0.0093074
-0.0088332
-0.0082017
-0.0074966
-0.0065652
-0.0055427
-0.0046105
-0.0037986
-0.0033237
-0.0031977
-0.0031609
-0.0031420
-0.0030646
-0.0028649
-0.0025706
-0.0021892
-0.0018668
-0.0019152
-0.0023902
-0.0031590
-0.0041350
-0.0053199
-0.0067314
-0.0080734
-0.0089735
-0.0091401
-0.0086885
-0.0078280
-0.0065332
-0.0049597
-0.0033015
-0.0017532
-0.0004149
0.0006324
0.0012402
0.0014950
0.0015546
0.0013952
0.0012545
0.0014719
0.0021965
0.0034120
0.0050772
0.0071120
0.0091236
0.0107721
0.0120177
0.0130017
0.0138017
0.0144378
0.0149864
0.0155693
0.0162765
0.0170666
0.0179468
0.0186719
0.0189817
0.0189980
0.0185977
0.0176894
0.0162594
0.0142816
0.0119630
0.0092966
0.0064366
0.0038028
0.0016190
-0.0000764
-0.0014773
-0.0026741
-0.0037013
-0.0047309
-0.0056271
-0.0061799
-0.0064374
-0.0065764
-0.0067725
-0.0068149
-0.0064240
-0.0055796
-0.0043941
-0.0030842
-0.0018846
-0.0008935
-0.0000881
0.0004980
0.0008086
0.0008573
0.0008095
0.0006274
0.0002219
-0.0003318
-0.0009399
-0.0014757
-0.0020579
-0.0028200
-0.0038055
-0.0053962
-0.0075758
-0.0096201
-0.0113015
-0.0128724
-0.0141212
-0.0148715
-0.0153819
-0.0154631
-0.0150667
-0.0144749
-0.0136484
-0.0128396
-0.0122443
-0.0117345
-0.0112270
-0.0107696
-0.0104780
-0.0102153
-0.0096607
-0.0087549
-0.0077988
-0.0069695
-0.0061738
-0.0052764
-0.0043649
-0.0036484
-0.0031338
-0.0026613
-0.0020069
-0.0012776
-0.0006721
-0.0002303
-0.0000985
-0.0001369
-0.0004093
-0.0010052
-0.0017464
-0.0025973
-0.0033591
-0.0041105
-0.0048492
-0.0052750
-0.0054107
-0.0052307
-0.0046431
-0.0038561
-0.0030678
-0.0024227
-0.0020219
-0.0017910
-0.0019308
-0.0026420
-0.0036663
-0.0048654
-0.0062804
-0.0075281
-0.0082582
-0.0084757
-0.0081221
-0.0072720
-0.0060382
-0.0045928
-0.0033053
-0.0022828
-0.0016725
-0.0014830
-0.0014475
-0.0015978
-0.0020065
-0.0023672
-0.0022809
-0.0017812
-0.0008935
0.0003330
0.0016377
0.0030607
0.0046979
0.0064044
0.0080757
0.0096008
0.0109194
0.0120014
0.0127921
0.0134019
0.0136770
0.0136424
0.0135782
0.0134068
0.0130117
0.0122170
0.0111121
0.0099763
0.0087303
0.0074207
0.0062440
0.0052026
0.0042451
0.0033038
0.0022638
0.0012657
0.0003849
-0.0005379
-0.0014273
-0.0021571
-0.0026407
-0.0026513
-0.0020672
-0.0009331
0.0007980
0.0030795
0.0058159
0.0088289
0.0118034
0.0144509
0.0166007
0.0183982
0.0200341
0.0213652
0.0222412
0.0227634
0.0229161
0.0227333
0.0222427
0.0213890
0.0203687
0.0194513
0.0188808
0.0185678
0.0182787
0.0180639
0.0180472
0.0181959
0.0183681
0.0186333
0.0189598
0.0190779
0.0190309
0.0186708
0.0177401
0.0164798
0.0151101
0.0136483
0.0122070
0.0109256
0.0096510
0.0083005
0.0067995
0.0050524
0.0031026
0.0010695
-0.0007903
-0.0024866
-0.0042137
-0.0061216
-0.0081221
-0.0100082
-0.0117067
-0.0132468
-0.0149006
-0.0166782
-0.0184178
-0.0201700
-0.0218470
-0.0232953
-0.0244747
-0.0253424
-0.0258042
-0.0258315
-0.0253755
-0.0243714
-0.0230378
-0.0217302
-0.0203647
-0.0189244
-0.0174825
-0.0160211
-0.0147887
-0.0137578
-0.0129702
-0.0124665
-0.0120388
-0.0118390
-0.0119202
-0.0120314
-0.0121282
-0.0124013
-0.0129070
-0.0136122
-0.0144375
-0.0151997
-0.0158310
-0.0164151
-0.0170371
-0.0174192
-0.0173420
-0.0167880
-0.0157704
-0.0144824
-0.0129179
-0.0111916
-0.0093989
-0.0076078
-0.0059477
-0.0044062
-0.0031858
-0.0020105
-0.0006022
0.0009499
0.0026994
0.0046292
0.0065781
0.0084647
0.0103398
0.0118634
0.0129222
0.0136537
0.0140581
0.0142351
0.0141102
0.0138650
0.0136958
0.0135313
0.0134444
0.0133308
0.0132477
0.0134016
0.0138062
0.0142994
0.0145672
0.0147007
0.0147426
0.0146884
0.0147443
0.0145851
0.0140059
0.0131980
0.0119525
0.0102785
0.0084046
0.0063250
0.0040710
0.0017978
-0.0001939
-0.0018923
-0.0033579
-0.0047803
-0.0061704
-0.0070871
-0.0075589
-0.0079336
-0.0084198
-0.0088544
-0.0091319
-0.0094621
-0.0099163
-0.0105259
-0.0110975
-0.0115635
-0.0121596
-0.0128430
-0.0134382
-0.0139716
-0.0144801
-0.0147910
-0.0150332
-0.0153309
-0.0154106
-0.0151849
-0.0148621
-0.0144886
-0.0140406
-0.0135999
-0.0130413
-0.0123757
-0.0116845
-0.0110323
-0.0106606
-0.0105595
-0.0105555
-0.0106627
-0.0109154
-0.0110227
-0.0106647
-0.0098255
-0.0085678
-0.0071791
-0.0058938
-0.0048900
-0.0044433
-0.0042903
-0.0044430
-0.0050749
-0.0058564
-0.0064775
-0.0066314
-0.0060740
-0.0048587
-0.0032560
-0.0014393
0.0006061
0.0027896
0.0047397
0.0062037
0.0072744
0.0081830
0.0089374
0.0095023
0.0100051
0.0106505
0.0115342
0.0123674
0.0130855
0.0137860
0.0143767
0.0148696
0.0151530
0.0152173
0.0152583
0.0153515
0.0155729
0.0160016
0.0165142
0.0169269
0.0170837
0.0169069
0.0164519
0.0158758
0.0153398
0.0148455
0.0144536
0.0142960
0.0143824
0.0147212
0.0151898
0.0154947
0.0156215
0.0156089
0.0155258
0.0155440
0.0156319
0.0155673
0.0152862
0.0147685
0.0140050
0.0132322
0.0123813
0.0114303
0.0105562
0.0096563
0.0085707
0.0071857
0.0055068
0.0037115
0.0019531
0.0003123
-0.0010986
-0.0022301
-0.0031185
-0.0039796
-0.0048168
-0.0053307
-0.0055110
-0.0054759
-0.0054104
-0.0055920
-0.0061128
-0.0067519
-0.0073318
-0.0077220
-0.0079000
-0.0079043
-0.0076859
-0.0072358
-0.0064059
-0.0053401
-0.0042229
-0.0032102
-0.0025863
-0.0021011
-0.0014948
-0.0008915
-0.0004030
-0.0000750
0.0000310
-0.0002551
-0.0009656
-0.0018536
-0.0026235
-0.0032894
-0.0040291
-0.0049776
-0.0060475
-0.0069522
-0.0076570
-0.0081258
-0.0084213
-0.0087898
-0.0091265
-0.0092634
-0.0091776
-0.0088666
-0.0084392
-0.0078546
-0.0071034
-0.0061735
-0.0050255
-0.0039552
-0.0030177
-0.0019062
-0.0006124
0.0005856
0.0014553
0.0020409
0.0024410
0.0026673
0.0029114
0.0030805
0.0031325
0.0031254
0.0027680
0.0020633
0.0009576
-0.0005640
-0.0020377
-0.0034633
-0.0049522
-0.0061779
-0.0070164
-0.0075391
-0.0078606
-0.0082069
-0.0087522
-0.0094603
-0.0103919
-0.0114893
-0.0125171
-0.0135530
-0.0145874
-0.0155859
-0.0167441
-0.0180259
-0.0193595
-0.0207316
-0.0220188
-0.0231096
-0.0239276
-0.0245123
-0.0247687
-0.0247083
-0.0243993
-0.0238224
-0.0230807
-0.0221193
-0.0211412
-0.0203819
-0.0196595
-0.0190815
-0.0187987
-0.0186470
-0.0186586
-0.0188244
-0.0191869
-0.0197452
-0.0202823
-0.0208323
-0.0211330
-0.0209266
-0.0203817
-0.0195604
-0.0186184
-0.0176982
-0.0166776
-0.0155573
-0.0143140
-0.0128514
-0.0113046
-0.0096628
-0.0078268
-0.0059623
-0.0043740
-0.0030878
-0.0018318
-0.0004350
0.0012498
0.0031237
0.0049458
0.0066830
0.0081649
0.0093458
0.0102891
0.0110116
0.0115485
0.0119489
0.0123418
0.0128408
0.0134848
0.0141727
0.0148638
0.0156074
0.0163268
0.0169142
0.0174348
0.0178679
0.0181557
0.0182830
0.0180236
0.0173718
0.0166319
0.0157044
0.0146163
0.0137362
0.0129780
0.0122071
0.0116354
0.0112790
0.0110384
0.0108787
0.0106925
0.0104668
0.0101960
0.0098237
0.0093625
0.0089714
0.0086722
0.0083986
0.0081931
0.0079668
0.0076780
0.0074039
0.0070699
0.0066163
0.0060411
0.0053693
0.0046929
0.0040839
0.0036863
0.0036137
0.0038239
0.0041351
0.0043063
0.0041612
0.0037703
0.0032346
0.0025664
0.0019981
0.0015062
0.0008609
0.0001382
-0.0006508
-0.0014309
-0.0020302
-0.0025723
-0.0029817
-0.0031337
-0.0031828
-0.0029806
-0.0024022
-0.0015046
-0.0002842
0.0010947
0.0025471
0.0039710
0.0053129
0.0067248
0.0081713
0.0097197
0.0114332
0.0131674
0.0147952
0.0162940
0.0175505
0.0183759
0.0187642
0.0188633
0.0188448
0.0187555
0.0185748
0.0181453
0.0174884
0.0167873
0.0159642
0.0149597
0.0139305
0.0128885
0.0117580
0.0105220
0.0090195
0.0073568
0.0058745
0.0045314
0.0034256
0.0026428
0.0020218
0.0016489
0.0015548
0.0017060
0.0022525
0.0032738
0.0045850
0.0058343
0.0067647
0.0074929
0.0081732
0.0088127
0.0092782
0.0094801
0.0093635
0.0088757
0.0081638
0.0074263
0.0067802
0.0060671
0.0051716
0.0040303
0.0026279
0.0012121
-0.0000691
-0.0012272
-0.0021744
-0.0028011
-0.0033095
-0.0039733
-0.0045530
-0.0045644
-0.0040077
-0.0032658
-0.0026726
-0.0023958
-0.0023801
-0.0024450
-0.0024557
-0.0024015
-0.0023471
-0.0023605
-0.0024111
-0.0023766
-0.0023023
-0.0023114
-0.0023301
-0.0023335
-0.0024251
-0.0025065
-0.0026901
-0.0031514
-0.0036346
-0.0041890
-0.0049317
-0.0056705
-0.0062634
-0.0065666
-0.0066579
-0.0066860
-0.0066725
-0.0066541
-0.0065652
-0.0063827
-0.0062417
-0.0062860
-0.0065512
-0.0070445
-0.0078149
-0.0088265
-0.0100356
-0.0113692
-0.0126159
-0.0136823
-0.0144870
-0.0149871
-0.0154033
-0.0157491
-0.0160489
-0.0163203
-0.0164730
-0.0167017
-0.0171215
-0.0176619
-0.0180833
-0.0181246
-0.0179161
-0.0175862
-0.0169360
-0.0158954
-0.0146024
-0.0132767
-0.0120654
-0.0111021
-0.0104749
-0.0100873
-0.0098545
-0.0096357
-0.0094599
-0.0094943
-0.0096938
-0.0099734
-0.0104454
-0.0110290
-0.0115535
-0.0122601
-0.0131117
-0.0138940
-0.0145980
-0.0150127
-0.0151245
-0.0149075
-0.0143305
-0.0135909
-0.0125183
-0.0110892
-0.0093647
-0.0072716
-0.0049721
-0.0024500
0.0000894
0.0023943
0.0043029
0.0054291
0.0058419
0.0057676
0.0053393
0.0047362
0.0040595
0.0033058
0.0027062
0.0026363
0.0031716
0.0041740
0.0054256
0.0070075
0.0088003
0.0104424
0.0119611
0.0133659
0.0144303
0.0151372
0.0158080
0.0164198
0.0167815
0.0169027
0.0168581
0.0168838
0.0169949
0.0169558
0.0167728
0.0165247
0.0163177
0.0163091
0.0163100
0.0162632
0.0161879
0.0159318
0.0155719
0.0151297
0.0145318
0.0138115
0.0129640
0.0120571
0.0112423
0.0106229
0.0104105
0.0106285
0.0109531
0.0111498
0.0111783
0.0110676
0.0109434
0.0108147
0.0106173
0.0104729
0.0104107
0.0104532
0.0105419
0.0104773
0.0102809
0.0099961
0.0095997
0.0090935
0.0084113
0.0075309
0.0065877
0.0056673
0.0046897
0.0036519
0.0027310
0.0020278
0.0015377
0.0012632
0.0011796
0.0012999
0.0015467
0.0018518
0.0023872
0.0030948
0.0038036
0.0045537
0.0052235
0.0057529
0.0060500
0.0059799
0.0057511
0.0054118
0.0048946
0.0043495
0.0038076
0.0033072
0.0029816
0.0028424
0.0028853
0.0030320
0.0031148
0.0032102
0.0035121
0.0039071
0.0042074
0.0042215
0.0039114
0.0034133
0.0027434
0.0019988
0.0013514
0.0008575
0.0003994
-0.0001448
-0.0007541
-0.0013038
-0.0017492
-0.0022917
-0.0033155
-0.0049100
-0.0066134
-0.0081043
-0.0093621
-0.0104739
-0.0116094
-0.0125731
-0.0131774
-0.0134999
-0.0135628
-0.0134316
-0.0130522
-0.0124242
-0.0117482
-0.0108667
-0.0096351
-0.0082633
-0.0069876
-0.0060068
-0.0055294
-0.0055396
-0.0058079
-0.0062159
-0.0067094
-0.0073247
-0.0080409
-0.0085793
-0.0084301
-0.0075482
-0.0064627
-0.0053438
-0.0040071
-0.0026581
-0.0014587
-0.0002758
0.0007364
0.0014896
0.0019854
0.0021032
0.0018226
0.0011464
0.0000601
-0.0014054
-0.0030733
-0.0046472
-0.0061447
-0.0076536
-0.0090829
-0.0103471
-0.0113830
-0.0122457
-0.0129266
-0.0133989
-0.0136468
-0.0137008
-0.0136946
-0.0136411
-0.0135655
-0.0134448
-0.0132287
-0.0129615
-0.0124481
-0.0117498
-0.0108219
-0.0093254
-0.0076085
-0.0058536
-0.0042924
-0.0032662
-0.0023128
-0.0011721
0.0000008
0.0012433
0.0027373
0.0044279
0.0060826
0.0078631
0.0096954
0.0114747
0.0134873
0.0153481
0.0167350
0.0178015
0.0185376
0.0188519
0.0188164
0.0187058
0.0184330
0.0178741
0.0171896
0.0163367
0.0153656
0.0143853
0.0133599
0.0123661
0.0114925
0.0107972
0.0100540
0.0091976
0.0084075
0.0076173
0.0068214
0.0060020
0.0051818
0.0044619
0.0037699
0.0030904
0.0025243
0.0020928
0.0017251
0.0014339
0.0010918
0.0005222
-0.0001654
-0.0010765
-0.0021933
-0.0033145
-0.0044612
-0.0056983
-0.0069412
-0.0078872
-0.0083874
-0.0084674
-0.0081223
-0.0072589
-0.0059714
-0.0043998
-0.0027973
-0.0013816
0.0000780
0.0015542
0.0029578
0.0044388
0.0058934
0.0070866
0.0078158
0.0080809
0.0079028
0.0075152
0.0072306
0.0068104
0.0063455
0.0059898
0.0055847
0.0052025
0.0048266
0.0043524
0.0039492
0.0036594
0.0033012
0.0026835
0.0017854
0.0008370
-0.0002353
-0.0012945
-0.0021068
-0.0029761
-0.0039548
-0.0048217
-0.0054742
-0.0057769
-0.0058679
-0.0058226
-0.0055917
-0.0052496
-0.0046054
-0.0036598
-0.0025221
-0.0011657
0.0003350
0.0018432
0.0032095
0.0045141
0.0057984
0.0068092
0.0075152
0.0079736
0.0080265
0.0078756
0.0076615
0.0070995
0.0062749
0.0053179
0.0041452
0.0029701
0.0018399
0.0005990
-0.0006592
-0.0020455
-0.0036129
-0.0051726
-0.0066755
-0.0079133
-0.0084259
-0.0079777
-0.0066435
-0.0045684
-0.0021980
0.0001295
0.0024309
0.0045724
0.0062045
0.0071128
0.0073387
0.0069547
0.0060998
0.0048803
0.0033862
0.0018602
0.0003356
-0.0012420
-0.0028155
-0.0044585
-0.0061606
-0.0077456
-0.0089489
-0.0095943
-0.0097399
-0.0095467
-0.0091368
-0.0082298
-0.0066697
-0.0048601
-0.0029216
-0.0010269
0.0004352
0.0014880
0.0022023
0.0024900
0.0023892
0.0021260
0.0017290
0.0010685
0.0004367
-0.0000958
-0.0007746
-0.0014051
-0.0019170
-0.0022901
-0.0025097
-0.0026691
-0.0026724
-0.0024795
-0.0021440
-0.0016940
-0.0010930
-0.0003500
0.0003889
0.0011703
0.0020564
0.0029592
0.0037462
0.0041808
0.0043440
0.0044112
0.0043653
0.0040255
0.0034903
0.0028879
0.0020007
0.0009194
-0.0002822
-0.0016100
-0.0027733
-0.0036247
-0.0041865
-0.0043338
-0.0040064
-0.0033677
-0.0025950
-0.0016724
-0.0007028
0.0001311
0.0007203
0.0009956
0.0008106
0.0002616
-0.0003903
-0.0012317
-0.0021992
-0.0029433
-0.0031154
-0.0026961
-0.0017976
-0.0004377
0.0012824
0.0031153
0.0050189
0.0068496
0.0082386
0.0092428
0.0100160
0.0106168
0.0110523
0.0113175
0.0115308
0.0117938
0.0119253
0.0120621
0.0123932
0.0125152
0.0123478
0.0118482
0.0108776
0.0096007
0.0081409
0.0065167
0.0047103
0.0029209
0.0011543
-0.0006138
-0.0022188
-0.0037197
-0.0048766
-0.0056134
-0.0060594
-0.0062496
-0.0063692
-0.0063806
-0.0060956
-0.0055181
-0.0050148
-0.0046163
-0.0041087
-0.0037406
-0.0035470
-0.0034346
-0.0034285
-0.0034294
-0.0037073
-0.0042842
-0.0047759
-0.0052787
-0.0059201
-0.0066595
-0.0072441
-0.0075201
-0.0076448
-0.0074448
-0.0068821
-0.0060017
-0.0049814
-0.0042735
-0.0038173
-0.0034142
-0.0031844
-0.0029929
-0.0024883
-0.0016249
-0.0007672
-0.0000890
0.0005799
0.0011951
0.0016987
0.0022767
0.0028707
0.0028235
0.0021983
0.0015830
0.0010131
0.0007048
0.0009326
0.0016407
0.0026912
0.0039525
0.0053929
0.0068465
0.0082101
0.0095340
0.0105568
0.0110624
0.0112072
0.0110074
0.0103509
0.0094647
0.0082846
0.0068635
0.0055436
0.0043327
0.0032935
0.0023638
0.0014648
0.0006483
-0.0001477
-0.0007744
-0.0010455
-0.0009881
-0.0004743
0.0006037
0.0021714
0.0041073
0.0061286
0.0080911
0.0099116
0.0113927
0.0126193
0.0135020
0.0139246
0.0140459
0.0138992
0.0133774
0.0125207
0.0115501
0.0104854
0.0094060
0.0083469
0.0072056
0.0060236
0.0047836
0.0036337
0.0027342
0.0018561
0.0009132
-0.0000986
-0.0012536
-0.0023488
-0.0031698
-0.0038473
-0.0045008
-0.0052954
-0.0063366
-0.0073259
-0.0081290
-0.0086515
-0.0090516
-0.0095933
-0.0100529
-0.0104449
-0.0107133
-0.0108964
-0.0114976
-0.0123304
-0.0131774
-0.0140783
-0.0148326
-0.0155167
-0.0162672
-0.0168273
-0.0169078
-0.0166616
-0.0163518
-0.0162425
-0.0164968
-0.0170277
-0.0174784
-0.0177072
-0.0178031
-0.0176958
-0.0175734
-0.0174260
-0.0172595
-0.0169647
-0.0161694
-0.0151105
-0.0140439
-0.0129355
-0.0118849
-0.0109815
-0.0101817
-0.0095131
-0.0090072
-0.0085134
-0.0079150
-0.0072433
-0.0064716
-0.0055616
-0.0046192
-0.0038266
-0.0030255
-0.0021748
-0.0015270
-0.0011226
-0.0009190
-0.0009225
-0.0011343
-0.0013321
-0.0013760
-0.0012429
-0.0008763
-0.0002371
0.0005740
0.0014408
0.0025707
0.0040899
0.0058915
0.0080053
0.0101544
0.0120371
0.0138542
0.0155004
0.0168848
0.0179827
0.0186628
0.0190671
0.0191075
0.0188450
0.0184840
0.0180424
0.0176290
0.0171495
0.0163554
0.0152963
0.0141797
0.0129838
0.0117818
0.0105742
0.0093582
0.0082537
0.0072820
0.0065393
0.0060234
0.0057871
0.0058558
0.0060812
0.0063738
0.0068082
0.0074569
0.0081070
0.0084674
0.0084757
0.0081418
0.0075229
0.0067545
0.0059475
0.0052310
0.0046340
0.0040901
0.0036827
0.0035957
0.0038328
0.0042914
0.0049359
0.0056887
0.0063123
0.0067219
0.0069447
0.0069106
0.0066522
0.0061732
0.0053531
0.0042079
0.0028964
0.0014761
0.0001511
-0.0009601
-0.0019287
-0.0027522
-0.0034511
-0.0039163
-0.0041586
-0.0043809
-0.0045704
-0.0046692
-0.0046556
-0.0044662
-0.0041510
-0.0036891
-0.0030927
-0.0024905
-0.0019531
-0.0014029
-0.0008307
-0.0002556
0.0003441
0.0009465
0.0015873
0.0019972
0.0019753
0.0016431
0.0011178
0.0004578
-0.0003174
-0.0010870
-0.0017613
-0.0023433
-0.0027518
-0.0029888
-0.0031060
-0.0029734
-0.0025277
-0.0017478
-0.0007400
0.0003651
0.0013592
0.0020475
0.0027028
0.0032764
0.0035031
0.0034785
0.0033230
0.0031110
0.0029155
0.0027329
0.0023260
0.0016071
0.0008307
0.0000496
-0.0007994
-0.0016595
-0.0025459
-0.0034614
-0.0042660
-0.0047800
-0.0049667
-0.0050098
-0.0049402
-0.0046025
-0.0039566
-0.0029781
-0.0017660
-0.0004806
0.0007413
0.0018523
0.0028833
0.0036634
0.0041162
0.0042925
0.0042131
0.0038306
0.0030655
0.0020526
0.0009465
-0.0001739
-0.0013854
-0.0026915
-0.0038687
-0.0049324
-0.0060600
-0.0072678
-0.0084073
-0.0094193
-0.0103265
-0.0112395
-0.0122809
-0.0132473
-0.0140559
-0.0148890
-0.0157070
-0.0164503
-0.0171835
-0.0177794
-0.0180408
-0.0179030
-0.0173257
-0.0163928
-0.0151502
-0.0136548
-0.0121594
-0.0106954
-0.0092561
-0.0080254
-0.0070983
-0.0065152
-0.0063358
-0.0064308
-0.0066813
-0.0071641
-0.0077730
-0.0082121
-0.0084263
-0.0086158
-0.0087599
-0.0088694
-0.0090236
-0.0090136
-0.0087527
-0.0082067
-0.0072554
-0.0061182
-0.0049961
-0.0037939
-0.0025066
-0.0010943
0.0005891
0.0024608
0.0042604
0.0057667
0.0069200
0.0078654
0.0086322
0.0092217
0.0096637
0.0099365
0.0100843
0.0101914
0.0104856
0.0110151
0.0116146
0.0121632
0.0125457
0.0128851
0.0131982
0.0133561
0.0133223
0.0129940
0.0125309
0.0118840
0.0109649
0.0100212
0.0091823
0.0084912
0.0077558
0.0068938
0.0060333
0.0052090
0.0043680
0.0033645
0.0022441
0.0011605
0.0002389
-0.0004003
-0.0007571
-0.0008453
-0.0007316
-0.0004077
0.0001983
0.0010275
0.0018160
0.0022606
0.0023715
0.0022332
0.0019071
0.0014220
0.0008603
0.0004664
0.0003014
0.0003510
0.0007753
0.0015904
0.0026000
0.0034685
0.0038765
0.0039256
0.0038232
0.0036938
0.0037004
0.0038763
0.0040344
0.0040868
0.0042552
0.0046221
0.0051383
0.0055803
0.0057187
0.0056364
0.0053731
0.0048954
0.0043096
0.0037565
0.0030621
0.0020551
0.0009041
-0.0001122
-0.0009380
-0.0016384
-0.0022353
-0.0026401
-0.0027513
-0.0027287
-0.0027492
-0.0030126
-0.0035661
-0.0041763
-0.0045929
-0.0048094
-0.0050806
-0.0054637
-0.0058184
-0.0060602
-0.0061785
-0.0063260
-0.0066504
-0.0071051
-0.0076250
-0.0082330
-0.0089323
-0.0097964
-0.0107514
-0.0115275
-0.0120939
-0.0124634
-0.0126230
-0.0126630
-0.0126706
-0.0126828
-0.0126323
-0.0124508
-0.0120995
-0.0115145
-0.0105736
-0.0090412
-0.0070977
-0.0051509
-0.0032545
-0.0014008
0.0003804
0.0020330
0.0034869
0.0046237
0.0053480
0.0057897
0.0061179
0.0064689
0.0068866
0.0073225
0.0077182
0.0079182
0.0080401
0.0083424
0.0087629
0.0090816
0.0089656
0.0084942
0.0080467
0.0076658
0.0072370
0.0067173
0.0063732
0.0062599
0.0061344
0.0060205
0.0059381
0.0057824
0.0055012
0.0051134
0.0047070
0.0042743
0.0037293
0.0031406
0.0026872
0.0024097
0.0021474
0.0017624
0.0012408
0.0005447
-0.0004152
-0.0016169
-0.0029527
-0.0042646
-0.0053729
-0.0063558
-0.0073128
-0.0080375
-0.0083701
-0.0084819
-0.0085993
-0.0086939
-0.0086259
-0.0083900
-0.0080109
-0.0076363
-0.0073988
-0.0071653
-0.0068514
-0.0063435
-0.0057366
-0.0051751
-0.0044900
-0.0036843
-0.0028109
-0.0019946
-0.0015035
-0.0014044
-0.0016798
-0.0022607
-0.0028498
-0.0031796
-0.0032275
-0.0029506
-0.0023930
-0.0018226
-0.0013465
-0.0010193
-0.0008250
-0.0004824
0.0000163
0.0005023
0.0011035
0.0016624
0.0018817
0.0019236
0.0018627
0.0016579
0.0012799
0.0006779
-0.0000804
-0.0008907
-0.0016917
-0.0025086
-0.0033732
-0.0041681
-0.0046555
-0.0048818
-0.0050438
-0.0052526
-0.0055332
-0.0058076
-0.0060504
-0.0063267
-0.0066098
-0.0066419
-0.0062644
-0.0055920
-0.0048750
-0.0041171
-0.0031183
-0.0019451
-0.0006263
0.0008943
0.0023718
0.0036028
0.0046831
0.0055739
0.0062665
0.0068868
0.0074408
0.0079666
0.0083702
0.0085256
0.0085441
0.0085440
0.0085395
0.0085662
0.0085479
0.0083799
0.0080326
0.0075204
0.0069725
0.0064406
0.0059137
0.0054215
0.0048919
0.0042115
0.0034513
0.0027421
0.0020788
0.0014108
0.0007067
0.0000239
-0.0005970
-0.0012570
-0.0019413
-0.0024882
-0.0028300
-0.0029864
-0.0029316
-0.0026825
-0.0023086
-0.0018890
-0.0015128
-0.0013173
-0.0013936
-0.0018237
-0.0027340
-0.0039541
-0.0051357
-0.0060886
-0.0069261
-0.0078900
-0.0090416
-0.0101416
-0.0108564
-0.0110755
-0.0109043
-0.0104114
-0.0094041
-0.0078743
-0.0061463
-0.0044532
-0.0028712
-0.0014514
-0.0002708
0.0006818
0.0015242
0.0023799
0.0032090
0.0038854
0.0044724
0.0050692
0.0057373
0.0063690
0.0065928
0.0063514
0.0057409
0.0046512
0.0031175
0.0014264
-0.0001531
-0.0015517
-0.0026948
-0.0035262
-0.0040739
-0.0043792
-0.0046201
-0.0049251
-0.0052262
-0.0054553
-0.0055748
-0.0056419
-0.0055933
-0.0053087
-0.0049226
-0.0045992
-0.0043970
-0.0042746
-0.0041268
-0.0038215
-0.0034515
-0.0031699
-0.0029259
-0.0026881
-0.0023188
-0.0016861
-0.0008239
0.0002378
0.0014119
0.0026863
0.0041191
0.0056612
0.0072851
0.0089766
0.0106617
0.0123772
0.0141657
0.0159363
0.0175498
0.0190380
0.0205689
0.0220008
0.0231505
0.0239721
0.0243452
0.0243777
0.0243104
0.0240251
0.0233063
0.0221368
0.0205952
0.0189493
0.0174607
0.0161148
0.0147045
0.0130367
0.0111963
0.0093137
0.0074095
0.0055323
0.0037082
0.0020257
0.0004355
-0.0009753
-0.0020131
-0.0029033
-0.0038348
-0.0047712
-0.0056476
-0.0065940
-0.0077496
-0.0089508
-0.0099314
-0.0106167
-0.0112265
-0.0119705
-0.0128916
-0.0137905
-0.0145324
-0.0152524
-0.0159993
-0.0167015
-0.0173136
-0.0179249
-0.0185599
-0.0189994
-0.0191380
-0.0190986
-0.0189742
-0.0186551
-0.0179819
-0.0169527
-0.0156632
-0.0143569
-0.0131265
-0.0119063
-0.0107048
-0.0094997
-0.0083820
-0.0073719
-0.0062853
-0.0051577
-0.0041132
-0.0030060
-0.0018373
-0.0007462
0.0001956
0.0009593
0.0014988
0.0018122
0.0020201
0.0022022
0.0024721
0.0027873
0.0029364
0.0028739
0.0026634
0.0024180
0.0022345
0.0021432
0.0021720
0.0022102
0.0021944
0.0021573
0.0021377
0.0021202
0.0020770
0.0020352
0.0019476
0.0020006
0.0024072
0.0031004
0.0039421
0.0048787
0.0059182
0.0069600
0.0078628
0.0084536
0.0087135
0.0087636
0.0086239
0.0084042
0.0081455
0.0079181
0.0078705
0.0078478
0.0076592
0.0071759
0.0064538
0.0057371
0.0050264
0.0041825
0.0031612
0.0021156
0.0012272
0.0004564
-0.0002110
-0.0006967
-0.0009797
-0.0010189
-0.0009032
-0.0008024
-0.0007717
-0.0007776
-0.0008199
-0.0009339
-0.0010634
-0.0012457
-0.0015026
-0.0017512
-0.0021100
-0.0027732
-0.0036387
-0.0045003
-0.0052783
-0.0059221
-0.0066201
-0.0075235
-0.0083519
-0.0087808
-0.0087902
-0.0086406
-0.0085860
-0.0085477
-0.0082268
-0.0074921
-0.0064802
-0.0055235
-0.0047813
-0.0039884
-0.0029786
-0.0019003
-0.0010970
-0.0008017
-0.0009024
-0.0013010
-0.0020454
-0.0030134
-0.0038468
-0.0043717
-0.0046604
-0.0048237
-0.0049401
-0.0049354
-0.0048134
-0.0047175
-0.0046859
-0.0046736
-0.0045293
-0.0043244
-0.0041906
-0.0039735
-0.0036103
-0.0029433
-0.0018069
-0.0003059
0.0014931
0.0034686
0.0054635
0.0072088
0.0083827
0.0089327
0.0088395
0.0083211
0.0076429
0.0068000
0.0058044
0.0047646
0.0039782
0.0035899
0.0035133
0.0036713
0.0040416
0.0046852
0.0055498
0.0063505
0.0067450
0.0067796
0.0066690
0.0065502
0.0066243
0.0068749
0.0072593
0.0077255
0.0081970
0.0086568
0.0088501
0.0086688
0.0082530
0.0078396
0.0076638
0.0077120
0.0077482
0.0076339
0.0073308
0.0067796
0.0062214
0.0058711
0.0056349
0.0053647
0.0050825
0.0048841
0.0047081
0.0044770
0.0040853
0.0033260
0.0020750
0.0004384
-0.0013672
-0.0031477
-0.0048221
-0.0064328
-0.0079624
-0.0092276
-0.0099745
-0.0100406
-0.0093758
-0.0081390
-0.0067484
-0.0056629
-0.0048749
-0.0040331
-0.0029440
-0.0017451
-0.0007621
-0.0001165
0.0001994
0.0002730
0.0000459
-0.0005174
-0.0012631
-0.0021687
-0.0031478
-0.0040604
-0.0048593
-0.0057256
-0.0068447
-0.0080758
-0.0092946
-0.0104509
-0.0113341
-0.0118138
-0.0119598
-0.0117581
-0.0111743
-0.0102817
-0.0093811
-0.0087222
-0.0081718
-0.0076096
-0.0070315
-0.0064917
-0.0060377
-0.0056268
-0.0051785
-0.0047005
-0.0042448
-0.0038756
-0.0037724
-0.0039581
-0.0042574
-0.0045210
-0.0046824
-0.0047042
-0.0046617
-0.0046293
-0.0045755
-0.0044397
-0.0041858
-0.0040980
-0.0042796
-0.0045989
-0.0049316
-0.0050107
-0.0048195
-0.0042860
-0.0033467
-0.0021549
-0.0008768
0.0003015
0.0013406
0.0023081
0.0032281
0.0039788
0.0045099
0.0050244
0.0055766
0.0059308
0.0060274
0.0059901
0.0059542
0.0059320
0.0057924
0.0054706
0.0049917
0.0044211
0.0037530
0.0029282
0.0018381
0.0004056
-0.0012564
-0.0029582
-0.0044787
-0.0058114
-0.0070274
-0.0079825
-0.0085550
-0.0087062
-0.0086390
-0.0084264
-0.0078671
-0.0070459
-0.0063189
-0.0057155
-0.0049336
-0.0039085
-0.0027841
-0.0018092
-0.0011402
-0.0005761
0.0000020
0.0005096
0.0009115
0.0010253
0.0008156
0.0003873
-0.0002575
-0.0008764
-0.0012622
-0.0014703
-0.0015666
-0.0015669
-0.0014836
-0.0013087
-0.0009321
-0.0002246
0.0008138
0.0021634
0.0036463
0.0049884
0.0061959
0.0073377
0.0083336
0.0091270
0.0095971
0.0096540
0.0095237
0.0092958
0.0088435
0.0081223
0.0070855
0.0056560
0.0039060
0.0021552
0.0006402
-0.0006373
-0.0017535
-0.0027527
-0.0035223
-0.0040024
-0.0042191
-0.0040929
-0.0037211
-0.0032788
-0.0027721
-0.0021967
-0.0015751
-0.0010171
-0.0005409
-0.0000192
0.0003555
0.0004423
0.0004689
0.0005174
0.0005623
0.0006171
0.0006574
0.0006868
0.0007202
0.0008225
0.0011779
0.0018200
0.0025169
0.0031417
0.0037769
0.0044716
0.0051391
0.0056223
0.0059266
0.0060805
0.0060961
0.0061097
0.0060536
0.0058311
0.0055351
0.0051719
0.0047635
0.0043541
0.0037899
0.0029923
0.0020809
0.0011622
0.0001989
-0.0007989
-0.0018171
-0.0029063
-0.0039268
-0.0047127
-0.0051781
-0.0053628
-0.0053360
-0.0051159
-0.0048774
-0.0047133
-0.0046130
-0.0047017
-0.0049407
-0.0052352
-0.0055318
-0.0057032
-0.0057500
-0.0057218
-0.0056600
-0.0054899
-0.0049327
-0.0039088
-0.0025778
-0.0011500
0.0002290
0.0015927
0.0028889
0.0040632
0.0052401
0.0063839
0.0074018
0.0083397
0.0091067
0.0096371
0.0099205
0.0099306
0.0096248
0.0089194
0.0078148
0.0063170
0.0045562
0.0027794
0.0010476
-0.0007062
-0.0023217
-0.0035796
-0.0045262
-0.0052884
-0.0059203
-0.0065123
-0.0071245
-0.0077023
-0.0081274
-0.0081601
-0.0076657
-0.0068063
-0.0059485
-0.0052985
-0.0046936
-0.0039841
-0.0032182
-0.0025737
-0.0022464
-0.0023611
-0.0027664
-0.0031194
-0.0033573
-0.0036727
-0.0041092
-0.0045259
-0.0047913
-0.0048367
-0.0047916
-0.0047758
-0.0047868
-0.0047699
-0.0045589
-0.0042111
-0.0039177
-0.0036752
-0.0033889
-0.0029302
-0.0022333
-0.0013442
-0.0003571
0.0007393
0.0021006
0.0037378
0.0055064
0.0072482
0.0088326
0.0101318
0.0110826
0.0117136
0.0119806
0.0119474
0.0116810
0.0111536
0.0104968
0.0100143
0.0098323
0.0097719
0.0097254
0.0097023
0.0095898
0.0091422
0.0084495
0.0078284
0.0073575
0.0069359
0.0064837
0.0060081
0.0053575
0.0043554
0.0030385
0.0015131
-0.0002536
-0.0022538
-0.0041962
-0.0058878
-0.0074570
-0.0088725
-0.0097814
-0.0101110
-0.0100515
-0.0097236
-0.0091571
-0.0083260
-0.0073725
-0.0065149
-0.0059279
-0.0055804
-0.0052420
-0.0047452
-0.0039970
-0.0031334
-0.0021739
-0.0010075
0.0002213
0.0012731
0.0019284
0.0021426
0.0019166
0.0012570
0.0002798
-0.0008337
-0.0019043
-0.0027580
-0.0032892
-0.0035190
-0.0034383
-0.0029915
-0.0021541
-0.0010197
0.0002499
0.0015769
0.0029332
0.0043201
0.0056570
0.0067292
0.0073961
0.0077173
0.0079373
0.0081778
0.0084011
0.0085559
0.0086006
0.0085084
0.0082618
0.0080200
0.0079132
0.0080144
0.0083571
0.0087353
0.0090140
0.0092771
0.0096272
0.0101389
0.0107754
0.0112999
0.0114976
0.0113755
0.0109353
0.0102795
0.0096440
0.0090462
0.0084672
0.0078618
0.0070793
0.0060503
0.0048988
0.0036774
0.0022769
0.0008002
-0.0006884
-0.0022356
-0.0035894
-0.0045235
-0.0050799
-0.0053574
-0.0055023
-0.0056027
-0.0056641
-0.0056522
-0.0054636
-0.0049863
-0.0042457
-0.0034717
-0.0028109
-0.0021874
-0.0016517
-0.0013568
-0.0012819
-0.0012767
-0.0013328
-0.0016684
-0.0022981
-0.0030507
-0.0038049
-0.0044397
-0.0049255
-0.0053135
-0.0057153
-0.0062960
-0.0071198
-0.0078953
-0.0081684
-0.0077369
-0.0067150
-0.0054963
-0.0042373
-0.0027258
-0.0008511
0.0011813
0.0030737
0.0047713
0.0062089
0.0072365
0.0079154
0.0085656
0.0092532
0.0096871
0.0096766
0.0091648
0.0084616
0.0080583
0.0080399
0.0081757
0.0082513
0.0082220
0.0081227
0.0080529
0.0081583
0.0084836
0.0089761
0.0094897
0.0097846
0.0097896
0.0095708
0.0090828
0.0084060
0.0076658
0.0067523
0.0055728
0.0042089
0.0028940
0.0017838
0.0008246
-0.0000197
-0.0008567
-0.0018719
-0.0031162
-0.0044015
-0.0054900
-0.0064427
-0.0074022
-0.0083474
-0.0092375
-0.0100117
-0.0107049
-0.0113977
-0.0119323
-0.0121839
-0.0122324
-0.0122025
-0.0121131
-0.0118278
-0.0112405
-0.0104011
-0.0095346
-0.0088034
-0.0081685
-0.0075476
-0.0069341
-0.0064307
-0.0061583
-0.0062308
-0.0064835
-0.0065026
-0.0062347
-0.0058447
-0.0055343
-0.0054206
-0.0052831
-0.0050316
-0.0047199
-0.0043431
-0.0039284
-0.0035149
-0.0030364
-0.0023047
-0.0013418
-0.0003579
0.0004959
0.0012338
0.0018734
0.0023305
0.0024762
0.0021993
0.0014987
0.0004964
-0.0006330
-0.0018373
-0.0030498
-0.0040737
-0.0047591
-0.0051270
-0.0052441
-0.0052184
-0.0050823
-0.0047376
-0.0041291
-0.0032411
-0.0021851
-0.0011541
-0.0002284
0.0006663
0.0016315
0.0027415
0.0039302
0.0050044
0.0058231
0.0063897
0.0068475
0.0072925
0.0077031
0.0079675
0.0079578
0.0077310
0.0075376
0.0075668
0.0078242
0.0081934
0.0084878
0.0086431
0.0087820
0.0089350
0.0090208
0.0089755
0.0087611
0.0084161
0.0081237
0.0078915
0.0074641
0.0067708
0.0059320
0.0051459
0.0044610
0.0037214
0.0027607
0.0015309
0.0001867
-0.0011438
-0.0024224
-0.0037176
-0.0051490
-0.0067240
-0.0083344
-0.0097862
-0.0110024
-0.0120390
-0.0128793
-0.0133912
-0.0135672
-0.0135298
-0.0132334
-0.0125730
-0.0115639
-0.0103547
-0.0091770
-0.0081354
-0.0071257
-0.0061134
-0.0052564
-0.0046336
-0.0041187
-0.0036137
-0.0031757
-0.0027440
-0.0021736
-0.0014424
-0.0006877
-0.0000686
0.0004081
0.0007317
0.0009396
0.0010768
0.0011261
0.0011138
0.0010016
0.0007622
0.0005131
0.0004474
0.0006860
0.0012373
0.0020519
0.0029415
0.0036956
0.0042911
0.0047518
0.0050214
0.0050485
0.0049225
0.0048310
0.0048621
0.0049679
0.0050915
0.0053091
0.0056725
0.0060555
0.0063096
0.0062615
0.0058683
0.0053234
0.0047696
0.0042576
0.0038057
0.0035367
0.0036087
0.0039891
0.0045918
0.0052974
0.0059958
0.0066123
0.0070611
0.0072745
0.0072376
0.0069804
0.0064600
0.0057049
0.0047680
0.0035766
0.0022327
0.0009312
-0.0003108
-0.0015211
-0.0026662
-0.0036818
-0.0045514
-0.0053459
-0.0061288
-0.0067898
-0.0072463
-0.0075604
-0.0077644
-0.0078035
-0.0076120
-0.0073450
-0.0070891
-0.0066750
-0.0060674
-0.0053949
-0.0047203
-0.0040156
-0.0031906
-0.0021737
-0.0010823
-0.0001480
0.0004615
0.0007658
0.0009413
0.0010779
0.0010874
0.0009398
0.0006986
0.0003808
-0.0000287
-0.0005699
-0.0011602
-0.0015786
-0.0017335
-0.0017086
-0.0016510
-0.0016764
-0.0017019
-0.0015414
-0.0010881
-0.0003664
0.0003942
0.0009670
0.0014220
0.0018634
0.0021086
0.0019535
0.0014730
0.0009692
0.0005878
0.0001905
-0.0003107
-0.0009219
-0.0017015
-0.0026634
-0.0036425
-0.0044758
-0.0052208
-0.0060232
-0.0068553
-0.0074883
-0.0077826
-0.0078135
-0.0077592
-0.0077602
-0.0078306
-0.0078980
-0.0079695
-0.0080564
-0.0080635
-0.0079607
-0.0076845
-0.0070954
-0.0061345
-0.0049228
-0.0037660
-0.0027776
-0.0018275
-0.0008918
-0.0000463
0.0007295
0.0014024
0.0018381
0.0020435
0.0021154
0.0021200
0.0021050
0.0020631
0.0019332
0.0017461
0.0015972
0.0015646
0.0016823
0.0019151
0.0021288
0.0022125
0.0021806
0.0021355
0.0022371
0.0025606
0.0030610
0.0035756
0.0040676
0.0046967
0.0054461
0.0061295
0.0066274
0.0069238
0.0069968
0.0068051
0.0064637
0.0061488
0.0059449
0.0057815
0.0054818
0.0050512
0.0044656
0.0036409
0.0028066
0.0021787
0.0017065
0.0013812
0.0012038
0.0011250
0.0010981
0.0010975
0.0012119
0.0014590
0.0017400
0.0019352
0.0019897
0.0019780
0.0019960
0.0021441
0.0024643
0.0027892
0.0029206
0.0027857
0.0023119
0.0015106
0.0004850
-0.0006881
-0.0018976
-0.0030037
-0.0038816
-0.0044524
-0.0046647
-0.0045352
-0.0041351
-0.0034818
-0.0028246
-0.0025075
-0.0025072
-0.0027033
-0.0031251
-0.0036919
-0.0042085
-0.0045261
-0.0046312
-0.0046346
-0.0045575
-0.0044110
-0.0042815
-0.0041408
-0.0038571
-0.0034937
-0.0031624
-0.0028238
-0.0025244
-0.0022803
-0.0018783
-0.0012369
-0.0006160
-0.0001909
0.0001049
0.0003088
0.0004165
0.0004726
0.0005022
0.0005188
0.0005453
0.0005571
0.0005447
0.0005975
0.0007789
0.0011006
0.0015241
0.0019263
0.0022097
0.0023720
0.0024663
0.0025711
0.0027671
0.0030197
0.0032164
0.0032582
0.0031360
0.0029405
0.0025986
0.0020282
0.0014111
0.0008397
0.0002760
-0.0002112
-0.0004978
-0.0005212
-0.0004261
-0.0003848
-0.0004696
-0.0007128
-0.0010699
-0.0014567
-0.0018084
-0.0020947
-0.0022721
-0.0023399
-0.0023603
-0.0023750
-0.0024141
-0.0024863
-0.0025778
-0.0026977
-0.0028177
-0.0029266
-0.0030880
-0.0034150
-0.0038758
-0.0042175
-0.0043228
-0.0042752
-0.0041990
-0.0041827
-0.0042081
-0.0042205
-0.0042153
-0.0041840
-0.0040406
-0.0036767
-0.0031350
-0.0026347
-0.0023390
-0.0021115
-0.0016696
-0.0009680
-0.0001784
0.0005733
0.0011272
0.0013244
0.0012907
0.0012589
0.0013480
0.0015960
0.0019504
0.0023031
0.0025619
0.0027388
0.0028829
0.0029681
0.0029963
0.0030095
0.0029972
0.0030018
0.0032025
0.0036254
0.0041613
0.0047725
0.0053748
0.0058984
0.0063433
0.0067653
0.0071819
0.0075260
0.0076662
0.0074829
0.0071412
0.0068809
0.0067038
0.0065371
0.0063171
0.0059094
0.0052086
0.0043395
0.0035235
0.0027961
0.0021690
0.0016520
0.0011625
0.0007021
0.0002041
-0.0003560
-0.0007167
-0.0006874
-0.0003194
0.0001807
0.0005590
0.0007690
0.0009609
0.0012783
0.0017076
0.0020756
0.0023100
0.0024275
0.0024616
0.0025061
0.0025981
0.0027261
0.0028725
0.0029901
0.0029913
0.0028339
0.0026137
0.0024656
0.0023740
0.0022073
0.0019461
0.0017032
0.0015183
0.0012103
0.0006555
-0.0000016
-0.0007027
-0.0013686
-0.0017918
-0.0019366
-0.0019189
-0.0018988
-0.0019207
-0.0018936
-0.0016869
-0.0012765
-0.0009044
-0.0007931
-0.0008540
-0.0008665
-0.0007626
-0.0005694
-0.0003268
0.0000024
0.0005314
0.0011330
0.0017285
0.0024129
0.0031679
0.0038909
0.0043495
0.0043381
0.0038578
0.0030085
0.0019496
0.0008219
-0.0002608
-0.0011288
-0.0017043
-0.0020731
-0.0023264
-0.0023923
-0.0022435
-0.0020419
-0.0018907
-0.0017594
-0.0016114
-0.0014905
-0.0014395
-0.0014290
-0.0014847
-0.0016358
-0.0017586
-0.0016903
-0.0014127
-0.0011458
-0.0011174
-0.0013352
-0.0016583
-0.0018920
-0.0020021
-0.0021541
-0.0023623
-0.0024212
-0.0022121
-0.0017580
-0.0011409
-0.0004561
0.0001542
0.0005611
0.0008737
0.0012425
0.0016950
0.0021922
0.0025672
0.0027462
0.0028312
0.0028852
0.0029135
0.0028974
0.0028324
0.0027479
0.0026825
0.0026727
0.0026900
0.0026634
0.0025409
0.0022440
0.0017524
0.0011155
0.0004688
-0.0000433
-0.0005323
-0.0011252
-0.0017526
-0.0024132
-0.0031049
-0.0037073
-0.0042083
-0.0047540
-0.0055114
-0.0063640
-0.0070415
-0.0074929
-0.0078187
-0.0081761
-0.0085965
-0.0089288
-0.0090969
-0.0091265
-0.0090091
-0.0087393
-0.0084031
-0.0080423
-0.0076815
-0.0073808
-0.0069793
-0.0062564
-0.0053221
-0.0045019
-0.0040113
-0.0038614
-0.0038689
-0.0038004
-0.0034499
-0.0027446
-0.0019552
-0.0013080
-0.0007487
-0.0002188
0.0003480
0.0009540
0.0014486
0.0016989
0.0016439
0.0012680
0.0007236
0.0003152
0.0002009
0.0002831
0.0003905
0.0005225
0.0008743
0.0014628
0.0021115
0.0028533
0.0036635
0.0042732
0.0045700
0.0046731
0.0047423
0.0048649
0.0051134
0.0055070
0.0060354
0.0066847
0.0073224
0.0079406
0.0085453
0.0089650
0.0090796
0.0088202
0.0082624
0.0077115
0.0073680
0.0071499
0.0069494
0.0067690
0.0066106
0.0064829
0.0064069
0.0063214
0.0061235
0.0057955
0.0053418
0.0047220
0.0039668
0.0031575
0.0023890
0.0017160
0.0011596
0.0006912
0.0003376
0.0001901
0.0002247
0.0003190
0.0003307
0.0002770
0.0002373
0.0002238
0.0002408
0.0002743
0.0002441
0.0000051
-0.0005173
-0.0011538
-0.0017154
-0.0022625
-0.0028799
-0.0034419
-0.0038179
-0.0040391
-0.0041695
-0.0042495
-0.0042896
-0.0043044
-0.0043158
-0.0043435
-0.0043564
-0.0043444
-0.0042584
-0.0039571
-0.0033735
-0.0025928
-0.0019175
-0.0013864
-0.0007837
-0.0002090
0.0002261
0.0005189
0.0006046
0.0004747
0.0002786
0.0001974
0.0001996
0.0001959
0.0001696
0.0001754
0.0002423
0.0002907
0.0003053
0.0003220
0.0003190
0.0003034
0.0003057
0.0002405
0.0000469
-0.0002331
-0.0005498
-0.0008531
-0.0011467
-0.0013960
-0.0016118
-0.0018940
-0.0021604
-0.0023303
-0.0023987
-0.0023707
-0.0022876
-0.0021121
-0.0018584
-0.0016649
-0.0016325
-0.0016870
-0.0017166
-0.0017589
-0.0019631
-0.0024408
-0.0030200
-0.0033861
-0.0035054
-0.0035100
-0.0034694
-0.0034053
-0.0032191
-0.0027585
-0.0020157
-0.0010729
-0.0000980
0.0006902
0.0013039
0.0019021
0.0025669
0.0032422
0.0037406
0.0040329
0.0044200
0.0051682
0.0061684
0.0071045
0.0077430
0.0081100
0.0083920
0.0086461
0.0087285
0.0085374
0.0082207
0.0079513
0.0078066
0.0077899
0.0077669
0.0075717
0.0071635
0.0066482
0.0062246
0.0059227
0.0054815
0.0047697
0.0038912
0.0030536
0.0024600
0.0020616
0.0016509
0.0012144
0.0009060
0.0007194
0.0005035
0.0000966
-0.0004672
-0.0009142
-0.0011292
-0.0012100
-0.0012956
-0.0015037
-0.0018464
-0.0022451
-0.0025556
-0.0026206
-0.0023733
-0.0018798
-0.0013812
-0.0010272
-0.0006381
-0.0001290
0.0003476
0.0006650
0.0008057
0.0009057
0.0011100
0.0013950
0.0017163
0.0020491
0.0021988
0.0020164
0.0016068
0.0011341
0.0006867
0.0002717
-0.0002980
-0.0008595
-0.0011772
-0.0012486
-0.0011969
-0.0011750
-0.0011996
-0.0011363
-0.0009393
-0.0007210
-0.0005012
-0.0002798
-0.0000667
0.0001709
0.0002853
0.0000495
-0.0005391
-0.0011563
-0.0014807
-0.0015883
-0.0018356
-0.0023684
-0.0029391
-0.0032689
-0.0033256
-0.0032504
-0.0031765
-0.0031115
-0.0029269
-0.0025585
-0.0019912
-0.0011639
-0.0001758
0.0006881
0.0012708
0.0016708
0.0019778
0.0021548
0.0021966
0.0021721
0.0020816
0.0018193
0.0013604
0.0007768
0.0000320
-0.0009514
-0.0020622
-0.0030749
-0.0039883
-0.0049861
-0.0059329
-0.0066341
-0.0071875
-0.0076581
-0.0080364
-0.0082676
-0.0083553
-0.0083787
-0.0083446
-0.0081476
-0.0077156
-0.0071820
-0.0066842
-0.0061663
-0.0054803
-0.0046842
-0.0040403
-0.0036156
-0.0032903
-0.0028924
-0.0022802
-0.0016115
-0.0011862
-0.0010974
-0.0011790
-0.0012298
-0.0011868
-0.0011103
-0.0010453
-0.0009856
-0.0009927
-0.0010492
-0.0010728
-0.0010687
-0.0010591
-0.0010487
-0.0010409
-0.0010516
-0.0010660
-0.0010490
-0.0010281
-0.0009697
-0.0007909
-0.0004698
0.0000304
0.0005901
0.0010706
0.0015340
0.0020643
0.0026639
0.0031806
0.0033656
0.0031137
0.0025806
0.0020410
0.0016569
0.0014342
0.0013370
0.0012608
0.0011304
0.0010066
0.0009865
0.0011977
0.0016260
0.0020567
0.0023703
0.0026380
0.0029960
0.0034203
0.0037316
0.0037520
0.0034129
0.0029055
0.0024761
0.0022355
0.0022110
0.0022696
0.0022646
0.0021783
0.0019758
0.0016365
0.0012428
0.0007986
0.0002107
-0.0004322
-0.0009677
-0.0013871
-0.0016831
-0.0018617
-0.0020919
-0.0024385
-0.0027506
-0.0030145
-0.0032938
-0.0034391
-0.0033037
-0.0029898
-0.0026760
-0.0023994
-0.0021008
-0.0018112
-0.0015824
-0.0015381
-0.0018432
-0.0023359
-0.0027674
-0.0030509
-0.0031693
-0.0032164
-0.0032981
-0.0034173
-0.0035748
-0.0037902
-0.0039364
-0.0039249
-0.0038845
-0.0039045
-0.0040492
-0.0043164
-0.0044589
-0.0042490
-0.0036838
-0.0029605
-0.0022858
-0.0017200
-0.0011361
-0.0003516
0.0005975
0.0015672
0.0024838
0.0033408
0.0041284
0.0047586
0.0051770
0.0053884
0.0054052
0.0053629
0.0053492
0.0052508
0.0049724
0.0045546
0.0041517
0.0038796
0.0036432
0.0032796
0.0027839
0.0022674
0.0017108
0.0009739
0.0001237
-0.0006715
-0.0013781
-0.0019983
-0.0025639
-0.0031300
-0.0036440
-0.0040234
-0.0042557
-0.0043496
-0.0043679
-0.0043728
-0.0043720
-0.0044145
-0.0045842
-0.0048769
-0.0051715
-0.0054389
-0.0057651
-0.0060696
-0.0062101
-0.0061834
-0.0060990
-0.0060491
-0.0060302
-0.0059999
-0.0058709
-0.0056187
-0.0053002
-0.0049938
-0.0047386
-0.0044955
-0.0042628
-0.0040083
-0.0036742
-0.0032760
-0.0028307
-0.0023555
-0.0018998
-0.0015309
-0.0013420
-0.0013273
-0.0013815
-0.0015011
-0.0015768
-0.0014423
-0.0011732
-0.0008556
-0.0004597
0.0000190
0.0005455
0.0011140
0.0017307
0.0023401
0.0028877
0.0033951
0.0039418
0.0045663
0.0051660
0.0057142
0.0061941
0.0064653
0.0065221
0.0064683
0.0064080
0.0062964
0.0059486
0.0054006
0.0048346
0.0042873
0.0037538
0.0032632
0.0028486
0.0024970
0.0021616
0.0018834
0.0016560
0.0014349
0.0012349
0.0010387
0.0009007
0.0008888
0.0009761
0.0011475
0.0013273
0.0014197
0.0014567
0.0014436
0.0013367
0.0011664
0.0009441
0.0006234
0.0002049
-0.0002481
-0.0006950
-0.0010690
-0.0012840
-0.0013511
-0.0013971
-0.0015367
-0.0017434
-0.0019050
-0.0019402
-0.0019173
-0.0019943
-0.0022233
-0.0024897
-0.0026525
-0.0026713
-0.0025402
-0.0023015
-0.0020184
-0.0017092
-0.0014101
-0.0011454
-0.0008929
-0.0006581
-0.0004996
-0.0004025
-0.0002823
-0.0001063
0.0001164
0.0003820
0.0006966
0.0010013
0.0012366
0.0014557
0.0017153
0.0019992
0.0022869
0.0025310
0.0026644
0.0026866
0.0026056
0.0024308
0.0022099
0.0020043
0.0018420
0.0016959
0.0015598
0.0014182
0.0012901
0.0012456
0.0012397
0.0012201
0.0012206
0.0012711
0.0013508
0.0014188
0.0014834
0.0015722
0.0016557
0.0016433
0.0015118
0.0013562
0.0012597
0.0012442
0.0012964
0.0013680
0.0014052
0.0013691
0.0012633
0.0011625
0.0011392
0.0011812
0.0012177
0.0012284
0.0012572
0.0013276
0.0014147
0.0014475
0.0013765
0.0012692
0.0012293
0.0012530
0.0013048
0.0013711
0.0014128
0.0014484
0.0015427
0.0017051
0.0018696
0.0019416
0.0018591
0.0016421
0.0014055
0.0012571
0.0012076
0.0011923
0.0011311
0.0009960
0.0008563
0.0007733
0.0007453
0.0007338
0.0006672
0.0005026
0.0002629
0.0000379
-0.0000996
-0.0001806
-0.0002683
-0.0003592
-0.0004189
-0.0004337
-0.0004308
-0.0004291
-0.0004292
-0.0004324
-0.0004049
-0.0003233
-0.0002126
-0.0000938
0.0000512
0.0002292
0.0004082
0.0005321
0.0006020
0.0006627
0.0007375
0.0007950
0.0007609
0.0006524
0.0005386
0.0004453
0.0003547
0.0002382
0.0000810
-0.0001415
-0.0004064
-0.0006627
-0.0008912
-0.0010859
-0.0012774
-0.0014493
-0.0015544
-0.0015924
-0.0015641
-0.0015030
-0.0014174
-0.0012938
-0.0011801
-0.0011158
-0.0010779
-0.0010630
-0.0010647
-0.0010392
-0.0010022
-0.0009591
-0.0008843
-0.0007895
-0.0007023
-0.0006419
-0.0005829
-0.0005036
-0.0004655
-0.0005090
-0.0005781
-0.0006064
-0.0005883
-0.0005563
-0.0005248
-0.0005051
-0.0005043
-0.0005014
-0.0004710
-0.0004044
-0.0003032
-0.0002034
-0.0001350
-0.0000869
-0.0000514
-0.0000288
-0.0000286
-0.0000455
-0.0000561
-0.0000756
-0.0001265
-0.0002029
-0.0002805
-0.0003216
-0.0003205
-0.0002757
-0.0001758
-0.0000419
0.0001026
0.0002434
0.0003603
0.0004490
0.0005255
0.0006066
0.0006990
0.0007900
0.0008610
0.0009011
0.0009016
0.0008715
0.0008293
0.0007855
0.0007417
0.0006959
0.0006491
0.0005959
0.0005322
0.0004645
0.0003945
0.0003180
0.0002334
0.0001423
0.0000512
-0.0000289
-0.0000915
-0.0001468
-0.0001985
-0.0002372
-0.0002725
-0.0003145
-0.0003418
-0.0003412
-0.0003269
-0.0003129
-0.0003041
-0.0002959
-0.0002780
-0.0002436
-0.0002055
-0.0001786
-0.0001671
-0.0001681
-0.0001675
-0.0001626
-0.0001578
-0.0001533
-0.0001535
-0.0001543
-0.0001460
-0.0001322
-0.0001259
-0.0001316
-0.0001471
-0.0001676
-0.0001809
-0.0001787
-0.0001633
-0.0001402
-0.0001208
-0.0001096
-0.0001095
-0.0001192
-0.0001248
-0.0001224
-0.0001141
-0.0001036
-0.0000957
-0.0000912
-0.0000877
-0.0000799
-0.0000716
-0.0000663
-0.0000626
-0.0000564
-0.0000464
-0.0000400
-0.0000291
-0.0000049
0.0000236
0.0000483
0.0000639
0.0000773
0.0001001
0.0001286
0.0001538
0.0001767
0.0001957
0.0002052
0.0002110
0.0002161
0.0002212
0.0002290
0.0002321
0.0002258
0.0002121
0.0001908
0.0001668
0.0001487
0.0001396
0.0001348
0.0001269
0.0001136
0.0000957
0.0000757
0.0000611
0.0000535
0.0000462
0.0000353
0.0000237
0.0000164
0.0000152
0.0000173
0.0000190
0.0000208
0.0000241
0.0000292
0.0000315
0.0000280
0.0000224
0.0000163
0.0000103
0.0000050
0.0000002
-0.0000037
-0.0000064
-0.0000085
-0.0000114
-0.0000145
-0.0000162
-0.0000161
-0.0000141
-0.0000121
-0.0000117
-0.0000112
-0.0000105
-0.0000089
-0.0000049
0.0000009
0.0000052
0.0000076
0.0000108
0.0000147
0.0000185
0.0000216
0.0000239
0.0000257
0.0000281
0.0000314
0.0000335
0.0000333
0.0000321
0.0000298
0.0000267
0.0000232
0.0000199
0.0000171
0.0000138
0.0000095
0.0000064
0.0000049
0.0000032
0.0000013
-0.0000016
-0.0000052
-0.0000081
-0.0000112
-0.0000150
-0.0000195
-0.0000236
-0.0000270
-0.0000301
-0.0000330
-0.0000353
-0.0000367
-0.0000372
-0.0000375
-0.0000374
-0.0000370
-0.0000369
-0.0000373
-0.0000377
-0.0000378
-0.0000378
-0.0000380
-0.0000375
-0.0000367
-0.0000364
-0.0000364
-0.0000363
-0.0000357
-0.0000348
-0.0000339
-0.0000334
-0.0000327
-0.0000319
-0.0000314
-0.0000308
-0.0000301
-0.0000294
-0.0000289
-0.0000284
-0.0000279
-0.0000272
-0.0000267
-0.0000264
-0.0000260
-0.0000255
-0.0000250
-0.0000245
-0.0000239
-0.0000234
-0.0000231
-0.0000227
-0.0000223
-0.0000219
-0.0000215
-0.0000211
-0.0000208
-0.0000205
-0.0000202
-0.0000199
-0.0000196
-0.0000194
-0.0000192
-0.0000190
-0.0000188
-0.0000187
-0.0000186
-0.0000185
-0.0000184
-0.0000184
-0.0000184
-0.0000184
-0.0000185
-0.0000186
-0.0000187
-0.0000188
-0.0000190
