-0.0013633
-0.0020554
-0.0028772
-0.0027517
-0.0026947
-0.0026372
-0.0025817
-0.0025270
-0.0024718
-0.0024183
-0.0023675
-0.0023208
-0.0022797
-0.0022454
-0.0022185
-0.0021991
-0.0021852
-0.0021737
-0.0021612
-0.0021483
-0.0021352
-0.0021213
-0.0021112
-0.0021069
-0.0021050
-0.0021015
-0.0020926
-0.0020776
-0.0020538
-0.0020180
-0.0019689
-0.0019065
-0.0018322
-0.0017419
-0.0016329
-0.0015139
-0.0014011
-0.0013043
-0.0012233
-0.0011565
-0.0011015
-0.0010552
-0.0010190
-0.0009971
-0.0009957
-0.0010202
-0.0010721
-0.0011543
-0.0012711
-0.0014159
-0.0015687
-0.0017041
-0.0018056
-0.0018721
-0.0019128
-0.0019397
-0.0019562
-0.0019584
-0.0019358
-0.0018731
-0.0017494
-0.0015396
-0.0012414
-0.0008829
-0.0005086
-0.0001703
0.0000999
0.0003056
0.0004620
0.0005778
0.0006571
0.0007017
0.0007017
0.0006313
0.0004828
0.0002709
0.0000009
-0.0003176
-0.0006556
-0.0009853
-0.0013056
-0.0016375
-0.0019926
-0.0023691
-0.0027472
-0.0031079
-0.0034826
-0.0038997
-0.0043296
-0.0047137
-0.0049679
-0.0050061
-0.0047516
-0.0041125
-0.0030520
-0.0016579
-0.0001244
0.0013236
0.0025694
0.0036596
0.0046676
0.0055873
0.0063551
0.0068962
0.0071631
0.0071312
0.0068004
0.0062215
0.0054416
0.0044297
0.0030848
0.0013801
-0.0004261
-0.0019183
-0.0028714
-0.0033623
-0.0035934
-0.0036858
-0.0036581
-0.0034921
-0.0032013
-0.0028764
-0.0026269
-0.0024819
-0.0023700
-0.0021737
-0.0017868
-0.0011206
-0.0001221
0.0011989
0.0026950
0.0040925
0.0051264
0.0056557
0.0057285
0.0054514
0.0049318
0.0043049
0.0036251
0.0028637
0.0019397
0.0007709
-0.0005902
-0.0020152
-0.0033679
-0.0044819
-0.0052360
-0.0056093
-0.0055871
-0.0050690
-0.0038552
-0.0016167
0.0018269
0.0058845
0.0093009
0.0112366
0.0117290
0.0112927
0.0105146
0.0097899
0.0092419
0.0087857
0.0082213
0.0073092
0.0058694
0.0038437
0.0014574
-0.0007661
-0.0023454
-0.0031016
-0.0031598
-0.0027399
-0.0020643
-0.0013897
-0.0009793
-0.0010069
-0.0014870
-0.0023051
-0.0032491
-0.0040145
-0.0043378
-0.0040239
-0.0028105
-0.0005768
0.0025135
0.0059061
0.0086871
0.0100430
0.0094636
0.0066325
0.0016498
-0.0043978
-0.0097069
-0.0130481
-0.0145288
-0.0151497
-0.0158245
-0.0168714
-0.0181582
-0.0193877
-0.0203522
-0.0209243
-0.0208855
-0.0193459
-0.0148472
-0.0069716
0.0029653
0.0131841
0.0227960
0.0313509
0.0378869
0.0416567
0.0428243
0.0419937
0.0398177
0.0369283
0.0338991
0.0309289
0.0276040
0.0229228
0.0158787
0.0070069
-0.0013610
-0.0071210
-0.0100433
-0.0113123
-0.0120671
-0.0126579
-0.0128913
-0.0125612
-0.0116743
-0.0104745
-0.0092454
-0.0080109
-0.0065713
-0.0048405
-0.0030496
-0.0015639
-0.0007677
-0.0008617
-0.0017621
-0.0032908
-0.0051556
-0.0068960
-0.0079332
-0.0077619
-0.0061712
-0.0032335
0.0011265
0.0072855
0.0152826
0.0240840
0.0314150
0.0348947
0.0328135
0.0242828
0.0108605
-0.0027203
-0.0115294
-0.0143063
-0.0134623
-0.0120734
-0.0118674
-0.0129458
-0.0143729
-0.0151976
-0.0150062
-0.0137857
-0.0116462
-0.0087530
-0.0053578
-0.0018104
0.0012431
0.0028611
0.0021908
-0.0014150
-0.0084496
-0.0179978
-0.0271608
-0.0333600
-0.0361669
-0.0365536
-0.0355701
-0.0338175
-0.0313289
-0.0279683
-0.0239945
-0.0199020
-0.0159964
-0.0119904
-0.0065364
0.0022470
0.0141619
0.0257622
0.0336777
0.0375175
0.0390822
0.0403249
0.0420846
0.0438685
0.0444843
0.0429259
0.0387329
0.0321410
0.0244095
0.0175800
0.0131316
0.0110050
0.0101031
0.0093223
0.0079176
0.0056849
0.0031057
0.0009045
-0.0002395
0.0002256
0.0023803
0.0058618
0.0103230
0.0153891
0.0206590
0.0260549
0.0316068
0.0369614
0.0412536
0.0431617
0.0408870
0.0331811
0.0218893
0.0117559
0.0060175
0.0039692
0.0029414
0.0007234
-0.0033091
-0.0082099
-0.0126144
-0.0160242
-0.0190687
-0.0226213
-0.0268835
-0.0313488
-0.0352785
-0.0380474
-0.0393802
-0.0391310
-0.0365805
-0.0298111
-0.0170660
0.0007136
0.0203684
0.0387718
0.0539203
0.0650345
0.0720317
0.0740865
0.0687379
0.0544654
0.0336142
0.0112865
-0.0068036
-0.0165382
-0.0183100
-0.0162295
-0.0146475
-0.0165275
-0.0228978
-0.0322077
-0.0410062
-0.0462623
-0.0471662
-0.0449775
-0.0414345
-0.0372793
-0.0313225
-0.0204002
-0.0026462
0.0178916
0.0330174
0.0374394
0.0311146
0.0170688
0.0004030
-0.0131062
-0.0204613
-0.0231483
-0.0247229
-0.0273959
-0.0309359
-0.0339156
-0.0351924
-0.0345141
-0.0323431
-0.0290881
-0.0247988
-0.0194954
-0.0134491
-0.0072675
-0.0015170
0.0039421
0.0099332
0.0171640
0.0254113
0.0333162
0.0393560
0.0430587
0.0451227
0.0467063
0.0486007
0.0508361
0.0528080
0.0537238
0.0529626
0.0502276
0.0456318
0.0391099
0.0301606
0.0189776
0.0073951
-0.0019617
-0.0078224
-0.0109343
-0.0125794
-0.0133946
-0.0132937
-0.0122656
-0.0109354
-0.0100475
-0.0099309
-0.0101178
-0.0097770
-0.0087620
-0.0079244
-0.0082829
-0.0099700
-0.0122648
-0.0138976
-0.0133362
-0.0096052
-0.0030885
0.0042192
0.0095125
0.0107501
0.0077510
0.0019572
-0.0048390
-0.0113460
-0.0170406
-0.0221558
-0.0269630
-0.0313162
-0.0347494
-0.0364955
-0.0352398
-0.0281810
-0.0125996
0.0087749
0.0275102
0.0372288
0.0385017
0.0359464
0.0332140
0.0311827
0.0289912
0.0251387
0.0178281
0.0053233
-0.0111754
-0.0261668
-0.0348220
-0.0373352
-0.0373408
-0.0381318
-0.0409400
-0.0455012
-0.0508913
-0.0560673
-0.0605494
-0.0641196
-0.0660950
-0.0652160
-0.0593027
-0.0465453
-0.0279319
-0.0067838
0.0139769
0.0322674
0.0456619
0.0525486
0.0535553
0.0503921
0.0444222
0.0374645
0.0323007
0.0310161
0.0346340
0.0439166
0.0581543
0.0731083
0.0820996
0.0795819
0.0639233
0.0389321
0.0113617
-0.0124374
-0.0272992
-0.0318251
-0.0291141
-0.0230411
-0.0157548
-0.0079081
0.0001776
0.0076285
0.0128916
0.0142928
0.0112872
0.0058642
0.0017006
0.0014973
0.0056998
0.0126126
0.0192658
0.0234749
0.0253752
0.0266253
0.0286684
0.0313665
0.0328625
0.0301400
0.0214463
0.0095430
-0.0002316
-0.0049881
-0.0058892
-0.0055932
-0.0059533
-0.0074840
-0.0094538
-0.0112472
-0.0133016
-0.0166370
-0.0218081
-0.0279093
-0.0330139
-0.0351936
-0.0333324
-0.0274352
-0.0179349
-0.0060576
0.0058007
0.0148511
0.0196140
0.0199965
0.0164078
0.0108847
0.0065637
0.0059940
0.0100886
0.0177683
0.0263980
0.0329581
0.0358942
0.0355713
0.0331149
0.0289376
0.0215697
0.0095976
-0.0045682
-0.0157716
-0.0211162
-0.0216712
-0.0200381
-0.0184677
-0.0181210
-0.0192042
-0.0217646
-0.0255200
-0.0299452
-0.0343763
-0.0381181
-0.0409695
-0.0428324
-0.0436452
-0.0433552
-0.0417287
-0.0388604
-0.0353092
-0.0313688
-0.0271264
-0.0225611
-0.0162339
-0.0055350
0.0100008
0.0265691
0.0389469
0.0454581
0.0484063
0.0503864
0.0518965
0.0514654
0.0478505
0.0418040
0.0362623
0.0341838
0.0357941
0.0391946
0.0413913
0.0395839
0.0335973
0.0264244
0.0224526
0.0242165
0.0308912
0.0389705
0.0443437
0.0453558
0.0432188
0.0399691
0.0367997
0.0337348
0.0296934
0.0221575
0.0085587
-0.0107563
-0.0328050
-0.0546011
-0.0743387
-0.0899033
-0.0977840
-0.0954748
-0.0835236
-0.0657134
-0.0470970
-0.0325719
-0.0252213
-0.0238994
-0.0253229
-0.0269692
-0.0282308
-0.0293484
-0.0301433
-0.0304818
-0.0292591
-0.0252197
-0.0188723
-0.0121675
-0.0075427
-0.0068061
-0.0105209
-0.0189026
-0.0316293
-0.0468132
-0.0626188
-0.0778710
-0.0913525
-0.1019651
-0.1091596
-0.1133608
-0.1152382
-0.1149804
-0.1127792
-0.1090320
-0.1042215
-0.0991604
-0.0943287
-0.0899144
-0.0864932
-0.0844850
-0.0840402
-0.0852817
-0.0879365
-0.0910668
-0.0941714
-0.0969767
-0.0985191
-0.0981578
-0.0954964
-0.0905592
-0.0839084
-0.0765444
-0.0707101
-0.0690992
-0.0736956
-0.0850609
-0.1007470
-0.1160933
-0.1272429
-0.1330854
-0.1360579
-0.1391984
-0.1432060
-0.1474449
-0.1511773
-0.1536960
-0.1551612
-0.1563577
-0.1578735
-0.1606291
-0.1649612
-0.1699580
-0.1743219
-0.1772321
-0.1774099
-0.1724607
-0.1608820
-0.1435281
-0.1234766
-0.1037721
-0.0850312
-0.0663346
-0.0476103
-0.0303792
-0.0171498
-0.0079698
0.0020344
0.0178244
0.0399846
0.0650767
0.0893699
0.1119973
0.1337622
0.1552624
0.1748248
0.1883962
0.1940288
0.1936228
0.1897415
0.1832506
0.1736442
0.1607143
0.1458482
0.1306570
0.1163185
0.1051077
0.0978605
0.0925335
0.0865610
0.0777489
0.0654417
0.0532393
0.0473300
0.0514791
0.0648533
0.0828550
0.1008898
0.1171063
0.1323426
0.1471501
0.1599861
0.1683916
0.1711126
0.1690000
0.1627330
0.1531165
0.1419726
0.1308580
0.1198028
0.1078916
0.0946333
0.0803502
0.0670601
0.0569433
0.0500739
0.0454307
0.0415183
0.0376165
0.0342985
0.0314407
0.0288094
0.0263993
0.0237639
0.0204336
0.0159109
0.0100029
0.0036003
-0.0024274
-0.0075012
-0.0108292
-0.0126304
-0.0133753
-0.0130710
-0.0120949
-0.0113934
-0.0115118
-0.0128710
-0.0161405
-0.0215765
-0.0300613
-0.0429406
-0.0595759
-0.0779030
-0.0960916
-0.1121810
-0.1241920
-0.1307995
-0.1329157
-0.1302107
-0.1160766
-0.0829741
-0.0325707
0.0252080
0.0820816
0.1357008
0.1879959
0.2418063
0.2983347
0.3567228
0.4149144
0.4672827
0.5015581
0.5076704
0.4888045
0.4587803
0.4302704
0.4064250
0.3839293
0.3591172
0.3301926
0.2985240
0.2667802
0.2361578
0.2067882
0.1778896
0.1485894
0.1190710
0.0892461
0.0590767
0.0292536
-0.0002929
-0.0298482
-0.0594288
-0.0891837
-0.1187924
-0.1473669
-0.1720258
-0.1896129
-0.2003247
-0.2068908
-0.2121433
-0.2174465
-0.2224982
-0.2263723
-0.2296134
-0.2333213
-0.2387877
-0.2480964
-0.2624134
-0.2815409
-0.3032000
-0.3249299
-0.3456498
-0.3636444
-0.3762159
-0.3818658
-0.3813456
-0.3739805
-0.3566000
-0.3284413
-0.2930691
-0.2557289
-0.2194550
-0.1840829
-0.1482671
-0.1111854
-0.0731206
-0.0346492
0.0037192
0.0416013
0.0780325
0.1096593
0.1319002
0.1443727
0.1526093
0.1641130
0.1825786
0.2035398
0.2185013
0.2219289
0.2106608
0.1838517
0.1465750
0.1063618
0.0675052
0.0314896
0.0004296
-0.0213000
-0.0315026
-0.0338079
-0.0341206
-0.0357190
-0.0387235
-0.0428284
-0.0477500
-0.0534667
-0.0605855
-0.0694870
-0.0796101
-0.0893702
-0.0972196
-0.1025832
-0.1051152
-0.1042778
-0.1004901
-0.0932080
-0.0808002
-0.0626465
-0.0402252
-0.0162652
0.0075716
0.0307523
0.0538635
0.0773773
0.1001735
0.1211294
0.1407446
0.1606753
0.1817507
0.2033650
0.2249114
0.2462771
0.2674767
0.2883570
0.3095970
0.3327849
0.3573673
0.3789700
0.3927467
0.3955890
0.3828730
0.3483303
0.2927252
0.2264402
0.1596624
0.0960928
0.0339400
-0.0271435
-0.0783157
-0.1081100
-0.1156338
-0.1087183
-0.0931024
-0.0719931
-0.0530373
-0.0448516
-0.0500603
-0.0671269
-0.0923105
-0.1201334
-0.1451763
-0.1632821
-0.1727512
-0.1761253
-0.1775168
-0.1788029
-0.1798837
-0.1799921
-0.1786656
-0.1760010
-0.1725648
-0.1687890
-0.1646794
-0.1601970
-0.1556496
-0.1504982
-0.1438734
-0.1343434
-0.1192009
-0.0978090
-0.0736655
-0.0531435
-0.0396745
-0.0306180
-0.0215029
-0.0095883
0.0048711
0.0188008
0.0283704
0.0313305
0.0275281
0.0186850
0.0086151
0.0012122
-0.0014268
0.0001327
0.0038919
0.0086401
0.0136633
0.0198227
0.0294972
0.0450297
0.0667973
0.0891081
0.1040711
0.1089503
0.1042803
0.0901566
0.0673178
0.0390375
0.0091894
-0.0202538
-0.0495306
-0.0794740
-0.1087178
-0.1330273
-0.1480229
-0.1530833
-0.1518305
-0.1477975
-0.1414960
-0.1325899
-0.1215706
-0.1086160
-0.0921569
-0.0697103
-0.0413375
-0.0098564
0.0215465
0.0518719
0.0818629
0.1118079
0.1421829
0.1707123
0.1920232
0.2040817
0.2095741
0.2121881
0.2153325
0.2200244
0.2246686
0.2280094
0.2287695
0.2240473
0.2091060
0.1817651
0.1459103
0.1081025
0.0720834
0.0373304
0.0023028
-0.0340250
-0.0714678
-0.1066534
-0.1346032
-0.1536367
-0.1679177
-0.1824688
-0.1979274
-0.2122850
-0.2231181
-0.2296697
-0.2334932
-0.2364497
-0.2398281
-0.2443119
-0.2496382
-0.2561797
-0.2656604
-0.2786177
-0.2950098
-0.3122269
-0.3243129
-0.3277997
-0.3199794
-0.2961528
-0.2563950
-0.2078199
-0.1582087
-0.1105911
-0.0638335
-0.0161769
0.0335756
0.0851504
0.1357030
0.1784676
0.2060324
0.2180707
0.2220821
0.2260515
0.2332158
0.2432325
0.2551523
0.2695503
0.2874539
0.3079064
0.3291999
0.3502261
0.3692914
0.3822300
0.3797980
0.3529239
0.3034514
0.2429883
0.1825469
0.1261752
0.0714823
0.0154968
-0.0378706
-0.0766607
-0.0901509
-0.0781806
-0.0497625
-0.0165682
0.0110875
0.0266777
0.0304284
0.0280454
0.0257534
0.0263434
0.0288929
0.0319485
0.0342916
0.0353012
0.0348427
0.0327076
0.0283846
0.0212574
0.0113554
-0.0014177
-0.0172196
-0.0356008
-0.0554571
-0.0741695
-0.0876508
-0.0943488
-0.0957074
-0.0923414
-0.0823040
-0.0631438
-0.0364029
-0.0067527
0.0224315
0.0489927
0.0697673
0.0828686
0.0902153
0.0951677
0.0998816
0.1048814
0.1100096
0.1149470
0.1197126
0.1247885
0.1296798
0.1329900
0.1320081
0.1219450
0.0997150
0.0676066
0.0318857
-0.0021671
-0.0321258
-0.0546778
-0.0675785
-0.0737183
-0.0779573
-0.0836853
-0.0912090
-0.0987337
-0.1053344
-0.1114393
-0.1179263
-0.1263372
-0.1387574
-0.1557118
-0.1756210
-0.1963061
-0.2163468
-0.2353139
-0.2523678
-0.2658106
-0.2743983
-0.2786133
-0.2797101
-0.2779790
-0.2722857
-0.2608500
-0.2431805
-0.2214737
-0.1989794
-0.1774272
-0.1570715
-0.1385160
-0.1230256
-0.1109439
-0.1006591
-0.0894162
-0.0758716
-0.0606571
-0.0452779
-0.0310499
-0.0184512
-0.0072915
0.0033036
0.0136850
0.0233613
0.0323981
0.0420090
0.0540696
0.0697422
0.0880452
0.1064628
0.1227429
0.1354320
0.1448555
0.1530616
0.1616941
0.1715374
0.1833604
0.1979072
0.2147183
0.2324687
0.2500356
0.2655072
0.2769501
0.2836260
0.2859771
0.2844959
0.2767782
0.2597980
0.2345726
0.2053403
0.1761527
0.1482960
0.1207100
0.0923708
0.0629374
0.0329025
0.0044415
-0.0179456
-0.0306396
-0.0349574
-0.0352801
-0.0352631
-0.0357911
-0.0360434
-0.0356623
-0.0350938
-0.0350041
-0.0354526
-0.0362988
-0.0373391
-0.0377473
-0.0368437
-0.0344059
-0.0299037
-0.0216330
-0.0068316
0.0151605
0.0403817
0.0621401
0.0756504
0.0814308
0.0838114
0.0857814
0.0868231
0.0840728
0.0728822
0.0511294
0.0224625
-0.0077421
-0.0363383
-0.0634430
-0.0906814
-0.1190590
-0.1487960
-0.1789156
-0.2073893
-0.2301914
-0.2432947
-0.2475560
-0.2471398
-0.2457931
-0.2448278
-0.2431155
-0.2383094
-0.2276785
-0.2099209
-0.1865307
-0.1612967
-0.1375029
-0.1177389
-0.1038039
-0.0950413
-0.0893348
-0.0848675
-0.0814815
-0.0796974
-0.0797386
-0.0815678
-0.0844968
-0.0878459
-0.0910447
-0.0936867
-0.0953365
-0.0956482
-0.0945160
-0.0910805
-0.0837162
-0.0693581
-0.0458536
-0.0160927
0.0148222
0.0443825
0.0719127
0.0952424
0.1116893
0.1220314
0.1296544
0.1371697
0.1445376
0.1495286
0.1503999
0.1463785
0.1368233
0.1221093
0.1050285
0.0909711
0.0842406
0.0846867
0.0893876
0.0950962
0.0998083
0.1025031
0.1026068
0.1001368
0.0956034
0.0897910
0.0836788
0.0781989
0.0738869
0.0710352
0.0696431
0.0697230
0.0715301
0.0752086
0.0798949
0.0847380
0.0889650
0.0915866
0.0930053
0.0941377
0.0954777
0.0970836
0.0986243
0.0994305
0.0986137
0.0956529
0.0901348
0.0812424
0.0682880
0.0523818
0.0363913
0.0224358
0.0104653
-0.0009839
-0.0138801
-0.0289590
-0.0442696
-0.0569084
-0.0648856
-0.0681170
-0.0683632
-0.0671301
-0.0649266
-0.0622698
-0.0594733
-0.0569899
-0.0554017
-0.0543524
-0.0538549
-0.0541186
-0.0555526
-0.0597194
-0.0683894
-0.0835626
-0.1049223
-0.1289603
-0.1530645
-0.1761990
-0.1988089
-0.2219274
-0.2440605
-0.2615045
-0.2711239
-0.2726296
-0.2663280
-0.2500630
-0.2230343
-0.1891447
-0.1537798
-0.1195001
-0.0858094
-0.0516911
-0.0164812
0.0178697
0.0455113
0.0623708
0.0701214
0.0737032
0.0767500
0.0797451
0.0815661
0.0811503
0.0784856
0.0745435
0.0705258
0.0671333
0.0651938
0.0658952
0.0697205
0.0772046
0.0884915
0.1013090
0.1124227
0.1197117
0.1230757
0.1236225
0.1226056
0.1209662
0.1182357
0.1142332
0.1088796
0.1018803
0.0944805
0.0881766
0.0837354
0.0812746
0.0806267
0.0818595
0.0850802
0.0901898
0.0966159
0.1033510
0.1093059
0.1129422
0.1130458
0.1092910
0.1011643
0.0886103
0.0737054
0.0599581
0.0493254
0.0413167
0.0342381
0.0266530
0.0179144
0.0081875
-0.0022631
-0.0140149
-0.0276414
-0.0423587
-0.0557534
-0.0655890
-0.0716133
-0.0751614
-0.0774095
-0.0784518
-0.0779521
-0.0763019
-0.0743467
-0.0727081
-0.0718937
-0.0721370
-0.0733127
-0.0752946
-0.0776624
-0.0797815
-0.0816694
-0.0832308
-0.0845514
-0.0861840
-0.0882547
-0.0904634
-0.0925290
-0.0942653
-0.0952755
-0.0952992
-0.0938262
-0.0905762
-0.0849436
-0.0755599
-0.0622912
-0.0462347
-0.0291433
-0.0124427
0.0037191
0.0196650
0.0350381
0.0493642
0.0627309
0.0751634
0.0868467
0.0985187
0.1110526
0.1237686
0.1351001
0.1441324
0.1502973
0.1539315
0.1556467
0.1553317
0.1525674
0.1466718
0.1373634
0.1252004
0.1117687
0.0991377
0.0881827
0.0787441
0.0699595
0.0615593
0.0535734
0.0454334
0.0373077
0.0296624
0.0227728
0.0165701
0.0106617
0.0047882
-0.0015409
-0.0087083
-0.0166845
-0.0258115
-0.0364917
-0.0487448
-0.0619419
-0.0741304
-0.0835187
-0.0898380
-0.0938702
-0.0964734
-0.0976324
-0.0972514
-0.0958519
-0.0940014
-0.0921367
-0.0907854
-0.0902047
-0.0899565
-0.0894501
-0.0880804
-0.0853512
-0.0814564
-0.0768549
-0.0719662
-0.0676679
-0.0648220
-0.0634994
-0.0637970
-0.0652704
-0.0667721
-0.0681861
-0.0697465
-0.0712061
-0.0722078
-0.0723581
-0.0713268
-0.0690862
-0.0657566
-0.0616772
-0.0575312
-0.0540794
-0.0518131
-0.0507196
-0.0505874
-0.0510010
-0.0516132
-0.0522896
-0.0529199
-0.0532591
-0.0531402
-0.0523635
-0.0504629
-0.0474931
-0.0437003
-0.0395472
-0.0358291
-0.0327521
-0.0303355
-0.0283672
-0.0260785
-0.0227833
-0.0180226
-0.0113982
-0.0028715
0.0065496
0.0159336
0.0250530
0.0337246
0.0419796
0.0492963
0.0547386
0.0578519
0.0583942
0.0562481
0.0522261
0.0478753
0.0442579
0.0420398
0.0416586
0.0432012
0.0465810
0.0515664
0.0576620
0.0641301
0.0699933
0.0745276
0.0776413
0.0792155
0.0791616
0.0777357
0.0747507
0.0700432
0.0632777
0.0533797
0.0404711
0.0257974
0.0107741
-0.0029800
-0.0137349
-0.0205376
-0.0241075
-0.0254268
-0.0250183
-0.0228717
-0.0181278
-0.0105083
-0.0007774
0.0099986
0.0199383
0.0281613
0.0354330
0.0419469
0.0477772
0.0527561
0.0558751
0.0564572
0.0546683
0.0508737
0.0457984
0.0409708
0.0371053
0.0337588
0.0305995
0.0274492
0.0242656
0.0211315
0.0182453
0.0158930
0.0143071
0.0134427
0.0131468
0.0133607
0.0139796
0.0147361
0.0153411
0.0156277
0.0156439
0.0154414
0.0148105
0.0137793
0.0124152
0.0109406
0.0098307
0.0091135
0.0085011
0.0076344
0.0063256
0.0045121
0.0022244
-0.0004769
-0.0035751
-0.0067398
-0.0099197
-0.0131830
-0.0160454
-0.0182647
-0.0197735
-0.0205183
-0.0207256
-0.0205775
-0.0204790
-0.0206907
-0.0211094
-0.0215830
-0.0219360
-0.0217428
-0.0205816
-0.0185557
-0.0157492
-0.0125128
-0.0098457
-0.0084806
-0.0082239
-0.0083529
-0.0084969
-0.0084078
-0.0077371
-0.0068683
-0.0062091
-0.0055742
-0.0050539
-0.0047588
-0.0043268
-0.0034153
-0.0020852
-0.0003635
0.0017718
0.0041836
0.0068842
0.0099143
0.0128698
0.0153212
0.0170147
0.0175406
0.0168737
0.0149088
0.0114020
0.0063461
-0.0003149
-0.0078510
-0.0149912
-0.0212070
-0.0261747
-0.0300837
-0.0337970
-0.0376365
-0.0416502
-0.0457231
-0.0495271
-0.0528900
-0.0558055
-0.0581159
-0.0598023
-0.0609281
-0.0611823
-0.0603276
-0.0585859
-0.0566742
-0.0550411
-0.0533734
-0.0513102
-0.0486891
-0.0452831
-0.0408869
-0.0351680
-0.0280499
-0.0199391
-0.0109218
-0.0010924
0.0087789
0.0181174
0.0270604
0.0356460
0.0434431
0.0498258
0.0545316
0.0570797
0.0567885
0.0538583
0.0481691
0.0390287
0.0266828
0.0124969
-0.0012021
-0.0118886
-0.0183265
-0.0212385
-0.0221732
-0.0217455
-0.0197768
-0.0154060
-0.0070405
0.0052800
0.0183881
0.0287945
0.0350505
0.0378479
0.0390347
0.0396047
0.0394553
0.0380532
0.0349618
0.0303109
0.0242922
0.0169539
0.0083980
-0.0011923
-0.0106824
-0.0182657
-0.0228817
-0.0248362
-0.0248810
-0.0230661
-0.0190568
-0.0121900
-0.0018587
0.0109356
0.0231433
0.0318059
0.0364913
0.0384805
0.0390228
0.0386552
0.0369358
0.0339792
0.0305288
0.0269994
0.0237140
0.0208785
0.0182713
0.0152232
0.0111239
0.0055953
-0.0012364
-0.0084872
-0.0146363
-0.0186323
-0.0204100
-0.0203793
-0.0191236
-0.0168754
-0.0136337
-0.0090910
-0.0028942
0.0046093
0.0126841
0.0206293
0.0282067
0.0358749
0.0438429
0.0518637
0.0595914
0.0662754
0.0714076
0.0749016
0.0767510
0.0770756
0.0755618
0.0719577
0.0665509
0.0600239
0.0537008
0.0486514
0.0453195
0.0434215
0.0421164
0.0410192
0.0397392
0.0379026
0.0356317
0.0328200
0.0295844
0.0263604
0.0230661
0.0195576
0.0154754
0.0099548
0.0024686
-0.0064030
-0.0151057
-0.0223611
-0.0280568
-0.0329498
-0.0377619
-0.0428346
-0.0477827
-0.0517387
-0.0544876
-0.0561280
-0.0566885
-0.0562729
-0.0554522
-0.0546853
-0.0541550
-0.0543092
-0.0549395
-0.0555818
-0.0562676
-0.0569620
-0.0575659
-0.0580141
-0.0581193
-0.0578741
-0.0569612
-0.0552487
-0.0528470
-0.0494538
-0.0453776
-0.0408682
-0.0357580
-0.0302475
-0.0247375
-0.0196235
-0.0154260
-0.0125827
-0.0110572
-0.0108059
-0.0114956
-0.0124983
-0.0135151
-0.0143746
-0.0148436
-0.0149358
-0.0147422
-0.0141335
-0.0130449
-0.0115542
-0.0097194
-0.0073555
-0.0044363
-0.0013804
0.0014820
0.0041505
0.0066351
0.0091812
0.0121951
0.0157634
0.0198917
0.0242478
0.0281386
0.0315514
0.0349840
0.0386183
0.0427207
0.0471634
0.0515551
0.0557896
0.0592281
0.0612683
0.0618003
0.0609585
0.0589898
0.0559764
0.0517725
0.0462977
0.0399131
0.0331380
0.0267143
0.0215652
0.0178184
0.0148862
0.0124156
0.0104616
0.0090697
0.0083177
0.0082317
0.0083959
0.0086896
0.0088145
0.0081571
0.0066079
0.0041152
0.0003662
-0.0048986
-0.0111367
-0.0174112
-0.0230161
-0.0275946
-0.0312445
-0.0343404
-0.0374908
-0.0410478
-0.0448506
-0.0488387
-0.0527091
-0.0559268
-0.0581709
-0.0591917
-0.0589215
-0.0571714
-0.0538241
-0.0491762
-0.0437670
-0.0381557
-0.0330229
-0.0290149
-0.0262389
-0.0245050
-0.0235824
-0.0230157
-0.0224582
-0.0218465
-0.0210685
-0.0201817
-0.0194470
-0.0188244
-0.0183305
-0.0180619
-0.0179817
-0.0182451
-0.0187019
-0.0190318
-0.0192393
-0.0192643
-0.0189133
-0.0180989
-0.0168325
-0.0152494
-0.0134797
-0.0113702
-0.0088605
-0.0060604
-0.0028954
0.0005600
0.0040213
0.0071135
0.0095749
0.0112961
0.0119292
0.0112400
0.0091976
0.0057471
0.0014026
-0.0031648
-0.0075256
-0.0112375
-0.0140263
-0.0159681
-0.0173273
-0.0181813
-0.0185203
-0.0181782
-0.0173728
-0.0164116
-0.0152339
-0.0138724
-0.0122485
-0.0104386
-0.0085245
-0.0066215
-0.0051664
-0.0043870
-0.0041444
-0.0042394
-0.0048985
-0.0063150
-0.0082555
-0.0105160
-0.0127612
-0.0146572
-0.0160433
-0.0167724
-0.0166908
-0.0155819
-0.0136436
-0.0113860
-0.0090967
-0.0071112
-0.0054827
-0.0039359
-0.0024826
-0.0011861
0.0001009
0.0015587
0.0033512
0.0056358
0.0082961
0.0110231
0.0135223
0.0157649
0.0180960
0.0206028
0.0232139
0.0257934
0.0277060
0.0284945
0.0281563
0.0266623
0.0242455
0.0215338
0.0189685
0.0168364
0.0152985
0.0141241
0.0132664
0.0128605
0.0130703
0.0139653
0.0155956
0.0179079
0.0204090
0.0227457
0.0245994
0.0258512
0.0265653
0.0267419
0.0265355
0.0261591
0.0258747
0.0256164
0.0250459
0.0243121
0.0237637
0.0235010
0.0237032
0.0242974
0.0249291
0.0251566
0.0247231
0.0237614
0.0223111
0.0205668
0.0188625
0.0172838
0.0158891
0.0147218
0.0136144
0.0124433
0.0113297
0.0103736
0.0095887
0.0089960
0.0089007
0.0095836
0.0109878
0.0131471
0.0159521
0.0191111
0.0222333
0.0246725
0.0258857
0.0254509
0.0236505
0.0213262
0.0187730
0.0161266
0.0135598
0.0112666
0.0094047
0.0079490
0.0068470
0.0060009
0.0053020
0.0044927
0.0034492
0.0021582
0.0005047
-0.0015670
-0.0039880
-0.0064110
-0.0085824
-0.0102521
-0.0112913
-0.0117471
-0.0114932
-0.0105386
-0.0087875
-0.0063833
-0.0038069
-0.0014070
0.0005740
0.0020014
0.0026198
0.0023432
0.0013503
-0.0000336
-0.0014649
-0.0027730
-0.0036962
-0.0041327
-0.0041639
-0.0037723
-0.0029585
-0.0019476
-0.0011365
-0.0007323
-0.0008604
-0.0016137
-0.0028661
-0.0045217
-0.0063191
-0.0080490
-0.0097354
-0.0114050
-0.0132428
-0.0153234
-0.0176721
-0.0202472
-0.0230480
-0.0262740
-0.0298109
-0.0332299
-0.0361942
-0.0385478
-0.0404916
-0.0421810
-0.0434634
-0.0441709
-0.0440398
-0.0429640
-0.0408538
-0.0378982
-0.0343744
-0.0304219
-0.0263626
-0.0221248
-0.0175504
-0.0126466
-0.0072647
-0.0012770
0.0051536
0.0117076
0.0179494
0.0232865
0.0272888
0.0297336
0.0306623
0.0302243
0.0284669
0.0255719
0.0217818
0.0174029
0.0131667
0.0097964
0.0074443
0.0061729
0.0058970
0.0062797
0.0071334
0.0082250
0.0092269
0.0099686
0.0105878
0.0111597
0.0118375
0.0127011
0.0133771
0.0137148
0.0136644
0.0129894
0.0115703
0.0093876
0.0063284
0.0025673
-0.0013791
-0.0050664
-0.0080655
-0.0100511
-0.0110089
-0.0110651
-0.0102734
-0.0088677
-0.0073285
-0.0058981
-0.0044698
-0.0028868
-0.0009865
0.0012590
0.0035331
0.0055617
0.0073067
0.0086458
0.0095280
0.0099628
0.0096366
0.0084367
0.0064865
0.0039540
0.0013138
-0.0009928
-0.0027065
-0.0036529
-0.0036620
-0.0026414
-0.0007506
0.0018013
0.0048319
0.0081232
0.0116141
0.0152237
0.0186168
0.0215546
0.0239259
0.0253564
0.0255662
0.0247070
0.0228814
0.0202968
0.0173179
0.0139696
0.0102389
0.0063438
0.0025662
-0.0010445
-0.0045018
-0.0077035
-0.0105277
-0.0130441
-0.0154105
-0.0175349
-0.0194917
-0.0213779
-0.0232948
-0.0254489
-0.0278106
-0.0304353
-0.0331875
-0.0356110
-0.0374791
-0.0386704
-0.0391281
-0.0387759
-0.0375386
-0.0354857
-0.0329107
-0.0303464
-0.0280216
-0.0259000
-0.0240629
-0.0227092
-0.0219230
-0.0213364
-0.0203660
-0.0187469
-0.0162866
-0.0130128
-0.0091588
-0.0045066
0.0009245
0.0068001
0.0126980
0.0178972
0.0220237
0.0251387
0.0273739
0.0288192
0.0294677
0.0292344
0.0281615
0.0263023
0.0235285
0.0198948
0.0156082
0.0109271
0.0062834
0.0020015
-0.0016031
-0.0043565
-0.0064844
-0.0083119
-0.0100662
-0.0117897
-0.0135129
-0.0151978
-0.0166643
-0.0177715
-0.0185131
-0.0188101
-0.0184694
-0.0175919
-0.0164927
-0.0155202
-0.0149297
-0.0148114
-0.0152234
-0.0161341
-0.0173573
-0.0185776
-0.0195617
-0.0201679
-0.0202020
-0.0195425
-0.0181650
-0.0161058
-0.0134038
-0.0101087
-0.0065801
-0.0031539
-0.0000528
0.0025376
0.0044595
0.0055009
0.0057212
0.0053044
0.0043455
0.0030332
0.0016437
0.0003372
-0.0004998
-0.0002865
0.0010811
0.0035024
0.0071472
0.0118925
0.0174807
0.0235317
0.0292955
0.0342088
0.0377934
0.0398050
0.0406188
0.0407377
0.0403919
0.0395372
0.0380604
0.0359132
0.0330292
0.0293420
0.0247659
0.0194972
0.0140431
0.0089162
0.0045194
0.0010104
-0.0015628
-0.0031897
-0.0040680
-0.0044818
-0.0046657
-0.0048465
-0.0050961
-0.0052972
-0.0055898
-0.0062697
-0.0074271
-0.0088987
-0.0102643
-0.0113040
-0.0120641
-0.0125201
-0.0127328
-0.0129149
-0.0132469
-0.0137747
-0.0142686
-0.0144980
-0.0145497
-0.0145137
-0.0144281
-0.0142876
-0.0136785
-0.0123097
-0.0105248
-0.0087868
-0.0074806
-0.0066738
-0.0061118
-0.0057553
-0.0055230
-0.0053604
-0.0052936
-0.0050968
-0.0047740
-0.0046553
-0.0049792
-0.0058058
-0.0071052
-0.0087414
-0.0104688
-0.0121403
-0.0134518
-0.0140115
-0.0139107
-0.0131107
-0.0115429
-0.0093511
-0.0067520
-0.0040754
-0.0013717
0.0009858
0.0027639
0.0041747
0.0053244
0.0064178
0.0075979
0.0089649
0.0106507
0.0127467
0.0149618
0.0170724
0.0191884
0.0213194
0.0234268
0.0252969
0.0267357
0.0276235
0.0281185
0.0285169
0.0288676
0.0290835
0.0289551
0.0283401
0.0271864
0.0255714
0.0238457
0.0223088
0.0210687
0.0203570
0.0201875
0.0201648
0.0200093
0.0195124
0.0186964
0.0177551
0.0168523
0.0161739
0.0155632
0.0148920
0.0144021
0.0140991
0.0136278
0.0131228
0.0126815
0.0121840
0.0118324
0.0115664
0.0112512
0.0109109
0.0103959
0.0097446
0.0092193
0.0082541
0.0064188
0.0040029
0.0007680
-0.0031260
-0.0070497
-0.0108367
-0.0142136
-0.0169078
-0.0186496
-0.0189503
-0.0177489
-0.0152570
-0.0115866
-0.0071696
-0.0025778
0.0020295
0.0062436
0.0094555
0.0114968
0.0122187
0.0118662
0.0107079
0.0086716
0.0056942
0.0017958
-0.0026167
-0.0069261
-0.0105694
-0.0135716
-0.0160269
-0.0176271
-0.0184152
-0.0185037
-0.0179470
-0.0169984
-0.0158053
-0.0144031
-0.0128917
-0.0114591
-0.0101423
-0.0090014
-0.0081601
-0.0077113
-0.0075338
-0.0075040
-0.0076139
-0.0076393
-0.0075615
-0.0072539
-0.0063784
-0.0048336
-0.0025048
0.0005727
0.0039490
0.0073718
0.0106894
0.0136853
0.0163237
0.0186232
0.0206363
0.0222586
0.0234086
0.0243277
0.0251531
0.0256515
0.0259659
0.0261484
0.0261421
0.0261574
0.0261838
0.0260013
0.0256079
0.0252040
0.0244591
0.0232151
0.0214312
0.0191396
0.0165994
0.0138535
0.0109966
0.0079097
0.0043738
0.0002260
-0.0045573
-0.0094293
-0.0139089
-0.0178644
-0.0213250
-0.0243880
-0.0269283
-0.0290539
-0.0308905
-0.0321320
-0.0325560
-0.0320765
-0.0305232
-0.0278100
-0.0236708
-0.0177981
-0.0104651
-0.0022527
0.0055377
0.0117030
0.0162288
0.0192189
0.0210495
0.0221237
0.0226894
0.0229551
0.0229316
0.0228465
0.0230587
0.0237266
0.0245351
0.0250254
0.0252031
0.0250892
0.0243332
0.0229722
0.0212549
0.0194292
0.0175622
0.0155245
0.0136097
0.0116081
0.0093035
0.0070006
0.0048068
0.0030761
0.0017908
0.0008885
0.0005414
0.0002934
-0.0001340
-0.0007694
-0.0016983
-0.0030041
-0.0047664
-0.0068939
-0.0094336
-0.0122692
-0.0153664
-0.0186453
-0.0219380
-0.0251537
-0.0280993
-0.0307518
-0.0330646
-0.0349018
-0.0360052
-0.0359824
-0.0347486
-0.0324959
-0.0292965
-0.0256632
-0.0219322
-0.0182699
-0.0155119
-0.0138108
-0.0130330
-0.0129460
-0.0129341
-0.0128059
-0.0123226
-0.0115152
-0.0103961
-0.0089830
-0.0075791
-0.0060553
-0.0043167
-0.0025499
-0.0011743
-0.0003254
0.0001351
0.0002838
0.0003732
0.0003034
-0.0000484
-0.0006296
-0.0013038
-0.0020134
-0.0026889
-0.0032289
-0.0038788
-0.0046035
-0.0053128
-0.0059517
-0.0064835
-0.0071111
-0.0079328
-0.0088858
-0.0097076
-0.0103096
-0.0105492
-0.0099569
-0.0085349
-0.0063286
-0.0031207
0.0008038
0.0049984
0.0090472
0.0123782
0.0148139
0.0162664
0.0166343
0.0162039
0.0151961
0.0138967
0.0124327
0.0109470
0.0096138
0.0085412
0.0083128
0.0089499
0.0103826
0.0126274
0.0153312
0.0185726
0.0221543
0.0253927
0.0278674
0.0292374
0.0291929
0.0277547
0.0250361
0.0211987
0.0167208
0.0119811
0.0073034
0.0033012
0.0001007
-0.0022814
-0.0036990
-0.0045664
-0.0050339
-0.0050850
-0.0048025
-0.0039402
-0.0025067
-0.0006934
0.0012546
0.0030482
0.0043807
0.0051270
0.0054603
0.0053504
0.0049352
0.0045224
0.0040586
0.0031950
0.0020780
0.0011536
0.0004028
-0.0002791
-0.0011098
-0.0021291
-0.0030415
-0.0038878
-0.0046183
-0.0051346
-0.0056778
-0.0061030
-0.0063717
-0.0065182
-0.0064805
-0.0065657
-0.0068680
-0.0075935
-0.0090020
-0.0109107
-0.0131329
-0.0154635
-0.0174787
-0.0188338
-0.0194409
-0.0191986
-0.0182515
-0.0170467
-0.0155326
-0.0136527
-0.0116514
-0.0096338
-0.0077799
-0.0060158
-0.0039528
-0.0016401
0.0009776
0.0040100
0.0070476
0.0098845
0.0123399
0.0142946
0.0156687
0.0162557
0.0161688
0.0154277
0.0140275
0.0120883
0.0094462
0.0059544
0.0017796
-0.0024903
-0.0063558
-0.0094825
-0.0115585
-0.0127491
-0.0131040
-0.0124182
-0.0107308
-0.0082538
-0.0053606
-0.0023649
0.0007474
0.0037746
0.0062756
0.0080288
0.0087660
0.0083761
0.0068879
0.0043153
0.0008929
-0.0030504
-0.0071722
-0.0112545
-0.0149597
-0.0179423
-0.0204171
-0.0222673
-0.0227947
-0.0218718
-0.0197347
-0.0165587
-0.0128033
-0.0089417
-0.0054097
-0.0025697
-0.0005396
0.0004993
0.0008535
0.0009460
0.0008258
0.0005114
-0.0000704
-0.0008237
-0.0017670
-0.0030194
-0.0046324
-0.0066978
-0.0090014
-0.0110797
-0.0126855
-0.0137706
-0.0141029
-0.0133683
-0.0115960
-0.0090738
-0.0058186
-0.0017258
0.0029266
0.0076004
0.0117325
0.0148605
0.0169439
0.0178830
0.0176374
0.0169259
0.0162026
0.0155613
0.0152755
0.0154206
0.0158405
0.0162922
0.0166070
0.0165681
0.0162526
0.0158158
0.0152054
0.0145683
0.0138504
0.0131604
0.0126213
0.0121180
0.0117187
0.0113113
0.0107421
0.0100210
0.0091341
0.0082188
0.0073152
0.0062453
0.0050842
0.0038295
0.0024961
0.0011928
-0.0002117
-0.0017833
-0.0033645
-0.0047903
-0.0060653
-0.0070906
-0.0078253
-0.0082310
-0.0080450
-0.0073619
-0.0061305
-0.0041815
-0.0018157
0.0007160
0.0027436
0.0035804
0.0032245
0.0018603
0.0000322
-0.0017583
-0.0034479
-0.0050375
-0.0064842
-0.0078253
-0.0091255
-0.0101536
-0.0107683
-0.0111178
-0.0112037
-0.0111204
-0.0109694
-0.0105047
-0.0096620
-0.0085654
-0.0072306
-0.0057590
-0.0041613
-0.0025756
-0.0013858
-0.0005929
-0.0000898
-0.0000815
-0.0004725
-0.0009384
-0.0013510
-0.0017498
-0.0021082
-0.0021992
-0.0020100
-0.0016460
-0.0009745
0.0001226
0.0015546
0.0031466
0.0047655
0.0064273
0.0081946
0.0099734
0.0117507
0.0135822
0.0153812
0.0171237
0.0189146
0.0205632
0.0216663
0.0223664
0.0228148
0.0228371
0.0225498
0.0220193
0.0212195
0.0201080
0.0185106
0.0164964
0.0141581
0.0115895
0.0092716
0.0075525
0.0063171
0.0053414
0.0044490
0.0036478
0.0029215
0.0021844
0.0015108
0.0010833
0.0008677
0.0005666
0.0001765
-0.0002405
-0.0006778
-0.0009947
-0.0011785
-0.0014187
-0.0017763
-0.0020059
-0.0019581
-0.0015756
-0.0007420
0.0003859
0.0014261
0.0022795
0.0029219
0.0032203
0.0032457
0.0031686
0.0031401
0.0030142
0.0024326
0.0014452
0.0002272
-0.0012420
-0.0028985
-0.0044878
-0.0057622
-0.0067725
-0.0077275
-0.0086253
-0.0094417
-0.0102506
-0.0112466
-0.0125784
-0.0142153
-0.0160664
-0.0177541
-0.0190924
-0.0203242
-0.0214767
-0.0224338
-0.0232873
-0.0240061
-0.0244592
-0.0248316
-0.0253758
-0.0261422
-0.0270325
-0.0276956
-0.0280084
-0.0282103
-0.0282236
-0.0280083
-0.0277177
-0.0274655
-0.0274222
-0.0276657
-0.0282945
-0.0293536
-0.0304230
-0.0310457
-0.0313169
-0.0312617
-0.0306992
-0.0297157
-0.0283392
-0.0265412
-0.0244696
-0.0223068
-0.0200585
-0.0177427
-0.0153169
-0.0124263
-0.0089946
-0.0052592
-0.0016096
0.0016385
0.0043529
0.0065534
0.0085152
0.0101487
0.0113983
0.0123590
0.0129567
0.0134323
0.0139987
0.0146996
0.0153975
0.0159308
0.0163996
0.0168072
0.0171078
0.0173310
0.0173492
0.0169172
0.0160670
0.0147406
0.0128883
0.0109269
0.0091674
0.0077675
0.0068081
0.0062051
0.0058863
0.0059542
0.0064664
0.0072341
0.0080839
0.0087297
0.0088737
0.0085981
0.0081026
0.0074119
0.0067057
0.0061427
0.0057507
0.0058715
0.0066907
0.0081337
0.0100941
0.0124788
0.0151578
0.0179593
0.0207833
0.0234168
0.0256609
0.0273817
0.0284561
0.0287062
0.0282606
0.0274210
0.0262268
0.0247271
0.0227933
0.0204978
0.0181661
0.0158618
0.0135689
0.0112104
0.0089904
0.0070859
0.0051945
0.0031841
0.0011315
-0.0010294
-0.0032881
-0.0055301
-0.0080153
-0.0109676
-0.0139758
-0.0167354
-0.0190445
-0.0207252
-0.0218303
-0.0223406
-0.0224202
-0.0220504
-0.0210814
-0.0197206
-0.0179882
-0.0160921
-0.0142562
-0.0124564
-0.0108527
-0.0093474
-0.0079774
-0.0068850
-0.0059105
-0.0047250
-0.0032106
-0.0015347
0.0004235
0.0024969
0.0042806
0.0058556
0.0071948
0.0083688
0.0096926
0.0110664
0.0123715
0.0135935
0.0145500
0.0152372
0.0158519
0.0161674
0.0161262
0.0159492
0.0153527
0.0142624
0.0127277
0.0106886
0.0082829
0.0056068
0.0026381
-0.0004811
-0.0034539
-0.0062182
-0.0087379
-0.0109581
-0.0129165
-0.0145566
-0.0157775
-0.0164559
-0.0164938
-0.0157755
-0.0141987
-0.0120020
-0.0094322
-0.0066639
-0.0041096
-0.0021715
-0.0009783
-0.0004442
-0.0004399
-0.0007813
-0.0011450
-0.0011199
-0.0007281
-0.0001830
0.0005337
0.0012676
0.0019750
0.0026369
0.0028827
0.0027415
0.0023841
0.0016966
0.0007336
-0.0003454
-0.0013133
-0.0019614
-0.0021472
-0.0020914
-0.0019376
-0.0014983
-0.0010082
-0.0008443
-0.0011224
-0.0017092
-0.0025746
-0.0036641
-0.0046470
-0.0053800
-0.0059190
-0.0062906
-0.0064581
-0.0063768
-0.0060686
-0.0054816
-0.0045709
-0.0033850
-0.0018532
-0.0000010
0.0020219
0.0041340
0.0061796
0.0080873
0.0098044
0.0109549
0.0113757
0.0112651
0.0108283
0.0102016
0.0095234
0.0090055
0.0086000
0.0082664
0.0080489
0.0077184
0.0070503
0.0060841
0.0049022
0.0035041
0.0019848
0.0004287
-0.0011127
-0.0025075
-0.0037901
-0.0050824
-0.0063061
-0.0073388
-0.0082711
-0.0091385
-0.0097206
-0.0101235
-0.0104786
-0.0107436
-0.0110432
-0.0113810
-0.0116278
-0.0116887
-0.0115685
-0.0111018
-0.0103568
-0.0095903
-0.0088237
-0.0081095
-0.0075863
-0.0073297
-0.0072480
-0.0072453
-0.0072415
-0.0072570
-0.0071091
-0.0067069
-0.0061623
-0.0054739
-0.0046248
-0.0032687
-0.0011879
0.0013947
0.0043299
0.0076259
0.0112119
0.0148448
0.0182373
0.0210924
0.0231349
0.0243247
0.0246179
0.0240389
0.0226687
0.0206563
0.0182420
0.0156041
0.0128789
0.0100311
0.0074575
0.0054273
0.0038103
0.0026484
0.0019199
0.0015805
0.0014049
0.0011670
0.0007777
0.0002445
-0.0002342
-0.0003750
-0.0001606
0.0001918
0.0004862
0.0004100
-0.0001345
-0.0010086
-0.0021428
-0.0033384
-0.0045673
-0.0059192
-0.0070994
-0.0080682
-0.0089106
-0.0093705
-0.0092534
-0.0085604
-0.0074244
-0.0060991
-0.0045704
-0.0026958
-0.0007605
0.0008078
0.0017864
0.0021912
0.0020756
0.0015536
0.0007223
-0.0003777
-0.0016277
-0.0029406
-0.0042764
-0.0055889
-0.0066926
-0.0076211
-0.0085403
-0.0093522
-0.0101959
-0.0111498
-0.0119652
-0.0126800
-0.0131540
-0.0132658
-0.0131878
-0.0125137
-0.0111278
-0.0093521
-0.0073166
-0.0052130
-0.0031036
-0.0012175
0.0001777
0.0012631
0.0022505
0.0030706
0.0037945
0.0045577
0.0053246
0.0063342
0.0078315
0.0096313
0.0113513
0.0127734
0.0139411
0.0148784
0.0154774
0.0158271
0.0161405
0.0162925
0.0162326
0.0161801
0.0161446
0.0160034
0.0156852
0.0149664
0.0138239
0.0124043
0.0105800
0.0085120
0.0064986
0.0045367
0.0025937
0.0006982
-0.0012135
-0.0031621
-0.0051677
-0.0074005
-0.0098427
-0.0123008
-0.0146286
-0.0166360
-0.0180216
-0.0185240
-0.0181732
-0.0171413
-0.0157264
-0.0142706
-0.0127422
-0.0112054
-0.0099351
-0.0090584
-0.0085906
-0.0086108
-0.0091978
-0.0101376
-0.0112055
-0.0124562
-0.0139133
-0.0154258
-0.0167383
-0.0178067
-0.0184376
-0.0183109
-0.0174070
-0.0158203
-0.0138089
-0.0113256
-0.0084609
-0.0056918
-0.0031700
-0.0012345
-0.0001313
0.0002127
-0.0003375
-0.0016747
-0.0034224
-0.0050806
-0.0062557
-0.0068206
-0.0070838
-0.0072931
-0.0073163
-0.0071283
-0.0066476
-0.0061109
-0.0058379
-0.0055906
-0.0050594
-0.0041734
-0.0030870
-0.0021058
-0.0014326
-0.0010843
-0.0012186
-0.0019180
-0.0029584
-0.0043241
-0.0060655
-0.0080404
-0.0100729
-0.0120405
-0.0136648
-0.0147637
-0.0152114
-0.0148110
-0.0138105
-0.0124389
-0.0109120
-0.0095619
-0.0082499
-0.0066758
-0.0046481
-0.0024572
-0.0003966
0.0013149
0.0022389
0.0025909
0.0026331
0.0026099
0.0027123
0.0028583
0.0030337
0.0031509
0.0031999
0.0030545
0.0026387
0.0021353
0.0015524
0.0009313
0.0004187
0.0000362
-0.0001803
-0.0002375
-0.0001097
0.0002362
0.0006856
0.0009916
0.0010602
0.0010216
0.0010079
0.0008689
0.0004885
-0.0001397
-0.0012469
-0.0026579
-0.0041578
-0.0058178
-0.0074055
-0.0087173
-0.0097567
-0.0105275
-0.0112293
-0.0116924
-0.0115701
-0.0110816
-0.0101930
-0.0086525
-0.0062050
-0.0027035
0.0015172
0.0059611
0.0100791
0.0133035
0.0151770
0.0155955
0.0149019
0.0131233
0.0103696
0.0073141
0.0041336
0.0009054
-0.0022384
-0.0051125
-0.0074985
-0.0092124
-0.0099032
-0.0095719
-0.0082589
-0.0061089
-0.0033894
-0.0005143
0.0020549
0.0041157
0.0055493
0.0066010
0.0075594
0.0085142
0.0095256
0.0105898
0.0114620
0.0120007
0.0121847
0.0116911
0.0107003
0.0095259
0.0082790
0.0072515
0.0066317
0.0064960
0.0067405
0.0072277
0.0077573
0.0081055
0.0082244
0.0080857
0.0079472
0.0081535
0.0085856
0.0090467
0.0093607
0.0093494
0.0089711
0.0084061
0.0078417
0.0072440
0.0066701
0.0061440
0.0057224
0.0053826
0.0050861
0.0052129
0.0058499
0.0068648
0.0082764
0.0099517
0.0119118
0.0138257
0.0152635
0.0162367
0.0165130
0.0160974
0.0151786
0.0137440
0.0119236
0.0098592
0.0076916
0.0056133
0.0037182
0.0021583
0.0010676
0.0003232
-0.0000495
0.0000611
0.0005962
0.0014693
0.0027494
0.0042958
0.0058195
0.0072074
0.0083739
0.0093743
0.0102926
0.0110843
0.0117030
0.0121840
0.0124830
0.0126698
0.0127821
0.0127699
0.0125830
0.0121961
0.0117128
0.0111985
0.0108951
0.0107445
0.0105735
0.0103661
0.0102067
0.0102781
0.0105365
0.0110861
0.0117739
0.0122340
0.0124341
0.0123042
0.0118891
0.0113707
0.0105155
0.0091693
0.0074157
0.0052368
0.0028304
0.0002187
-0.0027553
-0.0057543
-0.0084859
-0.0108756
-0.0128681
-0.0145166
-0.0159746
-0.0174956
-0.0189205
-0.0200828
-0.0210558
-0.0215805
-0.0216139
-0.0215434
-0.0215804
-0.0217866
-0.0220916
-0.0224450
-0.0230223
-0.0236265
-0.0238767
-0.0240230
-0.0240704
-0.0237957
-0.0232396
-0.0221982
-0.0207102
-0.0187843
-0.0165486
-0.0141780
-0.0115031
-0.0086360
-0.0056774
-0.0028256
-0.0002177
0.0021597
0.0040707
0.0053833
0.0058846
0.0057532
0.0054876
0.0050567
0.0045201
0.0039326
0.0031822
0.0023467
0.0015777
0.0010011
0.0007573
0.0008231
0.0009625
0.0009652
0.0007469
0.0004036
-0.0000544
-0.0005659
-0.0013426
-0.0025057
-0.0037098
-0.0048825
-0.0058706
-0.0065747
-0.0071967
-0.0077793
-0.0084363
-0.0093888
-0.0104861
-0.0116256
-0.0130125
-0.0144315
-0.0155168
-0.0161961
-0.0165174
-0.0164929
-0.0161613
-0.0157398
-0.0152767
-0.0147844
-0.0141579
-0.0131849
-0.0120824
-0.0110539
-0.0101612
-0.0094668
-0.0087890
-0.0079686
-0.0069541
-0.0059207
-0.0051386
-0.0046010
-0.0044242
-0.0047562
-0.0053441
-0.0057410
-0.0055801
-0.0048889
-0.0039744
-0.0029128
-0.0015756
0.0000354
0.0017984
0.0035159
0.0048947
0.0057996
0.0063312
0.0066995
0.0069813
0.0072710
0.0076606
0.0079789
0.0082234
0.0085857
0.0091275
0.0098888
0.0106920
0.0112634
0.0115469
0.0115982
0.0115912
0.0114352
0.0108563
0.0098147
0.0084768
0.0071992
0.0060552
0.0048290
0.0035004
0.0022346
0.0012675
0.0007190
0.0005407
0.0008109
0.0014837
0.0023859
0.0035204
0.0045804
0.0052930
0.0055275
0.0051315
0.0042559
0.0030427
0.0016832
0.0002419
-0.0013147
-0.0029829
-0.0048062
-0.0067578
-0.0090659
-0.0113968
-0.0130270
-0.0139147
-0.0141846
-0.0137529
-0.0125283
-0.0107546
-0.0086791
-0.0065847
-0.0046318
-0.0027420
-0.0012795
-0.0007191
-0.0010236
-0.0019092
-0.0032509
-0.0046753
-0.0060750
-0.0074907
-0.0087078
-0.0094699
-0.0093113
-0.0081791
-0.0063044
-0.0040375
-0.0017087
0.0006401
0.0030108
0.0053535
0.0075750
0.0095340
0.0110433
0.0121771
0.0130757
0.0138679
0.0147461
0.0156025
0.0163591
0.0172225
0.0181563
0.0191252
0.0201190
0.0209485
0.0216195
0.0221203
0.0222118
0.0217656
0.0208723
0.0195144
0.0178135
0.0159753
0.0140303
0.0120426
0.0100792
0.0083152
0.0068032
0.0053983
0.0038913
0.0021380
0.0003007
-0.0016413
-0.0036272
-0.0054406
-0.0069941
-0.0081598
-0.0089078
-0.0092236
-0.0090981
-0.0085830
-0.0076541
-0.0063318
-0.0048926
-0.0034014
-0.0018831
-0.0005139
0.0007126
0.0017090
0.0022815
0.0023129
0.0018159
0.0009949
0.0000243
-0.0008021
-0.0012142
-0.0012264
-0.0009356
-0.0003900
0.0005571
0.0018126
0.0030855
0.0040810
0.0045773
0.0044326
0.0036356
0.0024381
0.0010003
-0.0007581
-0.0027987
-0.0048700
-0.0070339
-0.0094470
-0.0121881
-0.0150362
-0.0175160
-0.0195373
-0.0210471
-0.0219698
-0.0223673
-0.0220779
-0.0210528
-0.0194065
-0.0173121
-0.0148269
-0.0118913
-0.0089406
-0.0060929
-0.0031788
-0.0003405
0.0020433
0.0036035
0.0046551
0.0055281
0.0061409
0.0066734
0.0073309
0.0078352
0.0079293
0.0076960
0.0072624
0.0067320
0.0062562
0.0060609
0.0061850
0.0064997
0.0070333
0.0077429
0.0084707
0.0092117
0.0098343
0.0101608
0.0102031
0.0098590
0.0089651
0.0073825
0.0049406
0.0017883
-0.0016905
-0.0050830
-0.0078742
-0.0098031
-0.0109486
-0.0115163
-0.0115494
-0.0111118
-0.0104200
-0.0095058
-0.0083495
-0.0070109
-0.0055549
-0.0037840
-0.0016583
0.0004952
0.0024059
0.0035906
0.0038774
0.0036780
0.0031153
0.0022691
0.0013624
0.0005145
-0.0000502
-0.0003328
-0.0004801
-0.0005029
-0.0006721
-0.0014369
-0.0028423
-0.0047050
-0.0066334
-0.0079755
-0.0085088
-0.0082198
-0.0071246
-0.0055224
-0.0037405
-0.0019293
-0.0001282
0.0014559
0.0027402
0.0039703
0.0051069
0.0058673
0.0062315
0.0063520
0.0062784
0.0060818
0.0058482
0.0053603
0.0046645
0.0039587
0.0031874
0.0023667
0.0014892
0.0007694
0.0002425
-0.0004383
-0.0013152
-0.0022229
-0.0029856
-0.0033562
-0.0030397
-0.0020355
-0.0007532
0.0006233
0.0022155
0.0038873
0.0053524
0.0065183
0.0074694
0.0083639
0.0093058
0.0104224
0.0116576
0.0129160
0.0139344
0.0143708
0.0144199
0.0141589
0.0135776
0.0130229
0.0125700
0.0121200
0.0117814
0.0116081
0.0116219
0.0116884
0.0116447
0.0115131
0.0112530
0.0107026
0.0098369
0.0087063
0.0071753
0.0054053
0.0037441
0.0022733
0.0008964
-0.0003920
-0.0013621
-0.0017642
-0.0013829
-0.0003214
0.0010044
0.0021731
0.0029737
0.0033264
0.0030266
0.0019494
0.0001232
-0.0022881
-0.0048283
-0.0069595
-0.0084152
-0.0093332
-0.0097761
-0.0095231
-0.0085248
-0.0068371
-0.0046162
-0.0020691
0.0007487
0.0035159
0.0056536
0.0069988
0.0076937
0.0079411
0.0080184
0.0080330
0.0078570
0.0075455
0.0072442
0.0068090
0.0061476
0.0053184
0.0043277
0.0031482
0.0019108
0.0006926
-0.0005116
-0.0014533
-0.0019602
-0.0021404
-0.0020702
-0.0019283
-0.0019220
-0.0018508
-0.0017029
-0.0016357
-0.0017151
-0.0019230
-0.0019865
-0.0017791
-0.0013546
-0.0009267
-0.0005362
0.0000819
0.0010803
0.0024215
0.0039186
0.0053560
0.0068005
0.0082735
0.0094212
0.0100883
0.0102720
0.0100712
0.0095379
0.0086266
0.0075066
0.0063914
0.0056092
0.0051303
0.0047287
0.0043683
0.0042001
0.0045325
0.0052875
0.0063428
0.0077324
0.0092407
0.0105998
0.0115453
0.0118008
0.0114536
0.0106327
0.0093782
0.0077930
0.0058398
0.0036516
0.0015393
-0.0004526
-0.0022822
-0.0036889
-0.0046072
-0.0051434
-0.0053980
-0.0055305
-0.0056647
-0.0056207
-0.0051856
-0.0044273
-0.0034014
-0.0022431
-0.0011898
-0.0003931
0.0000094
-0.0000463
-0.0005091
-0.0013518
-0.0025796
-0.0041830
-0.0059494
-0.0075601
-0.0088463
-0.0099164
-0.0108072
-0.0112168
-0.0110653
-0.0104299
-0.0093971
-0.0081930
-0.0070931
-0.0061738
-0.0054490
-0.0050206
-0.0047941
-0.0048182
-0.0051708
-0.0057318
-0.0065181
-0.0074715
-0.0084249
-0.0092497
-0.0098871
-0.0101688
-0.0099229
-0.0092644
-0.0081860
-0.0066528
-0.0045984
-0.0021424
0.0003818
0.0029522
0.0051284
0.0066265
0.0075587
0.0075081
0.0065472
0.0052235
0.0036456
0.0016808
-0.0005908
-0.0029665
-0.0052568
-0.0072781
-0.0089672
-0.0101772
-0.0109101
-0.0112307
-0.0112464
-0.0111107
-0.0106982
-0.0100908
-0.0094744
-0.0087782
-0.0083473
-0.0083192
-0.0084444
-0.0086502
-0.0087222
-0.0085939
-0.0082766
-0.0075724
-0.0062984
-0.0045416
-0.0023647
-0.0000095
0.0021422
0.0039409
0.0050225
0.0051736
0.0046596
0.0037165
0.0024103
0.0008545
-0.0007167
-0.0020833
-0.0029802
-0.0033289
-0.0033756
-0.0031653
-0.0025288
-0.0014653
-0.0001036
0.0012999
0.0023830
0.0029291
0.0029447
0.0024079
0.0014043
0.0001614
-0.0013279
-0.0029341
-0.0044786
-0.0057563
-0.0065426
-0.0067766
-0.0064990
-0.0058872
-0.0048293
-0.0033433
-0.0016601
0.0002346
0.0022548
0.0041930
0.0060157
0.0078520
0.0096168
0.0108808
0.0113760
0.0111268
0.0103482
0.0094954
0.0085460
0.0072692
0.0057498
0.0040583
0.0021993
0.0001855
-0.0017364
-0.0035258
-0.0052410
-0.0067531
-0.0080324
-0.0089299
-0.0093704
-0.0095176
-0.0094259
-0.0090051
-0.0081423
-0.0069416
-0.0055145
-0.0037885
-0.0020427
-0.0005628
0.0006795
0.0016389
0.0024417
0.0031276
0.0035631
0.0039465
0.0044908
0.0052339
0.0061265
0.0071402
0.0082202
0.0091728
0.0098505
0.0102619
0.0104529
0.0104657
0.0103487
0.0099783
0.0092470
0.0081646
0.0069873
0.0059903
0.0050835
0.0042758
0.0036583
0.0032464
0.0029614
0.0025154
0.0018165
0.0009370
-0.0000027
-0.0007570
-0.0013470
-0.0019211
-0.0022475
-0.0021800
-0.0018057
-0.0009754
0.0003537
0.0021930
0.0044480
0.0066980
0.0088635
0.0108856
0.0124063
0.0133780
0.0137566
0.0136782
0.0134814
0.0130869
0.0125210
0.0120071
0.0114118
0.0104307
0.0092058
0.0078664
0.0066311
0.0058083
0.0051415
0.0046192
0.0043596
0.0042816
0.0044947
0.0048571
0.0050793
0.0051789
0.0050278
0.0046315
0.0042346
0.0037351
0.0031631
0.0026442
0.0021772
0.0017080
0.0010656
0.0002716
-0.0004270
-0.0009344
-0.0012628
-0.0014984
-0.0018172
-0.0021319
-0.0023504
-0.0023909
-0.0021525
-0.0019167
-0.0019316
-0.0020599
-0.0021681
-0.0022219
-0.0022153
-0.0022964
-0.0026099
-0.0030737
-0.0035129
-0.0036793
-0.0034911
-0.0031379
-0.0024083
-0.0013091
-0.0002177
0.0010129
0.0023948
0.0036198
0.0045501
0.0051658
0.0055529
0.0057561
0.0059232
0.0061321
0.0062439
0.0063051
0.0061691
0.0055950
0.0047319
0.0037381
0.0026903
0.0015312
0.0000954
-0.0014435
-0.0029995
-0.0046589
-0.0062465
-0.0075540
-0.0084123
-0.0087386
-0.0085628
-0.0079061
-0.0069490
-0.0057534
-0.0042238
-0.0026454
-0.0012082
0.0001724
0.0014492
0.0025042
0.0034330
0.0044318
0.0052808
0.0058372
0.0062656
0.0065959
0.0068876
0.0072407
0.0076381
0.0079479
0.0080747
0.0080936
0.0081355
0.0082849
0.0084365
0.0084993
0.0084732
0.0082935
0.0080448
0.0077840
0.0072540
0.0063018
0.0050994
0.0038590
0.0026010
0.0012350
0.0000313
-0.0007486
-0.0012121
-0.0013942
-0.0013823
-0.0011740
-0.0006452
-0.0000713
0.0001707
0.0002596
0.0005727
0.0011785
0.0018896
0.0025058
0.0030834
0.0037079
0.0043233
0.0047414
0.0051431
0.0056602
0.0059738
0.0060821
0.0059890
0.0056560
0.0052880
0.0049177
0.0043891
0.0035657
0.0024776
0.0012151
-0.0002424
-0.0018069
-0.0032683
-0.0043540
-0.0051328
-0.0058685
-0.0063723
-0.0066194
-0.0068670
-0.0071592
-0.0073148
-0.0071423
-0.0068230
-0.0065668
-0.0065206
-0.0066313
-0.0068082
-0.0072186
-0.0077677
-0.0084505
-0.0092759
-0.0101645
-0.0110180
-0.0116246
-0.0120045
-0.0120098
-0.0116061
-0.0110594
-0.0104092
-0.0096932
-0.0088771
-0.0078141
-0.0065854
-0.0053102
-0.0040899
-0.0031949
-0.0027139
-0.0025211
-0.0026726
-0.0032176
-0.0041436
-0.0053677
-0.0065875
-0.0076108
-0.0084173
-0.0089321
-0.0090075
-0.0086883
-0.0080526
-0.0071059
-0.0059918
-0.0049771
-0.0041885
-0.0036124
-0.0035168
-0.0039707
-0.0045830
-0.0050217
-0.0053296
-0.0056570
-0.0059218
-0.0060610
-0.0058840
-0.0053314
-0.0047739
-0.0044397
-0.0043061
-0.0041631
-0.0037769
-0.0033452
-0.0032740
-0.0035916
-0.0040712
-0.0045111
-0.0050236
-0.0056897
-0.0062953
-0.0068168
-0.0070600
-0.0069112
-0.0065927
-0.0061465
-0.0056384
-0.0051991
-0.0049827
-0.0049825
-0.0050246
-0.0049945
-0.0048742
-0.0047235
-0.0045038
-0.0042807
-0.0040726
-0.0038690
-0.0036889
-0.0034608
-0.0032737
-0.0032300
-0.0032476
-0.0031300
-0.0028665
-0.0026279
-0.0025559
-0.0027737
-0.0031466
-0.0032964
-0.0032197
-0.0031229
-0.0031182
-0.0034605
-0.0041016
-0.0047045
-0.0050297
-0.0049805
-0.0048612
-0.0048965
-0.0049892
-0.0051280
-0.0052293
-0.0052860
-0.0055391
-0.0060556
-0.0065194
-0.0066910
-0.0066032
-0.0061668
-0.0053965
-0.0043358
-0.0029878
-0.0014368
0.0003518
0.0022242
0.0040041
0.0057635
0.0074463
0.0088497
0.0099153
0.0105913
0.0107957
0.0107298
0.0105536
0.0101337
0.0095441
0.0088287
0.0080357
0.0074250
0.0068974
0.0062675
0.0056003
0.0048831
0.0041752
0.0035602
0.0030733
0.0028730
0.0029325
0.0031247
0.0033731
0.0035241
0.0035759
0.0035248
0.0032393
0.0027326
0.0020129
0.0011646
0.0002488
-0.0006840
-0.0015384
-0.0021613
-0.0023551
-0.0022093
-0.0017770
-0.0012864
-0.0009247
-0.0005008
0.0000271
0.0007137
0.0014683
0.0021470
0.0029391
0.0039716
0.0052903
0.0067185
0.0079408
0.0088118
0.0090763
0.0087654
0.0081776
0.0072850
0.0061022
0.0048787
0.0037055
0.0026587
0.0019684
0.0015723
0.0014241
0.0017316
0.0023962
0.0031204
0.0037571
0.0041880
0.0041528
0.0035876
0.0027319
0.0019775
0.0013863
0.0007375
0.0001567
-0.0001920
-0.0001525
0.0003667
0.0012405
0.0024344
0.0038333
0.0052565
0.0066636
0.0078904
0.0087784
0.0092939
0.0092909
0.0086846
0.0074946
0.0058284
0.0038976
0.0018093
-0.0003780
-0.0025967
-0.0045762
-0.0060578
-0.0070318
-0.0075744
-0.0078587
-0.0078687
-0.0073940
-0.0064165
-0.0050005
-0.0033609
-0.0017094
-0.0000715
0.0012545
0.0018942
0.0016925
0.0008415
-0.0002233
-0.0011999
-0.0018416
-0.0021231
-0.0022589
-0.0022343
-0.0020250
-0.0015431
-0.0007104
0.0002262
0.0010490
0.0016635
0.0020191
0.0020069
0.0015940
0.0009158
0.0001244
-0.0006102
-0.0012198
-0.0017588
-0.0022212
-0.0024499
-0.0025653
-0.0028544
-0.0031707
-0.0033234
-0.0031324
-0.0023875
-0.0011187
0.0005309
0.0024788
0.0045538
0.0065721
0.0085193
0.0102349
0.0115403
0.0123747
0.0127076
0.0125562
0.0119710
0.0111019
0.0100939
0.0089306
0.0075815
0.0061674
0.0047370
0.0033361
0.0020803
0.0008900
-0.0004174
-0.0018392
-0.0030331
-0.0038689
-0.0044249
-0.0046676
-0.0046081
-0.0041144
-0.0032782
-0.0023659
-0.0015151
-0.0009840
-0.0008770
-0.0011379
-0.0017614
-0.0026727
-0.0038480
-0.0051764
-0.0064269
-0.0074346
-0.0079968
-0.0081568
-0.0082225
-0.0083033
-0.0084387
-0.0086287
-0.0087349
-0.0087571
-0.0086554
-0.0082814
-0.0075611
-0.0065280
-0.0053486
-0.0041038
-0.0029033
-0.0019948
-0.0014133
-0.0010245
-0.0008933
-0.0010374
-0.0013383
-0.0016820
-0.0019968
-0.0023653
-0.0027784
-0.0032377
-0.0037455
-0.0042309
-0.0046186
-0.0048180
-0.0049180
-0.0050001
-0.0050128
-0.0048615
-0.0044265
-0.0036011
-0.0022836
-0.0006654
0.0009716
0.0026088
0.0041285
0.0053536
0.0062779
0.0069630
0.0074415
0.0076795
0.0076842
0.0074915
0.0071188
0.0067774
0.0066678
0.0067174
0.0067537
0.0067223
0.0066019
0.0062671
0.0057511
0.0050925
0.0042500
0.0033498
0.0024783
0.0015380
0.0004871
-0.0005580
-0.0015165
-0.0022739
-0.0026260
-0.0026051
-0.0022982
-0.0016410
-0.0006735
0.0005993
0.0020440
0.0034172
0.0046912
0.0057186
0.0062604
0.0063079
0.0059967
0.0053470
0.0043580
0.0032463
0.0022443
0.0013200
0.0003502
-0.0004854
-0.0009155
-0.0008796
-0.0004585
0.0001412
0.0007605
0.0013956
0.0019089
0.0020939
0.0017842
0.0009162
-0.0002158
-0.0013514
-0.0023533
-0.0031714
-0.0038232
-0.0042324
-0.0044663
-0.0045774
-0.0045379
-0.0042857
-0.0037136
-0.0029747
-0.0022352
-0.0015022
-0.0009828
-0.0006739
-0.0002911
0.0002262
0.0008228
0.0014600
0.0021440
0.0028968
0.0037863
0.0049239
0.0063412
0.0080271
0.0098151
0.0114211
0.0127682
0.0137096
0.0139155
0.0133725
0.0122231
0.0104977
0.0084469
0.0064347
0.0047353
0.0035132
0.0026195
0.0020277
0.0019805
0.0024214
0.0030852
0.0038690
0.0047793
0.0056480
0.0061449
0.0061159
0.0056623
0.0049900
0.0041181
0.0029751
0.0016307
0.0001420
-0.0014163
-0.0029859
-0.0044289
-0.0055156
-0.0063121
-0.0070399
-0.0077213
-0.0081372
-0.0079908
-0.0073627
-0.0067232
-0.0063019
-0.0060545
-0.0059605
-0.0060553
-0.0063374
-0.0065962
-0.0067556
-0.0069356
-0.0071037
-0.0072119
-0.0072660
-0.0072200
-0.0070974
-0.0070492
-0.0070108
-0.0066852
-0.0059779
-0.0049815
-0.0037307
-0.0023558
-0.0011090
-0.0000865
0.0006640
0.0010781
0.0010685
0.0006231
0.0000375
-0.0004101
-0.0007122
-0.0008623
-0.0008556
-0.0008528
-0.0009252
-0.0009154
-0.0006551
-0.0001319
0.0005310
0.0012096
0.0018524
0.0024322
0.0030004
0.0035439
0.0038789
0.0039836
0.0039616
0.0038800
0.0038465
0.0037172
0.0032113
0.0024231
0.0014932
0.0003531
-0.0010017
-0.0024212
-0.0037716
-0.0049874
-0.0060410
-0.0070278
-0.0078921
-0.0084437
-0.0086457
-0.0085121
-0.0080675
-0.0073370
-0.0064352
-0.0056701
-0.0051363
-0.0046321
-0.0040610
-0.0035307
-0.0030988
-0.0025842
-0.0017561
-0.0006388
0.0005232
0.0015717
0.0023708
0.0028545
0.0030616
0.0030340
0.0029117
0.0028504
0.0028340
0.0027201
0.0024175
0.0019128
0.0013605
0.0008113
0.0001446
-0.0006277
-0.0013509
-0.0020048
-0.0027393
-0.0034218
-0.0039540
-0.0042902
-0.0041842
-0.0036422
-0.0028977
-0.0021127
-0.0012162
-0.0002511
0.0006220
0.0014184
0.0021636
0.0029040
0.0035893
0.0041269
0.0044981
0.0048059
0.0051440
0.0052967
0.0051365
0.0048658
0.0046870
0.0045958
0.0045404
0.0044517
0.0041201
0.0034921
0.0026504
0.0016436
0.0006152
-0.0002523
-0.0008286
-0.0010657
-0.0009228
-0.0003994
0.0003646
0.0011988
0.0018572
0.0020097
0.0016441
0.0009560
-0.0001642
-0.0017138
-0.0033831
-0.0049301
-0.0062366
-0.0073509
-0.0081680
-0.0085767
-0.0085897
-0.0080597
-0.0071021
-0.0060622
-0.0051291
-0.0044075
-0.0039008
-0.0036158
-0.0035432
-0.0034930
-0.0034114
-0.0034142
-0.0034821
-0.0037773
-0.0043862
-0.0049170
-0.0052075
-0.0054236
-0.0057389
-0.0061371
-0.0064463
-0.0065539
-0.0064036
-0.0060308
-0.0055981
-0.0052313
-0.0047549
-0.0040261
-0.0031257
-0.0021266
-0.0011680
-0.0003605
0.0002161
0.0003696
0.0002220
-0.0000752
-0.0005894
-0.0012154
-0.0018056
-0.0022880
-0.0025717
-0.0026659
-0.0025841
-0.0021532
-0.0015548
-0.0011442
-0.0008077
-0.0003509
0.0001494
0.0005311
0.0006559
0.0006092
0.0005219
0.0002672
-0.0001913
-0.0007516
-0.0013194
-0.0018594
-0.0023636
-0.0028408
-0.0034249
-0.0042343
-0.0051763
-0.0060442
-0.0068166
-0.0075305
-0.0080746
-0.0083021
-0.0080097
-0.0069453
-0.0050919
-0.0026837
0.0000711
0.0029448
0.0056874
0.0082245
0.0105816
0.0126623
0.0141398
0.0146923
0.0144759
0.0138288
0.0127804
0.0113863
0.0097751
0.0079133
0.0059538
0.0041753
0.0027222
0.0016462
0.0009219
0.0006341
0.0008783
0.0016313
0.0027009
0.0038664
0.0049457
0.0056159
0.0056730
0.0051049
0.0040720
0.0030822
0.0025600
0.0025124
0.0027949
0.0032474
0.0035494
0.0032023
0.0019685
-0.0001448
-0.0029903
-0.0062573
-0.0095588
-0.0123386
-0.0142124
-0.0149258
-0.0144754
-0.0132496
-0.0116370
-0.0101163
-0.0090745
-0.0085180
-0.0082072
-0.0079039
-0.0074973
-0.0069975
-0.0065062
-0.0061839
-0.0062593
-0.0068044
-0.0076815
-0.0086766
-0.0094678
-0.0096311
-0.0088881
-0.0072952
-0.0050561
-0.0025701
-0.0002734
0.0016005
0.0030072
0.0041581
0.0052339
0.0062671
0.0072524
0.0081062
0.0086427
0.0087354
0.0084368
0.0076196
0.0062480
0.0047233
0.0034253
0.0026648
0.0024648
0.0025626
0.0027812
0.0029550
0.0027366
0.0018775
0.0003698
-0.0017067
-0.0039648
-0.0059583
-0.0074706
-0.0084188
-0.0087153
-0.0084201
-0.0076015
-0.0062965
-0.0048862
-0.0036192
-0.0026193
-0.0020741
-0.0018820
-0.0017415
-0.0013424
-0.0006278
0.0003011
0.0013647
0.0025120
0.0037580
0.0050587
0.0061924
0.0070347
0.0074967
0.0075337
0.0073478
0.0069186
0.0063424
0.0057301
0.0049707
0.0041997
0.0033905
0.0025965
0.0020383
0.0015964
0.0012368
0.0011337
0.0014206
0.0019801
0.0026110
0.0033712
0.0043122
0.0052330
0.0058691
0.0059675
0.0054626
0.0046644
0.0036676
0.0025177
0.0015124
0.0006575
-0.0000238
-0.0002334
0.0001976
0.0011071
0.0021249
0.0029905
0.0035904
0.0039581
0.0042279
0.0044981
0.0047016
0.0045715
0.0038879
0.0026776
0.0011072
-0.0006795
-0.0023933
-0.0038251
-0.0048872
-0.0053583
-0.0052777
-0.0048394
-0.0041780
-0.0035185
-0.0028240
-0.0020775
-0.0014307
-0.0007698
-0.0001896
0.0000297
-0.0002176
-0.0008847
-0.0017330
-0.0026261
-0.0036231
-0.0047037
-0.0057748
-0.0067611
-0.0074300
-0.0075678
-0.0072960
-0.0068920
-0.0065922
-0.0063635
-0.0059573
-0.0054485
-0.0051144
-0.0050220
-0.0050741
-0.0051377
-0.0051283
-0.0050829
-0.0049581
-0.0045819
-0.0039872
-0.0033824
-0.0028396
-0.0023540
-0.0020193
-0.0018181
-0.0016033
-0.0012992
-0.0010137
-0.0009261
-0.0010852
-0.0014057
-0.0016508
-0.0016221
-0.0012437
-0.0006133
-0.0001368
-0.0000462
-0.0002154
-0.0004875
-0.0006544
-0.0006313
-0.0005479
-0.0004243
-0.0002358
0.0000868
0.0006646
0.0014114
0.0022512
0.0032724
0.0044586
0.0056428
0.0066501
0.0071470
0.0068948
0.0061109
0.0050034
0.0036468
0.0022243
0.0008381
-0.0004287
-0.0013826
-0.0018853
-0.0019163
-0.0016637
-0.0013306
-0.0009325
-0.0003937
0.0002886
0.0010038
0.0016996
0.0021942
0.0024745
0.0028231
0.0032364
0.0035841
0.0038494
0.0040993
0.0044107
0.0048578
0.0054723
0.0061013
0.0066615
0.0071760
0.0075749
0.0078243
0.0077879
0.0073711
0.0067864
0.0061796
0.0055535
0.0049056
0.0041891
0.0034834
0.0028729
0.0023991
0.0022105
0.0021888
0.0021672
0.0021513
0.0021334
0.0020934
0.0020624
0.0021156
0.0021783
0.0022323
0.0024253
0.0028280
0.0032532
0.0033953
0.0031456
0.0026861
0.0023002
0.0020666
0.0019807
0.0020667
0.0022498
0.0023216
0.0020959
0.0016320
0.0008711
-0.0003310
-0.0018919
-0.0036041
-0.0051269
-0.0062264
-0.0068422
-0.0069768
-0.0067587
-0.0063583
-0.0058574
-0.0052238
-0.0044821
-0.0038115
-0.0034258
-0.0032704
-0.0029198
-0.0022530
-0.0016317
-0.0011040
-0.0005266
0.0000691
0.0006891
0.0012154
0.0015455
0.0015899
0.0013061
0.0009233
0.0005969
0.0003022
-0.0000680
-0.0005690
-0.0010828
-0.0014400
-0.0016014
-0.0015912
-0.0015214
-0.0015152
-0.0015036
-0.0013653
-0.0008746
0.0001176
0.0014083
0.0027175
0.0039303
0.0049659
0.0057684
0.0064876
0.0071556
0.0075317
0.0075021
0.0070163
0.0060229
0.0047593
0.0034416
0.0020830
0.0006816
-0.0007938
-0.0021949
-0.0032252
-0.0037184
-0.0036098
-0.0029143
-0.0017045
-0.0001001
0.0016394
0.0031998
0.0042693
0.0046706
0.0046014
0.0042362
0.0033548
0.0018429
-0.0000562
-0.0018727
-0.0033335
-0.0045118
-0.0053947
-0.0060577
-0.0066671
-0.0071689
-0.0075080
-0.0076405
-0.0075329
-0.0073275
-0.0070222
-0.0064991
-0.0058026
-0.0049910
-0.0040434
-0.0030486
-0.0021058
-0.0011020
0.0000064
0.0011108
0.0021327
0.0029449
0.0034875
0.0038918
0.0043989
0.0050631
0.0055955
0.0058273
0.0058406
0.0058196
0.0057831
0.0055829
0.0051331
0.0043949
0.0035658
0.0028827
0.0024873
0.0024104
0.0025080
0.0026574
0.0027862
0.0029039
0.0029702
0.0028714
0.0025806
0.0021335
0.0016087
0.0009272
-0.0000296
-0.0010320
-0.0018863
-0.0026579
-0.0033715
-0.0039949
-0.0044799
-0.0048077
-0.0049961
-0.0050607
-0.0050778
-0.0050143
-0.0046591
-0.0040411
-0.0034765
-0.0030266
-0.0024942
-0.0019522
-0.0016435
-0.0015618
-0.0015810
-0.0017091
-0.0019389
-0.0022313
-0.0025901
-0.0029473
-0.0032117
-0.0032928
-0.0032346
-0.0031371
-0.0028471
-0.0023411
-0.0018760
-0.0016067
-0.0015353
-0.0015405
-0.0015475
-0.0015062
-0.0012460
-0.0006933
-0.0000678
0.0003695
0.0004939
0.0001994
-0.0003420
-0.0008809
-0.0013005
-0.0014701
-0.0013886
-0.0009417
-0.0000078
0.0011579
0.0022430
0.0031080
0.0038618
0.0046955
0.0055504
0.0063729
0.0072956
0.0082855
0.0091473
0.0099118
0.0106401
0.0112235
0.0116230
0.0117890
0.0115829
0.0110228
0.0103122
0.0096129
0.0089325
0.0082855
0.0077448
0.0073257
0.0071455
0.0072241
0.0072546
0.0070455
0.0065082
0.0057352
0.0050390
0.0044616
0.0038794
0.0032733
0.0027196
0.0022885
0.0019203
0.0014703
0.0009020
0.0002882
-0.0003108
-0.0008676
-0.0012629
-0.0013909
-0.0013893
-0.0014563
-0.0016682
-0.0019981
-0.0024466
-0.0030708
-0.0038355
-0.0045525
-0.0050455
-0.0052714
-0.0052259
-0.0049976
-0.0046151
-0.0040773
-0.0036064
-0.0033984
-0.0033360
-0.0031910
-0.0028949
-0.0025264
-0.0022367
-0.0020904
-0.0020480
-0.0019997
-0.0018245
-0.0015809
-0.0013847
-0.0012836
-0.0011821
-0.0009095
-0.0005605
-0.0003335
-0.0002737
-0.0003216
-0.0003775
-0.0003803
-0.0003547
-0.0003176
-0.0002766
-0.0002083
-0.0000216
0.0002368
0.0004672
0.0007411
0.0011651
0.0016826
0.0021401
0.0023639
0.0023535
0.0022933
0.0022561
0.0022668
0.0023049
0.0022236
0.0019292
0.0015353
0.0011702
0.0008641
0.0007214
0.0009474
0.0015838
0.0023337
0.0030352
0.0038073
0.0047298
0.0057365
0.0066649
0.0073616
0.0076790
0.0076008
0.0072338
0.0066408
0.0059249
0.0052412
0.0045723
0.0037802
0.0028426
0.0018595
0.0007173
-0.0007401
-0.0022752
-0.0036456
-0.0048200
-0.0057690
-0.0063592
-0.0065801
-0.0066196
-0.0066694
-0.0068049
-0.0068946
-0.0068805
-0.0067663
-0.0064458
-0.0058950
-0.0053112
-0.0049925
-0.0050958
-0.0055407
-0.0061046
-0.0066007
-0.0069228
-0.0070089
-0.0069188
-0.0066604
-0.0061226
-0.0053781
-0.0045429
-0.0036962
-0.0029060
-0.0021952
-0.0016330
-0.0011648
-0.0006308
-0.0001212
0.0001303
0.0000560
-0.0002451
-0.0006340
-0.0011447
-0.0017487
-0.0023018
-0.0028934
-0.0035567
-0.0041993
-0.0047113
-0.0048535
-0.0045060
-0.0038365
-0.0031388
-0.0024972
-0.0019143
-0.0015416
-0.0013980
-0.0011762
-0.0005786
0.0003354
0.0014117
0.0025650
0.0037277
0.0048672
0.0058564
0.0065220
0.0067073
0.0063526
0.0055687
0.0043905
0.0027902
0.0009091
-0.0009607
-0.0025622
-0.0038117
-0.0047700
-0.0054829
-0.0060441
-0.0065160
-0.0067711
-0.0066937
-0.0061321
-0.0050087
-0.0035392
-0.0019980
-0.0004686
0.0009365
0.0019299
0.0023324
0.0021656
0.0015569
0.0005550
-0.0008421
-0.0025426
-0.0042770
-0.0056372
-0.0064129
-0.0067543
-0.0068941
-0.0067651
-0.0061926
-0.0052260
-0.0040364
-0.0027683
-0.0015373
-0.0003645
0.0007834
0.0017093
0.0022043
0.0023514
0.0023585
0.0023810
0.0024524
0.0025653
0.0026456
0.0025349
0.0021777
0.0017296
0.0014287
0.0014577
0.0017824
0.0021672
0.0024394
0.0025669
0.0026918
0.0029408
0.0032593
0.0036342
0.0041000
0.0045833
0.0050163
0.0053697
0.0055534
0.0054361
0.0050510
0.0046182
0.0041984
0.0036390
0.0028540
0.0019296
0.0009097
-0.0002195
-0.0014034
-0.0025863
-0.0036824
-0.0045585
-0.0052334
-0.0058483
-0.0063806
-0.0067328
-0.0069054
-0.0069235
-0.0068403
-0.0066530
-0.0062363
-0.0055409
-0.0047217
-0.0040318
-0.0035687
-0.0033038
-0.0031211
-0.0027677
-0.0021024
-0.0012423
-0.0003679
0.0004971
0.0013521
0.0020880
0.0026073
0.0028832
0.0029418
0.0028635
0.0027275
0.0025588
0.0024319
0.0023876
0.0023891
0.0024362
0.0025093
0.0026609
0.0029315
0.0033423
0.0038939
0.0043545
0.0045688
0.0046612
0.0046879
0.0044933
0.0040391
0.0034803
0.0028801
0.0022352
0.0015657
0.0008889
0.0002720
-0.0002482
-0.0006245
-0.0008146
-0.0008637
-0.0007982
-0.0005056
0.0000896
0.0008307
0.0015875
0.0022987
0.0029768
0.0036590
0.0041684
0.0043531
0.0041943
0.0036585
0.0027771
0.0016304
0.0002448
-0.0012923
-0.0027435
-0.0038497
-0.0044560
-0.0046356
-0.0046184
-0.0046298
-0.0046644
-0.0044223
-0.0038082
-0.0029958
-0.0021389
-0.0013836
-0.0007965
-0.0004127
-0.0003130
-0.0005755
-0.0012091
-0.0020196
-0.0027749
-0.0034011
-0.0039340
-0.0043616
-0.0045735
-0.0044337
-0.0039271
-0.0033201
-0.0029434
-0.0027825
-0.0025462
-0.0021158
-0.0015846
-0.0010922
-0.0006654
0.0000172
0.0011271
0.0022776
0.0031727
0.0038163
0.0041588
0.0041547
0.0038880
0.0034380
0.0028412
0.0022533
0.0018186
0.0015019
0.0012972
0.0013286
0.0016561
0.0021444
0.0026689
0.0033028
0.0039818
0.0043878
0.0044322
0.0043178
0.0041736
0.0039391
0.0035163
0.0029500
0.0023560
0.0017171
0.0009338
0.0000258
-0.0008289
-0.0015086
-0.0019789
-0.0020789
-0.0016891
-0.0009759
-0.0001909
0.0006574
0.0015890
0.0024179
0.0030718
0.0035882
0.0038988
0.0039629
0.0038335
0.0034861
0.0028914
0.0022289
0.0016545
0.0011030
0.0004332
-0.0003103
-0.0008209
-0.0009634
-0.0009267
-0.0008754
-0.0008918
-0.0009676
-0.0009952
-0.0008668
-0.0005200
-0.0000624
0.0003289
0.0005428
0.0004931
0.0002082
-0.0001927
-0.0005436
-0.0005873
-0.0002565
0.0001917
0.0004245
0.0003350
0.0001104
-0.0000925
-0.0002995
-0.0005850
-0.0009827
-0.0014460
-0.0018774
-0.0022465
-0.0025079
-0.0025457
-0.0021972
-0.0015144
-0.0008148
-0.0001772
0.0004611
0.0011560
0.0018687
0.0023975
0.0026786
0.0027846
0.0027968
0.0027410
0.0026063
0.0023978
0.0021238
0.0017263
0.0011538
0.0005074
-0.0000658
-0.0004798
-0.0006568
-0.0005610
-0.0002228
0.0003014
0.0008803
0.0014136
0.0018453
0.0020469
0.0019909
0.0017663
0.0013334
0.0006378
-0.0002216
-0.0010389
-0.0016399
-0.0020652
-0.0024083
-0.0027134
-0.0030611
-0.0034916
-0.0040065
-0.0045715
-0.0050639
-0.0053545
-0.0054477
-0.0054412
-0.0053526
-0.0051415
-0.0048722
-0.0045724
-0.0040844
-0.0034511
-0.0030001
-0.0028678
-0.0029176
-0.0029768
-0.0029567
-0.0028703
-0.0027790
-0.0027334
-0.0027147
-0.0026163
-0.0022848
-0.0016955
-0.0011163
-0.0008165
-0.0007522
-0.0007238
-0.0006533
-0.0005711
-0.0005243
-0.0005807
-0.0007063
-0.0007676
-0.0006726
-0.0004034
0.0000443
0.0005856
0.0009803
0.0011016
0.0010373
0.0009158
0.0007598
0.0004789
0.0000244
-0.0004547
-0.0007605
-0.0010094
-0.0014581
-0.0020456
-0.0025049
-0.0027256
-0.0027823
-0.0027859
-0.0027431
-0.0026338
-0.0023755
-0.0018355
-0.0011821
-0.0007133
-0.0004468
-0.0002375
-0.0000194
0.0001672
0.0002152
0.0001259
-0.0000079
-0.0001668
-0.0003527
-0.0005134
-0.0005676
-0.0005317
-0.0004315
-0.0002691
-0.0002007
-0.0003415
-0.0005903
-0.0008223
-0.0010024
-0.0010933
-0.0009937
-0.0006863
-0.0001932
0.0005629
0.0015626
0.0026025
0.0035081
0.0042727
0.0049242
0.0054214
0.0056356
0.0053867
0.0046231
0.0034361
0.0019554
0.0003308
-0.0013090
-0.0028243
-0.0040578
-0.0049555
-0.0055210
-0.0057380
-0.0055361
-0.0048669
-0.0038767
-0.0027434
-0.0015067
-0.0001862
0.0011848
0.0024709
0.0034999
0.0042083
0.0045376
0.0045034
0.0041876
0.0036345
0.0028987
0.0020508
0.0011124
0.0001985
-0.0004060
-0.0006051
-0.0005764
-0.0004876
-0.0002820
0.0001782
0.0007419
0.0011815
0.0014967
0.0016903
0.0016146
0.0011683
0.0004575
-0.0003072
-0.0010085
-0.0016517
-0.0021357
-0.0023647
-0.0023848
-0.0022631
-0.0020610
-0.0017559
-0.0013145
-0.0007404
-0.0000168
0.0008375
0.0017738
0.0026630
0.0034079
0.0040633
0.0046054
0.0050727
0.0056356
0.0062592
0.0067765
0.0071544
0.0073746
0.0073659
0.0072141
0.0070059
0.0068028
0.0067348
0.0067972
0.0069287
0.0070729
0.0070538
0.0067236
0.0061501
0.0054055
0.0045095
0.0035575
0.0026000
0.0017259
0.0009922
0.0003367
-0.0001676
-0.0004205
-0.0005250
-0.0006972
-0.0009753
-0.0012291
-0.0013869
-0.0014451
-0.0014388
-0.0013011
-0.0009587
-0.0004807
0.0000841
0.0007411
0.0014150
0.0019398
0.0021204
0.0017981
0.0010983
0.0003241
-0.0003992
-0.0010845
-0.0017676
-0.0024935
-0.0032374
-0.0038114
-0.0040843
-0.0041464
-0.0040649
-0.0038225
-0.0035292
-0.0034527
-0.0038130
-0.0044937
-0.0051777
-0.0057047
-0.0059765
-0.0058330
-0.0051900
-0.0041745
-0.0029450
-0.0015943
-0.0001938
0.0011522
0.0022082
0.0027485
0.0027228
0.0022946
0.0017308
0.0011112
0.0004487
-0.0000467
-0.0001989
-0.0000266
0.0003392
0.0007487
0.0009327
0.0006886
0.0001891
-0.0002495
-0.0004135
-0.0002742
0.0001082
0.0006670
0.0011825
0.0014271
0.0014263
0.0013389
0.0013626
0.0017294
0.0024175
0.0030652
0.0034361
0.0037578
0.0042733
0.0048153
0.0051441
0.0053094
0.0054315
0.0054529
0.0052254
0.0047079
0.0040783
0.0035407
0.0031353
0.0027861
0.0024857
0.0022532
0.0020944
0.0020782
0.0021565
0.0022147
0.0022206
0.0022177
0.0022993
0.0024257
0.0024866
0.0024897
0.0024793
0.0023766
0.0020762
0.0016868
0.0013110
0.0009515
0.0008319
0.0011222
0.0017014
0.0024202
0.0031429
0.0038118
0.0044291
0.0049270
0.0052419
0.0052946
0.0049732
0.0042577
0.0032776
0.0022225
0.0010788
-0.0002397
-0.0016963
-0.0032114
-0.0045533
-0.0054404
-0.0058252
-0.0059202
-0.0059210
-0.0058988
-0.0058370
-0.0054740
-0.0046087
-0.0033784
-0.0020662
-0.0009801
-0.0001485
0.0005427
0.0010461
0.0013130
0.0012960
0.0010425
0.0006714
0.0002723
-0.0000497
-0.0001648
0.0000210
0.0003901
0.0008678
0.0015923
0.0025477
0.0035182
0.0043508
0.0049095
0.0050463
0.0047060
0.0039873
0.0030758
0.0020414
0.0009808
0.0001108
-0.0004808
-0.0009178
-0.0013307
-0.0016897
-0.0018299
-0.0017351
-0.0016433
-0.0017559
-0.0020195
-0.0022357
-0.0022987
-0.0022591
-0.0022691
-0.0023656
-0.0024269
-0.0023919
-0.0022181
-0.0018470
-0.0013986
-0.0010618
-0.0009581
-0.0010814
-0.0012769
-0.0013396
-0.0010869
-0.0006032
-0.0000629
0.0005529
0.0011591
0.0015995
0.0019311
0.0022727
0.0024873
0.0023724
0.0020342
0.0016976
0.0015342
0.0014927
0.0012787
0.0007972
0.0002646
-0.0000886
-0.0001355
0.0001305
0.0005119
0.0008437
0.0011104
0.0013136
0.0013872
0.0012623
0.0009578
0.0005153
0.0000770
-0.0003031
-0.0007946
-0.0013882
-0.0018281
-0.0018985
-0.0015451
-0.0009815
-0.0005063
-0.0002734
-0.0003013
-0.0002539
0.0001464
0.0008348
0.0014523
0.0017847
0.0020161
0.0024067
0.0028932
0.0032890
0.0034791
0.0034966
0.0034590
0.0034367
0.0034749
0.0035376
0.0035777
0.0035687
0.0034964
0.0033081
0.0029797
0.0026152
0.0021609
0.0014724
0.0005485
-0.0005018
-0.0014249
-0.0019716
-0.0022081
-0.0023478
-0.0024293
-0.0024169
-0.0023297
-0.0022695
-0.0022527
-0.0021526
-0.0019331
-0.0016431
-0.0014506
-0.0015866
-0.0020304
-0.0026211
-0.0032716
-0.0038878
-0.0044184
-0.0049649
-0.0055155
-0.0058797
-0.0060884
-0.0062816
-0.0064750
-0.0065885
-0.0064894
-0.0062117
-0.0059893
-0.0059830
-0.0061296
-0.0063165
-0.0064831
-0.0065922
-0.0066135
-0.0065792
-0.0064660
-0.0061675
-0.0058412
-0.0056820
-0.0056317
-0.0055299
-0.0052202
-0.0047256
-0.0042159
-0.0037724
-0.0032940
-0.0026779
-0.0019963
-0.0013117
-0.0006546
-0.0001048
0.0003662
0.0007850
0.0011144
0.0013936
0.0017304
0.0022289
0.0028964
0.0036567
0.0044190
0.0050868
0.0055664
0.0058105
0.0057405
0.0052918
0.0046169
0.0038903
0.0031066
0.0022294
0.0012583
0.0003130
-0.0003967
-0.0008721
-0.0012815
-0.0016675
-0.0019732
-0.0021804
-0.0023426
-0.0026269
-0.0031066
-0.0035575
-0.0037669
-0.0037279
-0.0035075
-0.0031126
-0.0025343
-0.0018878
-0.0012602
-0.0007454
-0.0004557
-0.0003445
-0.0003275
-0.0003163
-0.0002516
-0.0001705
-0.0001167
-0.0000993
-0.0001017
-0.0001113
-0.0001576
-0.0003433
-0.0006989
-0.0012079
-0.0018871
-0.0026137
-0.0031775
-0.0034460
-0.0034739
-0.0035579
-0.0039418
-0.0045294
-0.0051208
-0.0055845
-0.0059632
-0.0063028
-0.0064822
-0.0064381
-0.0061077
-0.0054515
-0.0045996
-0.0036849
-0.0027188
-0.0016958
-0.0006604
0.0003018
0.0010805
0.0015119
0.0016575
0.0017646
0.0019599
0.0022610
0.0025430
0.0026788
0.0027075
0.0028076
0.0030707
0.0034614
0.0039433
0.0043750
0.0046059
0.0046447
0.0045020
0.0042237
0.0038960
0.0034529
0.0027873
0.0018789
0.0008711
0.0000310
-0.0005563
-0.0009866
-0.0012215
-0.0011355
-0.0007475
-0.0002648
0.0001518
0.0005598
0.0009584
0.0011555
0.0010552
0.0008230
0.0005956
0.0003742
0.0001361
-0.0001243
-0.0002697
-0.0002118
-0.0000628
0.0000846
0.0003174
0.0007473
0.0012334
0.0015202
0.0015334
0.0013136
0.0009803
0.0006633
0.0002982
-0.0001767
-0.0006819
-0.0012414
-0.0019389
-0.0025932
-0.0029467
-0.0029935
-0.0028240
-0.0024640
-0.0019924
-0.0015671
-0.0011803
-0.0007242
-0.0002877
0.0000466
0.0004544
0.0009898
0.0015004
0.0019971
0.0024743
0.0027824
0.0028641
0.0028053
0.0027478
0.0027546
0.0027723
0.0027048
0.0025073
0.0022547
0.0019720
0.0016418
0.0012769
0.0008207
0.0003455
0.0000081
-0.0002160
-0.0004218
-0.0006328
-0.0008695
-0.0010865
-0.0012210
-0.0013227
-0.0013984
-0.0014296
-0.0014368
-0.0014366
-0.0014374
-0.0014614
-0.0015423
-0.0016271
-0.0016765
-0.0016770
-0.0015695
-0.0013975
-0.0011874
-0.0008637
-0.0004725
-0.0001694
-0.0000563
-0.0001186
-0.0002796
-0.0004705
-0.0006899
-0.0010305
-0.0014761
-0.0019478
-0.0023831
-0.0026889
-0.0028725
-0.0030115
-0.0031871
-0.0034606
-0.0037680
-0.0039951
-0.0040941
-0.0040439
-0.0038609
-0.0035685
-0.0031546
-0.0025937
-0.0019251
-0.0012517
-0.0006306
-0.0000229
0.0005926
0.0011356
0.0014689
0.0015624
0.0015401
0.0014989
0.0014748
0.0013654
0.0010863
0.0007452
0.0004982
0.0004861
0.0007578
0.0011913
0.0015293
0.0016635
0.0017332
0.0018614
0.0020288
0.0021377
0.0021124
0.0018824
0.0014372
0.0008506
0.0002523
-0.0002937
-0.0008841
-0.0015337
-0.0022038
-0.0028179
-0.0032519
-0.0034764
-0.0034386
-0.0031157
-0.0025850
-0.0019770
-0.0014070
-0.0008802
-0.0003767
0.0000988
0.0004631
0.0006337
0.0006487
0.0006236
0.0006435
0.0006851
0.0007148
0.0007237
0.0007270
0.0007954
0.0009929
0.0012506
0.0014594
0.0015684
0.0015694
0.0015228
0.0014710
0.0014230
0.0014167
0.0014603
0.0014559
0.0013137
0.0010366
0.0008077
0.0008408
0.0011079
0.0014040
0.0014990
0.0013374
0.0010090
0.0006062
0.0002103
-0.0001386
-0.0004735
-0.0008215
-0.0011223
-0.0013173
-0.0014061
-0.0014225
-0.0013937
-0.0013138
-0.0012081
-0.0011104
-0.0009404
-0.0006155
-0.0001911
0.0002370
0.0005803
0.0008239
0.0010490
0.0012532
0.0013538
0.0013263
0.0012140
0.0010999
0.0010378
0.0010645
0.0012219
0.0015134
0.0019034
0.0023239
0.0027833
0.0032829
0.0037326
0.0041085
0.0043820
0.0045163
0.0045267
0.0043476
0.0039458
0.0034263
0.0028903
0.0023663
0.0018448
0.0013217
0.0007982
0.0002882
-0.0001373
-0.0003907
-0.0004622
-0.0003818
-0.0001755
0.0000569
0.0001794
0.0001729
0.0001140
0.0000576
-0.0000293
-0.0001960
-0.0003778
-0.0004775
-0.0005001
-0.0004788
-0.0003756
-0.0001458
0.0002049
0.0006484
0.0011615
0.0016571
0.0020332
0.0022762
0.0023588
0.0022596
0.0020553
0.0018252
0.0015782
0.0013506
0.0011969
0.0010733
0.0009011
0.0007010
0.0005574
0.0004975
0.0004911
0.0004951
0.0004818
0.0004468
0.0003770
0.0002522
0.0000807
-0.0001012
-0.0002797
-0.0004743
-0.0006932
-0.0008926
-0.0010103
-0.0010335
-0.0010005
-0.0009542
-0.0008786
-0.0007409
-0.0005540
-0.0003499
-0.0001638
-0.0000042
0.0001460
0.0002744
0.0003470
0.0003682
0.0003898
0.0004505
0.0005389
0.0006226
0.0006684
0.0006683
0.0006431
0.0006079
0.0005616
0.0005097
0.0004627
0.0004094
0.0003388
0.0002671
0.0002061
0.0001261
0.0000127
-0.0001009
-0.0001821
-0.0002043
-0.0001512
-0.0000471
0.0000535
0.0001029
0.0000916
0.0000855
0.0001366
0.0002114
0.0002689
0.0002913
0.0002916
0.0002840
0.0002691
0.0002605
0.0002544
0.0002426
0.0002289
0.0002067
0.0001667
0.0001182
0.0000610
-0.0000077
-0.0000653
-0.0000957
-0.0001106
-0.0001439
-0.0002161
-0.0003087
-0.0003945
-0.0004678
-0.0005331
-0.0006001
-0.0006703
-0.0007180
-0.0007268
-0.0006980
-0.0006313
-0.0005477
-0.0004776
-0.0004234
-0.0003797
-0.0003524
-0.0003537
-0.0003860
-0.0004207
-0.0004340
-0.0004302
-0.0004200
-0.0004108
-0.0004036
-0.0003977
-0.0003923
-0.0003870
-0.0003833
-0.0003764
-0.0003657
-0.0003500
-0.0003174
-0.0002674
-0.0002239
-0.0002051
-0.0002034
-0.0002087
-0.0002080
-0.0001825
-0.0001410
-0.0001116
-0.0001065
-0.0001194
-0.0001372
-0.0001488
-0.0001507
-0.0001427
-0.0001290
-0.0001197
-0.0001199
-0.0001317
-0.0001533
-0.0001811
-0.0002127
-0.0002440
-0.0002745
-0.0003026
-0.0003199
-0.0003219
-0.0003141
-0.0003024
-0.0002900
-0.0002823
-0.0002791
-0.0002783
-0.0002830
-0.0002859
-0.0002800
-0.0002663
-0.0002449
-0.0002229
-0.0002051
-0.0001892
-0.0001759
-0.0001673
-0.0001672
-0.0001720
-0.0001737
-0.0001724
-0.0001686
-0.0001621
-0.0001533
-0.0001399
-0.0001238
-0.0001058
-0.0000847
-0.0000618
-0.0000413
-0.0000252
-0.0000109
0.0000041
0.0000195
0.0000335
0.0000453
0.0000548
0.0000602
0.0000604
0.0000576
0.0000535
0.0000482
0.0000419
0.0000351
0.0000267
0.0000165
0.0000083
0.0000034
0.0000009
-0.0000026
-0.0000082
-0.0000142
-0.0000200
-0.0000222
-0.0000214
-0.0000212
-0.0000221
-0.0000236
-0.0000254
-0.0000265
-0.0000264
-0.0000252
-0.0000236
-0.0000224
-0.0000227
-0.0000244
-0.0000255
-0.0000259
-0.0000261
-0.0000260
-0.0000257
-0.0000264
-0.0000279
-0.0000285
-0.0000285
-0.0000284
-0.0000278
-0.0000272
-0.0000248
-0.0000203
-0.0000164
-0.0000133
-0.0000101
-0.0000066
-0.0000035
-0.0000010
0.0000007
0.0000019
0.0000030
0.0000039
0.0000040
0.0000037
0.0000037
0.0000039
0.0000042
0.0000045
0.0000046
0.0000050
0.0000057
0.0000067
0.0000074
0.0000075
0.0000078
0.0000086
0.0000091
0.0000094
0.0000095
0.0000097
0.0000102
0.0000108
0.0000114
0.0000125
0.0000135
0.0000142
0.0000147
0.0000154
0.0000162
0.0000168
0.0000174
0.0000179
0.0000184
0.0000188
0.0000193
0.0000198
0.0000203
0.0000207
0.0000211
0.0000216
0.0000220
0.0000225
0.0000229
0.0000232
0.0000235
0.0000239
0.0000242
0.0000245
0.0000248
0.0000252
0.0000255
0.0000258
0.0000261
0.0000264
0.0000267
0.0000270
0.0000272
0.0000275
0.0000278
0.0000281
0.0000284
0.0000286
0.0000289
0.0000292
0.0000295
0.0000298
